93.384
93.674
91.685
90.526
92.284
96.015
90.542
92.951
96.913
97.635
91.982
92.930
91.649
96.772
94.397
96.165
92.660
91.416
97.712
91.565
88.993
94.684
94.462
90.678
95.651
97.704
93.335
89.569
96.237
88.864
79.996
75.954
83.472
92.306
85.961
83.639
93.429
96.602
91.287
94.038
91.539
91.190
93.956
91.944
96.705
87.967
88.846
97.746
91.616
80.734
95.676
93.416
92.870
84.885
78.458
94.674
76.904
88.762
96.949
93.196
92.326
89.098
94.586
92.349
94.203
92.599
94.811
94.683
96.847
91.663
94.246
93.728
90.643
94.389
97.209
95.801
89.971
87.572
95.989
93.846
93.169
83.022
85.444
92.555
97.570
96.270
94.625
94.303
94.604
96.903
90.069
94.924
93.947
75.550
92.985
98.362
90.087
91.749
89.124
88.965
83.394
92.771
90.016
96.325
95.539
96.635
89.892
98.088
96.689
95.573
91.978
94.422
93.589
97.062
87.248
94.926
86.505
95.668
95.925
90.637
91.863
85.424
96.255
89.950
83.087
86.645
93.745
91.335
97.584
95.843
76.920
95.770
97.736
97.474
94.585
93.900
90.008
96.228
95.800
95.229
95.284
90.241
94.385
92.345
94.232
96.091
94.768
82.625
82.896
96.031
83.879
94.840
91.578
93.619
95.786
96.425
96.084
96.170
94.234
95.694
97.770
88.900
97.395
90.005
80.440
89.456
96.737
96.420
96.578
96.034
94.005
91.969
92.405
92.087
90.168
95.879
92.121
88.427
94.644
94.865
97.163
84.768
96.816
97.587
95.035
97.259
88.528
96.424
91.280
97.069
95.128
95.552
97.902
95.022
79.240
93.379
92.008
91.916
95.823
96.105
93.660
88.215
85.701
93.993
85.144
93.552
95.903
92.948
94.543
93.757
91.759
95.209
90.702
97.767
90.902
96.720
94.988
98.014
95.285
