75.119
90.999
76.620
73.418
91.429
85.200
96.880
92.817
75.882
88.657
88.251
80.865
83.410
87.789
71.316
81.938
81.498
82.038
87.133
76.963
85.484
90.392
96.306
84.299
92.265
86.746
91.719
93.072
82.749
86.760
94.276
92.408
80.232
84.678
97.705
74.280
81.969
75.246
83.578
91.066
92.565
92.770
90.931
82.297
93.550
91.749
94.972
90.461
79.248
87.781
95.819
76.063
95.486
93.457
93.040
86.168
75.430
86.665
73.506
73.344
94.483
88.951
77.931
83.330
92.086
81.726
84.422
92.200
78.907
93.332
90.738
82.230
90.849
73.092
86.125
95.104
95.749
93.437
85.793
97.287
97.150
72.050
82.328
77.150
86.157
93.760
91.042
84.138
70.953
86.490
94.404
93.134
86.525
74.260
96.450
79.899
95.047
73.995
81.567
72.904
76.961
94.764
89.563
82.016
88.590
78.730
81.570
85.877
76.308
86.129
90.343
79.866
90.177
78.300
77.945
96.125
87.569
87.624
91.680
96.433
88.113
80.096
91.045
81.602
92.724
97.430
75.976
82.121
75.816
91.466
93.096
86.662
71.374
77.292
81.612
80.977
81.771
87.629
96.600
86.126
88.717
80.156
92.362
86.719
89.719
88.628
95.668
94.802
83.415
81.607
91.971
78.920
86.567
75.209
83.867
75.992
85.034
74.383
75.037
94.316
95.920
89.978
95.414
95.418
95.440
94.541
94.850
81.540
82.222
96.553
96.537
81.602
89.838
92.864
87.690
70.823
93.917
87.737
94.366
81.988
83.433
90.896
76.769
89.812
90.138
85.440
73.241
94.266
94.234
90.179
94.585
95.545
94.924
84.752
82.731
97.336
96.744
93.102
96.073
75.686
85.984
72.317
83.004
91.799
75.549
81.412
90.498
75.299
94.844
93.233
96.698
86.118
88.568
95.816
85.808
78.326
86.680
88.976
76.010
91.881
90.514
94.791
92.859
89.929
80.965
77.166
97.278
81.959
91.070
89.917
92.069
90.423
92.197
93.291
86.897
85.536
91.245
87.914
85.842
78.433
83.002
89.772
82.893
84.559
95.314
93.872
95.735
94.184
75.937
71.926
92.393
90.866
93.825
94.177
81.762
90.973
78.049
84.689
91.445
82.280
88.629
94.718
77.787
90.592
88.399
74.938
87.316
84.243
73.924
95.348
86.422
94.580
94.977
76.952
92.250
90.583
81.421
95.639
78.450
89.709
78.135
93.428
73.610
97.780
79.375
74.223
93.912
89.118
83.061
90.320
75.500
90.354
92.504
95.356
82.373
91.183
96.123
94.490
94.332
90.393
77.650
93.178
90.319
84.751
74.017
89.237
89.465
79.323
79.390
94.681
81.420
86.828
91.293
88.674
89.453
97.739
78.032
91.982
93.239
86.398
92.014
91.559
77.023
92.739
80.886
91.376
96.436
95.252
91.174
76.695
95.531
75.283
87.269
81.409
95.385
85.754
89.393
82.092
95.494
79.180
97.061
90.132
71.400
81.141
87.027
85.009
96.934
95.465
81.387
72.411
81.656
77.647
