70.169
70.387
71.821
70.659
73.136
71.701
70.122
76.246
83.088
75.440
71.718
80.755
70.315
84.362
77.791
85.590
87.677
72.305
90.159
83.810
93.805
81.550
86.304
82.668
88.261
85.816
90.360
72.733
81.986
86.308
79.548
89.879
76.212
76.134
77.837
78.974
73.797
84.944
86.775
78.654
95.288
83.065
75.925
75.305
79.450
90.417
89.986
90.112
87.634
78.900
82.656
75.172
78.681
70.265
71.552
81.809
92.225
89.366
80.161
78.889
80.007
70.180
71.903
84.503
77.019
76.321
78.416
80.041
84.415
71.184
76.819
73.656
74.921
83.393
89.948
79.412
88.871
87.555
98.143
77.619
77.637
77.331
71.391
92.607
72.206
95.964
75.265
70.490
88.988
79.299
72.566
74.715
90.330
76.664
72.783
74.053
75.591
82.305
82.846
88.640
80.497
70.974
93.105
90.284
92.408
73.539
78.663
79.752
73.329
94.878
73.595
80.275
87.678
72.499
85.086
80.763
80.548
78.358
74.347
71.365
79.246
71.477
81.839
74.456
80.112
77.286
79.042
85.758
89.778
87.331
70.807
73.908
84.826
89.837
93.617
76.550
73.382
74.545
79.972
87.477
78.775
88.427
94.138
77.306
77.262
75.710
77.253
70.892
84.405
94.389
77.650
88.665
93.037
78.014
89.324
71.504
74.037
78.052
80.052
83.569
76.535
70.643
92.883
71.500
81.498
79.546
77.469
81.437
89.796
76.017
70.403
74.410
71.897
84.879
70.337
74.856
73.495
70.480
81.096
78.027
74.187
77.499
78.628
92.759
75.020
74.434
74.339
73.252
77.371
91.921
73.547
78.505
84.740
85.436
85.448
75.497
71.491
81.342
71.657
72.818
92.672
92.607
83.476
80.123
85.478
83.400
75.052
80.305
72.950
88.651
77.124
82.895
90.886
70.229
72.940
77.387
78.906
77.035
71.233
74.365
95.705
72.986
81.682
81.215
73.243
90.205
87.270
93.462
72.255
89.546
70.715
89.479
89.194
72.231
89.384
75.062
72.052
70.203
82.239
78.900
71.870
80.706
84.529
78.611
70.545
80.217
86.708
72.677
84.456
76.999
74.365
71.618
70.360
77.184
73.791
73.135
75.265
88.805
82.588
96.129
75.094
88.720
78.199
75.304
80.873
89.944
92.413
71.604
78.851
83.566
88.475
89.433
90.115
81.258
83.874
72.515
72.127
72.746
79.181
78.297
82.120
70.906
86.772
70.956
76.797
79.777
81.508
90.092
74.230
79.783
77.679
70.528
73.433
70.504
86.321
70.423
93.192
90.513
79.006
81.731
81.732
78.314
91.272
79.538
89.816
70.624
81.678
81.268
91.800
89.513
74.433
85.122
80.633
74.476
70.232
80.805
87.320
91.383
94.285
93.238
94.474
78.027
77.322
76.702
82.051
77.259
79.789
80.426
73.094
83.661
88.558
79.308
83.260
71.543
79.170
75.453
87.946
93.993
74.827
79.820
81.760
74.838
76.575
78.019
77.780
77.825
72.189
89.910
83.366
88.639
83.373
86.656
93.865
76.157
70.295
89.908
74.321
73.554
70.113
73.639
74.106
79.063
96.066
92.726
73.002
73.730
73.906
76.859
85.098
72.239
71.293
70.710
71.353
81.513
91.209
74.430
88.573
88.394
85.529
83.796
85.264
93.720
78.942
84.554
81.212
79.629
76.133
71.629
73.170
81.616
84.765
93.218
79.335
77.379
74.309
71.155
80.281
72.952
71.759
72.630
73.771
73.007
85.188
86.155
77.298
78.025
84.382
71.353
88.758
74.246
80.500
78.979
74.522
71.283
95.036
76.017
70.496
86.933
82.528
70.644
71.255
83.737
78.291
92.360
83.585
72.036
70.034
87.496
70.202
79.189
76.357
70.182
80.538
70.154
85.549
73.934
73.802
79.544
74.957
73.529
83.173
87.294
72.193
79.831
70.873
78.725
86.498
80.333
76.862
93.095
70.622
90.430
82.625
84.297
80.881
80.519
80.013
73.787
80.251
79.885
78.199
86.620
80.522
96.400
74.904
71.290
93.712
84.053
75.545
76.476
93.350
97.473
72.526
78.619
84.846
76.267
88.039
83.957
79.374
71.546
79.905
78.070
83.459
81.955
80.670
91.152
90.150
89.117
76.724
77.169
77.300
82.691
93.854
91.306
86.016
71.384
90.087
78.665
78.503
75.926
75.355
81.069
70.295
75.908
85.602
73.347
70.240
72.112
83.331
78.635
78.137
73.360
79.657
74.212
80.723
73.914
75.445
74.379
89.147
95.493
71.205
87.077
72.876
86.525
92.610
85.585
78.819
83.090
74.800
76.592
70.742
71.765
82.127
83.516
76.081
89.877
89.526
79.561
72.067
87.733
85.551
78.954
70.849
70.987
89.488
75.264
82.309
92.991
83.957
81.377
73.518
88.396
84.723
74.635
87.319
87.854
71.512
86.762
80.218
76.064
85.831
77.072
84.677
76.319
90.902
77.079
78.812
70.874
78.628
71.123
92.130
75.547
70.582
90.931
70.749
75.338
76.502
88.596
88.858
70.463
84.404
80.541
71.715
72.351
72.367
79.241
82.112
85.878
79.616
75.298
75.073
90.342
78.765
89.445
73.028
71.760
74.633
76.651
92.316
92.156
92.804
93.117
88.328
80.078
73.553
77.035
85.522
88.637
79.689
78.332
93.406
71.939
81.303
72.109
71.571
89.277
93.221
70.033
90.245
90.257
78.588
81.935
70.719
82.892
71.493
73.764
79.141
90.396
82.539
78.335
85.556
72.033
74.228
87.683
93.036
89.430
72.583
73.737
77.205
96.082
79.424
96.834
73.383
82.700
71.193
95.027
80.925
80.763
80.686
92.147
76.686
77.399
93.072
79.028
82.551
84.262
85.937
86.683
85.424
72.920
91.787
91.999
91.866
91.799
91.978
73.270
83.956
81.838
87.617
96.446
78.151
74.360
82.084
79.537
71.165
83.756
90.147
83.288
85.197
81.334
83.905
71.522
90.544
89.187
84.227
77.434
70.928
76.099
91.833
86.598
72.947
96.034
89.048
83.364
71.577
70.786
81.903
77.185
92.838
72.514
76.647
80.670
85.763
81.738
74.881
82.469
95.907
78.324
89.589
94.273
95.130
92.545
86.812
78.272
81.458
89.225
79.376
84.132
74.291
72.164
74.167
75.344
77.680
78.310
92.993
71.615
82.312
73.719
80.898
74.819
90.061
78.430
89.486
84.965
86.906
74.690
93.609
86.977
74.157
92.798
73.834
73.808
70.910
76.565
93.305
82.933
91.951
71.228
80.537
74.103
85.995
71.949
91.894
83.922
80.571
92.433
83.534
79.880
71.579
79.474
72.406
79.244
71.929
89.140
73.821
73.806
92.568
76.400
77.118
85.958
85.335
91.393
89.644
83.213
79.319
90.839
75.890
77.551
78.858
80.145
79.075
77.848
73.558
73.329
77.266
76.392
95.727
93.326
77.890
86.331
75.317
77.908
92.795
88.642
76.869
70.769
92.667
74.221
91.256
88.954
77.677
88.119
77.859
77.473
75.741
84.624
74.052
90.427
77.125
75.134
84.829
95.329
78.792
81.831
70.844
72.725
70.414
95.638
96.287
96.078
78.548
94.252
94.270
76.784
95.498
73.822
91.462
82.529
70.977
87.623
86.951
75.035
72.315
84.992
74.800
83.303
82.938
87.309
83.192
85.990
92.128
79.479
78.758
76.509
87.329
86.711
81.743
95.223
74.562
71.790
71.834
87.615
87.789
77.477
76.106
83.394
83.195
90.843
94.158
78.223
71.480
82.152
73.132
71.069
85.936
90.302
74.054
83.513
86.122
72.596
71.555
83.361
77.023
86.682
76.776
92.893
76.847
87.485
86.874
83.052
76.305
84.516
85.748
74.612
74.105
87.465
76.216
91.274
87.752
80.240
83.595
87.031
81.237
85.212
85.928
85.299
79.073
85.195
82.617
78.981
77.493
86.233
84.906
86.628
89.441
87.458
82.946
78.712
71.318
73.522
74.968
86.771
73.703
74.105
72.966
90.496
77.326
72.565
91.051
85.973
90.425
70.349
83.431
71.484
86.013
85.791
83.854
84.653
75.742
77.157
79.283
71.341
77.912
76.324
77.751
79.689
71.788
71.822
80.444
88.902
75.865
77.474
87.667
93.592
93.112
81.591
95.056
87.154
71.638
91.094
92.359
91.236
85.034
94.126
81.178
83.621
85.293
79.633
73.980
74.765
76.342
73.709
75.005
82.512
91.056
72.406
73.761
85.843
72.741
73.143
78.877
84.297
81.337
75.470
71.301
72.115
85.784
71.415
72.083
73.588
96.512
76.867
71.843
83.049
85.526
86.656
94.126
71.449
88.459
75.312
89.439
72.526
89.084
91.057
72.038
85.769
70.500
80.659
71.569
75.430
85.607
74.556
75.344
72.433
74.144
79.819
72.563
90.835
77.397
83.443
85.095
84.224
85.100
92.933
70.630
93.989
93.300
91.940
93.638
81.382
78.767
83.038
74.829
75.581
71.923
77.059
89.001
83.293
93.623
89.728
94.953
93.288
76.912
70.816
73.064
95.734
72.522
91.173
93.644
78.641
87.026
76.544
80.179
83.808
76.175
89.827
88.396
87.172
82.607
85.367
86.341
81.314
89.867
75.555
93.987
77.969
91.733
75.255
79.155
93.004
70.127
92.025
94.554
81.229
94.265
77.984
70.827
81.891
78.825
76.788
89.054
80.827
94.805
92.677
80.206
70.467
90.891
91.409
93.525
86.335
76.631
76.168
82.686
84.585
79.065
84.466
88.156
79.490
81.496
86.270
75.242
84.774
79.097
93.094
76.614
92.578
73.065
88.513
80.040
70.805
83.013
91.171
95.498
93.346
76.788
85.877
79.299
70.508
82.071
83.426
90.477
95.077
77.225
87.139
71.743
89.749
78.718
77.440
90.725
74.650
96.827
77.390
94.341
70.609
76.360
89.360
73.162
77.701
73.858
71.937
75.222
80.166
94.049
90.759
74.124
77.487
85.183
88.768
81.622
90.492
80.292
75.703
75.522
85.895
89.835
77.882
73.453
70.857
87.537
80.444
85.710
80.356
72.200
84.053
84.303
85.746
92.036
83.339
75.853
84.823
94.121
94.504
86.396
71.237
71.606
71.775
91.350
70.981
76.842
78.778
96.236
90.876
72.338
82.353
78.033
76.779
79.273
78.295
90.875
93.179
86.735
70.358
89.318
73.082
83.358
82.052
86.882
75.077
95.509
82.179
93.804
85.599
91.002
92.846
86.339
89.998
72.615
94.975
81.058
71.693
89.553
82.494
90.516
77.227
74.474
80.671
72.747
93.509
87.857
93.665
89.736
93.955
84.065
90.503
86.448
91.417
93.233
73.080
70.564
76.582
73.538
82.167
95.639
86.274
93.636
84.743
89.378
93.833
77.129
78.413
79.170
72.420
86.680
79.559
81.437
92.349
89.588
74.595
93.003
72.583
79.502
73.373
76.742
79.322
93.411
82.912
92.910
81.349
89.607
78.645
73.919
74.181
88.066
94.632
72.054
94.073
82.878
84.733
75.814
71.271
71.200
85.996
91.953
91.468
84.507
74.557
91.964
84.172
78.908
94.906
77.864
79.187
72.008
97.974
82.649
94.259
94.102
70.867
86.786
86.008
91.642
78.058
89.535
74.045
93.765
87.672
85.879
79.593
87.295
71.011
73.943
96.131
71.672
82.566
88.908
75.463
71.308
79.633
74.427
92.649
94.729
73.580
90.787
87.456
87.670
74.858
82.695
78.012
80.523
81.942
86.948
91.733
70.096
75.316
71.986
81.040
73.079
71.885
92.995
85.757
86.164
76.560
71.801
70.205
74.921
84.727
86.572
93.374
92.088
92.848
83.440
74.190
79.096
95.218
86.958
73.216
90.709
72.190
78.307
80.306
85.990
88.174
79.779
70.314
89.731
76.920
74.689
82.139
90.959
89.021
90.337
78.323
76.261
89.840
89.913
78.612
83.914
84.617
70.467
92.234
77.769
75.861
77.673
70.577
95.007
90.933
88.935
84.205
78.175
72.906
74.809
91.919
80.029
72.938
82.158
74.675
75.574
95.675
71.032
75.615
92.219
70.708
76.678
79.812
76.971
93.994
93.001
82.317
93.943
75.089
76.427
89.813
83.732
92.589
93.957
78.222
77.977
79.095
80.688
85.077
80.153
95.642
84.797
73.435
87.149
92.019
72.769
79.232
80.287
82.616
74.097
86.749
72.118
86.299
79.183
95.947
95.526
71.510
92.720
91.821
71.823
74.094
73.232
72.582
88.048
73.189
75.999
72.356
70.111
77.081
85.950
80.371
75.397
88.675
74.779
77.121
92.682
91.925
85.738
70.352
77.450
92.272
80.977
76.448
71.479
70.412
92.301
92.809
92.329
77.210
84.484
92.886
94.225
86.363
87.495
93.649
85.849
95.942
74.379
96.135
83.879
78.351
74.758
95.499
78.145
71.210
90.787
92.400
78.052
74.842
86.155
85.279
95.597
81.830
79.594
79.074
83.278
71.926
78.544
81.216
92.913
91.487
72.582
78.358
92.892
72.747
77.331
81.882
83.629
71.580
80.582
91.745
84.754
83.256
72.460
77.706
80.832
81.529
91.747
77.032
84.772
93.200
94.384
88.192
85.072
91.806
78.760
94.570
96.138
96.604
84.582
92.227
88.794
77.687
79.362
73.869
76.619
92.652
73.171
92.738
91.362
85.851
78.059
89.603
87.164
72.320
70.744
84.954
78.776
77.477
74.496
85.848
83.125
82.793
77.393
81.190
78.419
75.195
73.952
97.092
85.378
74.228
91.962
72.391
95.480
92.039
93.771
83.430
87.668
90.180
72.001
78.220
93.592
76.537
92.820
88.990
72.111
76.273
72.694
78.950
79.331
79.992
94.296
76.853
77.359
76.926
89.308
71.929
79.613
94.212
76.840
94.774
83.437
76.254
79.662
75.507
78.540
72.681
94.900
79.203
76.593
80.181
78.367
70.004
72.208
90.593
95.481
85.901
89.456
92.780
74.249
74.152
85.235
80.095
90.368
79.661
89.977
80.037
80.252
95.120
81.477
93.490
95.234
91.914
84.938
72.772
73.944
80.165
91.962
81.718
72.329
83.127
96.783
90.508
72.674
85.933
73.810
94.356
93.428
93.853
77.145
89.960
72.319
71.490
82.697
93.560
93.907
73.765
70.475
88.928
84.936
93.891
94.135
74.297
78.723
76.584
72.714
79.826
73.286
90.699
94.562
76.979
70.924
83.567
93.102
82.366
90.835
80.216
90.512
92.648
81.487
83.612
73.862
94.145
93.793
93.758
94.256
73.725
70.708
85.535
87.260
80.840
71.769
79.445
79.938
90.263
86.471
93.622
85.365
70.605
81.315
72.010
93.852
94.006
86.274
72.221
97.868
70.568
75.503
71.604
76.395
80.680
70.388
74.976
81.878
82.169
71.516
87.538
72.276
75.893
81.035
75.285
72.798
93.183
86.581
78.967
70.622
77.608
76.180
77.048
93.780
81.628
83.111
89.238
79.573
85.203
84.029
86.722
92.406
92.901
91.898
93.366
72.524
74.229
75.760
83.957
80.674
89.398
73.194
76.515
76.957
72.192
72.571
87.549
82.346
70.922
78.529
73.092
81.116
79.581
73.449
92.027
95.120
91.047
70.310
81.272
90.368
73.051
94.968
80.874
94.148
74.704
75.517
80.649
86.878
92.735
80.042
92.108
92.512
95.407
93.787
82.954
85.375
91.731
93.031
86.815
96.951
96.184
89.865
70.682
86.459
88.806
86.064
85.891
93.665
93.830
91.671
91.785
92.131
78.177
91.991
94.284
76.226
93.488
91.916
84.611
91.948
92.253
91.247
92.645
92.512
75.542
75.156
94.030
78.150
78.907
86.604
86.004
89.302
73.576
73.270
86.942
94.214
85.350
74.145
95.721
86.371
73.711
85.272
95.427
95.038
74.933
79.356
80.102
90.085
92.557
93.136
90.056
90.198
93.515
90.764
91.107
91.696
91.279
95.245
94.977
94.334
89.665
95.374
94.022
94.480
93.094
94.570
93.649
93.842
92.894
94.153
92.163
89.703
89.282
88.963
80.722
80.700
92.299
84.597
81.171
94.098
89.740
90.780
96.120
