79.627
75.286
73.967
93.806
88.407
91.090
80.051
79.427
84.441
80.725
96.769
80.698
74.516
79.772
88.736
91.732
92.344
77.109
85.407
82.331
86.725
91.870
82.450
87.363
74.412
78.347
77.512
75.678
72.361
96.624
78.066
85.217
77.689
73.576
76.189
71.584
87.831
75.623
80.874
78.135
82.974
71.229
92.422
85.222
79.510
80.124
71.154
76.361
90.696
74.413
82.255
77.985
87.917
80.711
85.635
94.399
96.166
82.440
86.056
85.318
70.612
94.582
77.474
79.966
89.667
71.651
76.882
72.753
82.305
83.878
76.114
97.240
91.982
83.682
85.669
96.922
71.284
75.944
86.935
85.523
92.918
71.668
71.866
80.255
76.233
90.265
76.355
86.579
87.762
71.394
92.078
75.203
81.966
91.513
72.656
87.017
79.052
77.354
86.343
73.122
92.907
92.840
75.715
70.370
89.366
75.079
91.819
76.958
95.167
77.615
86.334
92.721
77.256
72.328
71.122
85.799
89.380
88.184
78.959
91.731
70.795
97.194
75.961
95.945
95.746
79.932
70.011
86.466
81.599
87.870
84.226
72.280
81.249
70.083
91.326
77.846
76.628
71.391
71.772
92.870
78.325
84.650
74.302
75.996
79.306
82.748
81.709
90.496
71.448
85.468
85.292
92.376
92.165
81.062
75.827
95.338
79.785
75.564
76.290
70.790
94.557
75.640
73.588
80.573
95.513
77.104
79.350
81.491
92.559
93.805
90.299
85.313
85.552
85.556
78.011
89.635
90.505
90.977
85.831
71.895
85.124
85.050
85.865
85.361
86.921
86.184
86.735
81.032
86.493
88.323
88.123
90.725
95.874
71.656
70.989
70.772
82.317
73.927
76.933
86.029
83.391
89.053
76.341
83.370
81.353
95.316
79.433
89.529
86.554
71.188
70.915
85.520
78.133
88.873
93.524
92.265
92.541
95.636
96.418
95.540
84.903
79.421
97.490
80.321
81.070
92.913
83.324
81.469
87.645
93.913
92.663
90.865
70.385
88.371
91.094
86.517
79.628
76.359
91.228
85.701
76.611
81.980
80.469
90.934
83.219
85.258
77.737
73.099
86.794
91.342
79.609
84.943
83.704
81.536
90.271
93.439
88.751
87.205
91.467
76.879
79.453
79.431
79.645
70.742
88.064
74.511
79.175
91.972
76.965
86.086
81.834
83.856
95.907
70.600
77.437
81.575
95.377
86.046
80.895
70.744
72.321
94.484
92.595
81.863
78.683
72.164
80.895
84.186
79.916
77.457
81.375
83.786
78.084
88.477
88.220
88.239
82.957
87.131
86.237
85.384
94.200
95.016
87.975
89.218
82.609
78.773
96.172
81.040
85.882
75.610
83.915
79.417
79.247
90.310
89.150
76.648
75.636
80.399
81.112
85.196
82.105
86.383
80.175
82.552
87.822
77.353
97.013
87.124
86.720
84.413
75.516
72.043
76.865
70.420
78.306
72.124
91.183
95.431
91.832
86.375
87.144
91.534
76.165
92.933
72.412
96.647
79.969
89.706
93.048
72.426
96.716
89.219
88.950
71.298
86.641
80.502
81.665
86.624
71.378
82.736
92.517
86.282
94.544
91.351
82.478
94.324
82.010
86.265
70.428
91.802
87.709
72.343
93.099
93.873
94.923
91.756
89.664
85.876
83.262
95.525
97.574
96.454
97.221
96.710
91.569
89.692
83.552
90.525
70.013
97.371
80.695
83.250
75.508
90.111
95.355
96.334
85.483
85.810
77.997
70.015
94.095
79.999
78.013
72.243
71.217
86.809
79.174
76.932
84.508
79.213
81.470
88.592
74.599
80.352
92.558
74.287
76.298
86.915
76.780
89.472
84.244
84.402
91.914
83.237
72.549
79.958
95.195
70.545
72.622
71.482
94.635
77.257
82.152
97.072
72.528
86.486
80.113
71.091
79.079
84.372
96.395
81.680
89.654
89.983
80.822
96.378
92.581
73.925
93.856
90.437
84.245
77.407
85.526
80.029
87.653
86.538
96.721
78.777
82.493
73.549
73.513
81.368
82.814
72.670
81.365
82.934
84.244
77.922
73.011
87.645
82.059
73.850
81.150
93.200
80.193
83.759
73.613
80.587
91.690
86.942
80.417
81.932
77.913
80.568
93.100
79.532
74.938
76.492
71.449
76.158
78.481
82.296
95.491
96.935
96.844
87.562
75.510
90.043
82.850
85.289
93.456
97.272
85.871
84.697
97.090
91.466
84.114
96.538
77.395
88.921
76.544
77.782
83.853
85.312
93.319
83.517
75.505
74.449
72.264
78.074
75.180
81.409
77.413
84.897
72.604
94.536
94.641
75.454
74.931
70.507
72.000
77.718
83.269
86.518
81.608
82.091
82.317
89.577
73.802
90.296
75.534
91.119
87.981
85.839
71.369
94.624
93.270
92.330
77.997
71.979
93.039
93.899
87.266
94.888
87.793
71.092
75.071
74.958
72.211
82.959
88.154
95.682
93.355
88.009
83.120
81.618
89.902
89.948
74.007
86.561
83.836
86.665
94.673
70.297
70.562
70.544
76.625
96.080
84.534
94.447
87.080
89.941
83.429
77.842
86.703
70.394
91.674
89.564
74.364
81.399
83.270
91.951
93.712
91.638
83.124
77.975
86.548
90.891
87.050
83.048
91.454
80.245
84.969
95.558
82.263
75.378
87.143
86.086
84.999
89.030
86.830
85.505
75.028
74.791
91.229
90.791
89.732
70.327
75.210
82.594
83.651
84.045
90.043
91.000
81.575
71.791
71.469
84.114
85.917
84.420
80.260
72.258
89.909
89.520
85.795
70.756
90.037
83.228
79.683
76.025
82.717
80.078
84.361
90.811
79.243
92.110
80.998
92.134
81.815
95.644
83.963
91.062
74.260
91.456
88.917
77.231
78.989
91.927
83.499
71.767
81.294
76.263
79.974
94.993
95.767
96.400
87.223
82.879
81.115
82.114
76.773
70.314
91.381
77.509
83.881
83.223
80.701
75.469
71.701
80.358
70.270
93.446
90.994
89.071
78.287
88.527
77.094
74.076
78.351
70.721
91.651
79.704
82.138
96.329
72.886
78.923
93.580
89.954
89.459
79.607
80.584
74.702
95.469
88.400
82.118
83.650
83.671
75.248
76.326
87.910
86.413
91.693
90.633
84.613
96.893
94.625
75.827
81.811
75.121
73.994
96.371
90.716
93.551
93.161
91.756
78.830
73.611
73.142
96.654
96.327
73.002
82.320
81.234
85.116
72.544
89.709
82.449
74.750
90.237
82.171
95.143
72.379
71.636
70.059
78.360
72.214
84.674
79.664
87.875
83.089
86.221
79.912
94.302
94.053
70.341
86.313
93.950
71.296
74.822
74.088
88.032
85.643
79.165
84.237
90.700
83.791
79.569
93.324
89.776
78.267
81.207
80.300
83.234
82.826
84.500
82.947
93.826
77.750
84.743
84.385
91.449
88.324
89.608
87.923
70.273
90.371
84.234
86.266
82.680
83.595
71.150
83.570
97.455
92.452
86.296
93.460
92.717
96.289
96.919
84.600
85.508
77.112
86.042
90.954
75.457
96.519
89.555
78.237
71.637
95.655
84.091
82.647
92.049
80.829
72.147
91.407
73.478
83.719
80.115
85.492
85.134
82.380
73.101
97.070
76.056
86.693
83.824
73.277
84.951
91.679
75.994
77.205
83.296
80.374
78.106
73.551
72.656
71.097
83.931
78.518
94.893
91.977
77.180
72.777
91.458
74.746
78.027
71.109
88.883
84.451
83.216
94.566
87.964
71.572
84.263
85.798
83.346
84.475
89.444
74.132
77.681
92.962
74.019
83.251
75.591
72.655
81.563
84.585
89.633
76.305
74.109
93.637
79.541
72.574
89.469
79.406
91.013
81.061
95.532
89.390
79.557
82.989
73.081
92.595
70.894
76.723
97.225
76.786
78.605
96.794
73.483
70.374
78.536
74.528
92.724
72.488
83.177
72.940
75.156
95.334
72.488
77.662
78.710
88.469
85.166
79.647
73.753
76.338
79.552
79.828
86.362
81.926
88.012
92.147
77.871
78.093
76.868
74.632
79.387
73.158
72.812
89.081
86.835
84.645
79.094
87.024
77.651
90.434
76.645
81.010
76.884
85.192
71.184
84.527
74.677
84.164
78.989
95.193
83.498
80.620
81.160
71.665
84.675
85.527
80.326
85.789
84.711
80.103
88.014
79.999
89.956
80.864
84.447
84.746
84.773
78.528
93.740
75.344
89.817
79.682
97.270
97.746
89.067
80.423
92.669
75.869
81.642
85.583
84.222
96.255
87.593
83.211
83.008
87.449
72.980
91.735
87.542
86.511
72.313
74.101
79.425
74.024
83.882
81.411
75.499
72.677
91.205
86.478
70.916
74.040
90.394
79.734
74.901
90.579
84.192
81.963
72.770
81.520
88.425
90.270
85.072
73.529
75.870
85.266
97.611
91.364
72.448
84.965
91.664
85.188
78.061
80.162
88.353
87.687
92.727
