85.152
72.647
90.544
82.783
87.240
80.318
91.043
88.690
92.082
70.478
95.123
77.645
83.151
90.611
86.524
83.572
93.058
73.335
77.155
93.754
74.510
83.046
85.202
84.009
87.317
83.687
95.230
73.653
76.774
88.325
90.706
90.435
82.024
77.899
91.886
77.073
90.367
77.089
70.379
87.055
73.546
75.954
90.323
90.969
75.870
87.751
82.566
77.822
77.563
81.332
84.708
76.105
86.653
77.577
86.908
73.268
84.642
79.705
85.591
84.613
84.050
71.680
84.220
87.517
94.466
90.337
89.185
90.751
89.202
89.613
84.947
73.012
89.912
87.876
86.549
88.481
89.732
90.739
88.642
89.585
87.796
73.409
76.102
79.852
80.099
72.164
94.553
70.355
83.472
90.153
97.420
85.218
91.269
89.428
85.158
95.922
89.348
85.988
77.008
82.657
87.492
95.443
88.667
78.341
97.511
95.323
96.685
89.917
71.115
89.346
92.078
89.486
89.354
94.768
92.798
92.964
88.245
93.259
93.371
92.999
97.132
84.397
93.227
89.472
90.744
93.762
97.457
81.802
94.906
92.951
94.874
89.122
85.010
90.865
90.415
80.075
80.424
89.587
80.895
73.933
96.627
91.662
83.865
92.879
75.388
94.421
85.276
92.490
89.210
82.277
88.492
89.627
70.548
96.998
83.041
80.516
74.006
92.240
84.622
93.154
96.326
76.813
71.035
82.768
88.897
88.872
73.607
87.329
71.298
86.485
85.422
94.184
91.638
91.028
87.234
97.053
71.269
80.601
87.435
96.410
76.874
86.945
76.430
92.071
97.605
91.036
96.694
81.738
87.797
73.099
88.806
87.927
77.175
76.110
92.641
89.733
90.517
87.973
86.507
95.774
85.534
75.597
88.917
87.701
86.593
86.983
86.057
85.047
86.872
71.896
84.908
91.079
82.383
90.021
88.031
88.331
76.046
91.379
83.354
75.310
74.730
75.200
76.805
84.278
84.853
81.201
82.047
88.218
84.130
82.344
79.009
81.173
82.126
90.032
84.600
75.709
82.222
80.519
84.798
88.545
78.689
93.219
85.685
86.095
74.492
97.049
86.372
86.415
86.973
89.900
88.493
87.576
91.687
72.397
87.777
74.733
89.237
75.087
84.579
90.405
86.678
89.916
93.385
93.185
77.785
96.451
72.503
80.635
97.259
86.164
87.622
80.402
92.983
90.402
84.308
86.752
75.765
77.589
92.383
75.706
84.457
96.739
86.709
72.006
73.972
88.549
88.258
87.722
90.701
86.624
71.278
78.203
83.456
93.397
80.616
89.515
92.786
93.665
83.191
96.390
76.408
94.901
93.108
83.329
86.754
77.605
74.785
77.166
87.154
86.389
87.835
96.173
89.386
84.458
96.403
90.633
91.535
96.065
79.382
76.810
73.681
71.610
88.032
95.010
82.669
86.159
87.576
77.524
89.933
88.786
88.265
89.431
76.608
77.371
88.658
73.443
90.634
70.662
89.025
86.685
79.563
94.013
90.348
93.066
70.688
94.051
85.027
76.076
73.348
85.125
93.133
88.956
88.389
93.206
86.488
89.474
85.277
82.957
94.229
79.324
85.142
77.910
88.468
73.789
90.849
91.432
87.443
85.573
83.792
73.455
89.714
89.802
90.463
70.729
74.047
80.282
91.986
80.558
76.339
87.633
79.798
74.999
89.385
84.709
87.734
75.822
85.095
74.373
93.022
74.208
85.544
92.616
95.441
79.714
84.327
87.716
96.292
89.130
91.109
90.552
90.060
87.260
75.677
89.154
87.663
76.778
75.980
73.525
78.391
85.488
79.527
91.967
76.331
71.078
92.438
72.710
88.689
95.314
86.281
86.630
86.636
87.181
87.852
75.571
84.358
73.171
87.427
87.119
91.157
92.246
72.024
76.559
77.580
91.138
86.679
80.424
83.542
83.152
75.910
85.607
83.111
74.677
85.794
71.796
90.967
70.222
91.480
71.875
88.884
85.927
93.422
72.811
95.246
88.173
88.253
86.990
88.151
90.305
90.573
91.173
82.005
82.364
93.918
90.339
74.361
90.889
90.701
84.496
93.712
83.482
84.892
81.639
76.694
93.979
90.814
91.700
97.182
83.033
85.822
90.918
81.928
86.376
83.987
81.339
94.442
84.079
89.895
95.454
88.368
80.698
89.572
87.929
91.936
93.910
89.393
92.194
86.645
89.870
89.284
80.951
75.780
90.107
89.353
90.412
84.638
90.107
78.013
82.207
78.571
91.413
85.200
83.857
93.664
88.864
76.490
79.167
79.739
87.373
88.051
79.805
87.561
83.711
84.795
96.096
89.761
90.369
74.831
89.053
92.376
94.347
96.143
84.128
88.869
85.150
90.796
94.738
70.121
76.069
76.183
87.089
85.254
88.895
90.928
89.781
90.959
73.319
92.432
92.264
93.926
86.549
76.218
96.968
95.155
74.909
85.259
76.358
84.543
86.861
87.499
78.177
80.960
93.591
91.625
84.557
92.014
87.801
84.320
85.871
91.237
91.240
72.076
92.346
75.057
86.275
83.452
87.843
78.781
85.829
88.985
88.839
88.329
86.411
86.669
87.371
89.656
92.658
92.087
78.524
73.810
89.714
78.610
90.245
89.809
87.400
90.972
71.706
86.678
96.962
90.070
90.958
89.913
91.131
83.844
88.964
89.041
86.060
84.723
80.945
78.438
77.570
76.498
73.143
86.678
86.987
84.814
93.328
82.541
92.832
91.070
88.681
96.397
96.074
94.687
93.748
88.836
87.520
86.360
76.147
97.627
71.165
81.487
82.382
86.200
79.786
88.187
85.746
86.008
86.891
77.189
74.046
71.451
91.639
77.937
86.116
91.749
81.949
84.941
74.324
95.824
77.472
81.605
85.894
73.167
96.055
91.155
75.140
92.599
78.675
96.862
73.594
70.954
89.390
86.888
89.389
81.308
78.448
81.804
87.936
93.085
87.935
93.064
78.774
87.555
90.196
96.465
90.963
86.692
89.437
78.959
73.577
72.219
82.138
87.883
91.190
87.987
89.392
91.087
84.094
84.922
83.548
75.216
95.017
80.602
83.923
94.705
94.196
92.078
95.878
76.409
94.067
87.434
97.237
78.480
77.696
87.208
77.660
95.886
75.316
76.075
96.511
95.483
93.678
94.390
79.818
74.779
89.680
84.491
89.861
81.525
77.345
78.174
75.391
86.359
74.816
75.247
72.675
75.410
95.487
83.659
81.579
79.967
89.178
90.774
70.686
72.277
84.688
91.168
91.924
77.525
73.905
85.833
79.298
83.743
85.653
75.683
71.598
84.287
84.399
94.223
91.331
97.463
78.376
79.501
71.738
85.517
95.569
88.784
97.613
94.037
94.240
83.311
81.127
71.923
78.961
73.752
80.815
72.053
86.837
97.244
75.537
96.484
72.923
85.353
72.060
72.476
74.207
87.637
94.100
70.489
91.442
78.007
88.114
86.898
86.971
79.017
73.609
96.090
88.461
88.504
84.230
92.357
83.657
