81.035
73.930
83.149
84.106
78.447
89.474
82.540
83.429
79.366
90.676
87.804
85.070
80.704
97.539
87.790
88.539
82.933
79.211
86.322
86.374
83.410
81.960
91.826
82.999
74.870
80.914
84.452
72.717
91.725
80.680
92.463
87.612
94.346
74.157
83.485
81.575
84.776
81.834
89.063
95.719
95.751
95.302
95.581
79.457
75.396
89.095
70.463
87.989
91.093
78.784
80.800
80.010
75.127
90.399
91.072
87.412
85.915
73.930
74.906
83.494
86.365
89.931
84.416
86.066
85.766
84.103
70.511
80.454
70.075
91.250
90.076
93.590
80.343
92.893
79.928
77.792
80.586
75.553
85.075
90.161
88.562
78.469
82.587
90.687
88.503
71.253
76.124
78.550
74.451
74.442
86.321
94.508
78.731
94.444
88.613
81.829
83.574
83.838
77.560
75.657
74.832
96.142
85.409
75.425
74.730
81.105
88.783
92.525
86.687
75.129
78.890
94.834
86.111
77.714
77.740
78.594
78.038
92.925
83.293
95.828
95.794
82.789
81.350
87.805
89.706
87.421
93.825
83.234
82.154
71.930
77.782
81.765
73.830
73.038
91.641
88.838
90.751
78.704
86.711
95.824
86.358
85.528
80.076
84.854
76.964
89.209
83.132
76.369
78.171
90.932
83.399
83.913
87.378
84.299
93.626
74.578
96.679
92.534
89.528
83.274
89.635
71.601
80.773
90.554
70.607
80.193
86.265
80.718
93.648
73.934
87.809
84.303
84.145
82.632
73.600
85.087
92.558
82.828
71.951
95.930
96.675
73.918
77.141
72.234
87.374
92.940
84.940
90.189
84.685
78.148
93.330
74.095
82.263
78.936
82.735
82.457
88.054
82.136
76.657
84.987
85.694
75.018
85.732
87.412
91.758
89.162
87.662
83.866
93.235
82.634
87.340
89.750
86.813
91.620
81.702
94.444
82.894
71.761
85.639
91.614
81.811
77.117
79.280
70.859
91.047
80.323
83.011
88.954
80.392
88.937
78.237
89.991
92.083
81.952
81.664
84.279
93.418
73.793
78.527
89.969
84.964
87.200
83.874
76.428
87.628
87.854
90.388
83.789
85.986
82.805
82.164
97.285
84.863
85.099
88.802
89.672
86.798
83.616
82.111
81.131
85.623
78.464
86.245
73.096
95.029
73.670
93.718
80.995
89.784
74.219
94.896
89.918
86.566
95.996
91.270
94.053
85.719
84.870
85.562
71.559
75.635
72.489
89.089
94.749
85.439
95.962
85.760
87.857
74.904
80.365
81.588
89.206
92.818
85.557
89.124
70.061
81.930
86.471
82.402
77.858
77.525
88.225
87.826
79.441
72.908
88.663
93.590
84.244
95.515
84.895
82.074
73.071
95.562
80.690
79.539
73.016
75.870
84.239
74.010
77.995
89.563
76.072
88.995
89.942
75.354
85.186
90.296
87.693
84.843
71.317
88.020
77.852
70.246
89.447
85.387
86.844
84.033
71.109
91.212
86.309
84.568
90.956
71.494
80.038
87.248
82.695
87.801
86.883
76.096
91.160
73.244
79.615
88.467
74.817
77.213
88.834
95.612
87.437
93.024
71.652
88.917
86.632
87.423
90.692
81.161
86.226
72.770
72.629
90.490
84.050
80.074
84.140
79.825
96.332
75.088
96.930
84.321
84.768
93.873
94.918
86.056
89.773
87.762
85.408
86.885
89.185
71.601
79.467
90.154
76.262
82.516
91.678
82.641
93.766
96.275
78.834
79.170
76.636
92.734
87.740
78.314
92.516
89.415
72.881
78.720
79.710
84.819
92.854
74.080
87.787
93.434
94.698
89.979
70.749
76.312
83.173
75.226
82.940
82.510
92.922
82.729
90.764
96.154
78.249
88.354
75.791
74.915
77.697
82.292
76.746
83.526
72.977
79.220
76.321
91.493
86.106
74.498
86.760
71.154
84.736
86.918
78.617
91.387
81.819
77.132
82.070
94.382
95.240
90.463
83.745
81.578
70.740
76.336
78.756
75.166
94.985
81.273
95.006
85.086
93.835
92.022
82.981
74.063
77.003
96.662
77.341
90.047
91.369
91.499
73.167
73.709
75.567
92.953
91.715
84.164
74.487
85.915
90.701
94.440
86.626
88.192
93.419
93.833
93.760
92.371
92.873
74.079
73.616
85.308
85.343
85.509
74.406
84.823
93.987
90.105
71.936
85.612
89.600
82.314
88.377
96.072
82.629
79.889
73.950
84.761
80.534
95.239
91.719
93.760
82.398
96.921
74.828
70.147
70.679
87.184
90.054
94.828
86.722
77.645
76.226
82.144
74.763
95.797
81.871
79.438
78.124
92.612
81.427
97.424
82.789
76.378
86.558
89.417
95.769
88.552
89.810
88.901
96.051
92.246
87.879
86.011
79.106
92.078
72.283
90.797
83.448
78.695
79.786
83.093
75.185
89.406
89.530
89.115
77.378
86.512
88.735
84.498
96.733
94.120
81.403
72.666
88.052
89.635
83.329
76.716
86.992
74.300
79.517
80.602
89.277
82.093
84.493
79.496
86.802
89.360
83.798
80.990
70.326
92.813
82.132
84.876
96.975
83.132
91.882
81.684
89.548
80.442
76.954
94.712
85.891
93.743
90.092
76.864
88.471
93.202
89.718
94.803
87.451
90.549
87.974
78.199
75.567
73.490
80.214
88.744
87.423
94.449
86.192
76.140
77.387
93.468
80.950
80.356
73.150
94.179
81.526
81.204
82.956
84.898
70.210
86.867
93.763
80.562
87.297
89.317
81.978
80.462
84.092
71.619
92.876
90.100
95.506
88.281
93.660
97.036
87.231
83.027
84.715
89.655
90.586
88.252
80.097
90.992
92.776
82.217
80.013
85.456
74.654
87.338
94.373
82.187
83.404
72.945
82.471
88.774
76.606
72.493
89.771
95.430
77.916
77.247
95.669
87.694
92.529
81.696
86.146
88.983
79.456
71.326
93.635
92.882
95.806
72.137
85.099
89.903
82.098
89.321
77.754
85.385
97.072
90.310
80.525
74.480
75.998
72.028
73.287
90.874
85.189
94.075
87.637
80.249
89.543
77.597
76.236
89.789
82.457
96.439
72.814
83.749
97.845
83.519
75.734
76.376
90.850
89.533
85.048
82.774
89.253
90.135
79.797
89.204
91.227
75.231
86.721
77.674
82.757
88.681
72.823
87.168
70.002
82.977
86.017
78.144
71.454
88.391
91.841
70.275
80.018
78.578
75.104
80.175
90.004
88.837
70.731
82.143
85.458
80.791
83.195
70.044
82.433
82.189
78.545
87.028
90.132
81.678
91.720
91.932
89.261
91.025
88.346
81.989
75.542
76.625
87.568
91.096
72.697
83.410
81.701
80.360
91.805
85.903
76.585
88.051
84.888
79.858
75.995
78.193
72.064
72.379
87.060
77.090
91.511
80.466
81.056
91.566
79.821
85.347
83.096
87.850
70.887
76.349
88.542
89.925
82.739
77.822
94.023
79.464
92.098
94.577
92.191
77.819
88.506
72.891
85.120
88.645
95.628
75.173
89.951
80.081
89.954
92.248
88.393
85.680
84.410
85.355
88.352
71.943
87.992
81.100
78.683
71.609
89.779
80.401
83.238
76.938
80.174
87.511
81.086
74.460
93.956
87.222
80.928
81.923
86.301
89.198
79.152
80.675
86.057
80.737
93.017
83.922
81.593
90.036
91.031
88.698
70.563
92.865
80.332
76.076
85.500
73.293
72.703
78.534
89.644
97.115
79.180
97.066
92.827
92.735
96.131
88.588
84.868
81.650
90.538
90.871
95.005
78.389
83.589
90.639
92.215
97.422
87.160
86.040
75.021
80.809
71.314
92.606
91.237
77.670
87.642
78.811
85.110
72.025
74.360
78.500
89.587
92.605
79.552
72.858
86.810
75.660
86.597
80.257
87.376
77.858
84.272
89.499
88.228
72.967
85.515
71.315
89.111
70.629
94.356
80.479
91.891
80.972
80.072
93.511
70.837
84.341
85.083
81.730
75.213
75.810
91.606
82.444
87.227
91.858
88.635
96.012
86.313
91.464
86.799
70.961
87.600
88.925
96.486
70.892
94.399
88.219
93.753
82.178
77.804
70.711
87.445
89.553
89.527
90.062
95.797
75.574
75.359
96.699
75.299
71.272
95.479
86.469
75.000
86.813
94.079
85.020
88.150
92.769
82.874
92.600
88.295
78.545
90.604
78.752
87.684
96.171
75.284
77.702
89.561
87.119
76.980
93.206
91.586
83.760
73.094
71.888
88.614
91.951
91.252
96.686
70.460
72.865
81.832
74.654
84.663
96.253
80.750
77.029
75.754
95.398
93.418
77.001
71.479
85.058
79.778
90.483
85.831
80.050
88.270
90.643
95.769
88.903
86.797
80.420
89.939
85.517
91.800
87.325
84.348
92.898
96.698
70.561
85.658
82.875
90.828
80.953
77.629
77.403
77.879
86.219
97.280
92.087
84.856
83.839
92.082
82.294
87.273
88.067
97.605
82.723
78.040
78.987
91.638
76.263
88.349
78.252
82.825
92.185
95.117
92.632
85.450
92.074
78.240
88.810
88.192
78.905
85.711
72.887
76.488
86.416
87.478
83.743
96.864
87.398
91.129
96.499
70.476
86.395
78.132
89.366
79.096
82.823
95.069
81.625
90.731
74.353
89.536
87.990
95.461
82.018
73.423
92.186
87.562
93.605
74.817
90.525
92.781
97.164
88.671
94.595
74.531
89.753
78.852
84.680
71.349
74.734
73.725
70.079
83.098
74.784
93.032
79.639
78.263
83.425
90.155
80.730
92.555
91.832
79.269
71.529
80.734
93.807
90.566
80.811
84.764
83.464
82.920
85.259
82.236
91.173
79.309
73.058
91.149
76.990
95.807
78.148
79.860
77.619
77.988
82.534
79.521
73.051
74.797
72.011
89.899
79.753
80.915
92.016
82.408
89.812
82.375
81.166
87.952
87.031
74.744
83.977
73.074
78.353
80.535
79.272
71.496
78.423
70.150
83.122
83.782
83.386
92.850
73.985
81.495
86.106
72.591
87.078
79.727
88.642
87.402
80.317
71.375
86.075
81.962
93.907
90.877
73.094
75.514
83.983
85.598
70.177
80.604
71.366
76.633
89.709
74.655
81.475
73.721
96.927
88.342
82.933
70.102
90.543
89.780
86.774
74.757
94.197
93.741
77.436
84.249
72.348
88.547
76.388
72.084
72.702
75.256
88.018
95.874
88.443
71.817
74.237
82.642
84.118
94.036
95.153
73.423
87.335
79.669
94.509
87.624
89.977
88.572
96.803
71.250
80.486
86.349
79.333
76.838
96.576
93.180
86.995
75.756
86.216
93.807
92.658
79.578
84.048
70.294
73.264
91.792
71.595
81.315
92.131
77.310
89.727
76.757
89.317
84.840
90.579
81.382
88.002
95.302
92.496
79.169
92.868
88.359
74.624
95.061
76.243
79.912
82.768
91.219
87.344
82.675
84.553
78.627
91.120
96.747
79.851
73.371
96.477
91.767
77.489
91.945
96.828
96.473
78.404
78.793
78.027
82.420
92.956
85.185
82.586
90.006
75.194
98.174
91.887
73.851
76.594
81.108
76.993
95.197
93.357
77.022
90.966
97.478
87.724
92.027
92.151
80.686
92.245
74.629
86.368
95.144
87.328
83.744
90.078
93.070
79.564
88.917
90.495
74.068
88.603
85.983
84.997
84.666
71.498
88.004
96.142
94.065
89.626
75.285
94.730
88.889
95.604
72.334
80.462
86.395
82.999
86.931
92.410
82.407
71.506
89.477
82.404
80.940
79.004
78.354
80.236
81.162
95.905
79.282
72.607
80.869
89.673
71.433
84.719
92.336
90.030
79.304
92.528
89.328
82.929
84.643
75.900
89.573
94.030
85.990
89.207
92.898
87.928
88.645
89.583
85.410
97.197
80.892
84.264
82.338
95.426
90.522
71.987
90.856
92.915
88.188
88.153
84.807
89.671
90.350
85.004
85.589
71.119
73.860
84.258
96.066
91.163
87.732
76.959
70.691
87.950
89.984
92.088
77.648
83.203
91.779
79.903
86.456
75.971
94.812
89.598
92.406
86.393
72.139
93.296
90.528
88.553
84.866
83.350
80.345
76.744
95.544
93.827
94.902
78.889
78.848
72.356
89.393
73.046
83.561
78.973
93.594
85.693
93.447
80.975
90.407
72.188
94.877
91.042
75.286
71.021
71.147
92.313
89.549
89.177
87.046
74.624
71.287
84.797
78.177
90.470
81.675
88.877
89.350
91.502
93.887
80.334
70.202
75.463
70.463
76.049
76.819
84.312
90.289
87.409
83.881
88.638
85.955
86.644
96.521
93.772
86.586
78.425
95.636
93.295
78.520
76.586
91.541
80.322
78.478
71.955
89.891
74.842
83.086
79.684
96.111
97.055
89.548
83.977
94.359
76.569
91.830
92.985
81.965
78.114
89.724
84.105
85.265
81.346
80.425
75.315
75.987
83.670
94.373
96.499
94.471
80.131
70.061
88.678
90.051
83.003
76.927
80.069
90.217
91.817
82.448
96.793
96.168
91.806
88.298
70.696
79.831
80.959
84.124
77.626
86.528
78.852
76.170
83.642
93.939
94.767
80.676
81.601
93.115
78.385
88.989
89.500
78.126
94.665
74.600
70.676
90.123
94.515
93.265
78.870
92.557
73.011
95.518
73.725
93.672
79.316
80.545
85.935
87.631
79.656
70.195
76.458
93.891
86.710
76.722
94.409
75.445
85.824
83.625
92.695
73.491
90.735
82.389
77.101
93.380
75.782
93.710
87.744
76.053
76.017
93.473
95.062
83.691
70.403
77.227
85.753
91.982
76.387
76.839
79.539
84.782
84.062
91.802
91.041
82.694
97.086
80.953
88.973
71.398
96.528
97.350
72.165
82.167
70.218
97.827
88.780
96.206
91.361
94.328
90.521
82.647
79.736
89.591
84.555
91.694
81.449
91.669
92.328
85.485
85.204
89.349
76.442
75.933
75.068
80.027
70.974
79.717
86.149
72.037
82.275
86.661
88.805
87.065
88.532
87.114
86.215
90.758
70.109
84.865
75.689
88.652
72.987
87.041
82.722
70.793
71.619
73.840
87.656
72.024
79.948
74.012
88.826
84.663
84.323
90.612
88.241
85.747
