86.133
77.502
86.766
75.201
74.820
82.502
85.623
89.881
80.546
76.479
74.652
80.899
72.201
70.345
94.298
92.384
81.770
82.265
91.827
83.380
76.407
83.234
74.403
83.420
86.808
76.794
78.989
87.649
73.945
83.500
91.109
90.362
91.048
71.773
86.744
76.965
72.181
80.310
91.345
84.771
88.703
78.449
79.135
73.378
86.452
70.204
74.087
90.162
90.911
97.528
78.902
82.328
92.204
91.389
79.323
87.348
92.465
83.471
81.412
88.840
71.537
71.897
74.136
74.182
74.736
82.980
92.842
92.542
73.387
72.364
89.468
79.525
84.010
87.059
76.928
93.440
84.476
73.918
91.509
86.164
79.358
82.032
72.629
89.060
70.769
91.351
89.666
74.274
72.003
77.736
75.655
84.830
93.413
75.589
75.619
74.847
76.398
92.466
85.155
76.191
78.544
88.510
86.907
72.870
88.940
74.633
88.081
75.639
83.399
79.782
78.543
82.848
96.171
96.962
94.512
91.380
81.243
76.544
76.420
71.599
79.525
87.070
82.211
74.692
92.331
86.927
77.577
86.257
85.837
70.001
87.780
95.621
76.152
74.281
73.264
74.412
84.315
74.901
76.505
85.327
74.948
77.197
73.522
70.805
84.224
70.558
78.643
74.969
87.244
78.798
71.409
70.652
70.832
70.772
86.233
91.486
87.565
70.414
81.248
84.767
79.290
79.042
86.006
80.070
85.882
79.319
73.067
82.305
70.228
75.613
84.205
93.160
74.207
74.807
75.906
74.413
96.782
81.767
83.216
82.139
74.606
88.156
74.553
86.618
76.861
77.977
90.560
85.645
75.825
84.338
77.193
86.136
89.005
82.804
94.653
85.645
72.612
74.289
87.703
77.054
75.722
79.660
76.167
89.354
80.978
79.588
93.105
88.822
87.221
71.860
78.993
82.063
74.656
75.055
87.825
76.284
90.732
88.630
72.302
96.802
70.473
91.987
82.302
77.720
76.573
97.434
71.567
83.785
70.462
83.821
95.709
95.245
85.659
83.719
92.816
93.330
82.109
79.600
94.778
89.704
94.529
86.188
98.041
90.398
93.230
89.847
89.681
82.912
91.745
96.005
83.880
72.538
92.768
94.568
88.649
78.219
70.670
75.465
96.674
91.121
71.863
78.684
81.266
88.393
82.768
81.590
81.833
80.197
91.173
87.135
73.142
70.272
95.544
96.203
93.271
96.447
94.839
82.761
76.865
93.810
80.208
91.606
76.815
74.168
94.532
74.557
73.801
96.056
95.822
91.303
75.286
72.531
72.843
96.569
94.040
83.087
92.378
95.370
95.564
93.111
93.990
92.294
95.382
71.739
76.411
81.016
70.308
82.547
85.762
72.577
77.585
90.276
74.678
94.244
74.464
77.634
72.777
83.223
76.496
94.246
78.666
73.508
71.948
82.738
80.657
93.087
94.228
85.479
96.960
71.779
86.492
89.278
94.176
86.251
91.559
91.708
91.449
91.916
91.782
91.853
91.319
91.549
92.026
91.448
91.504
91.773
91.882
72.152
93.344
93.007
95.053
79.262
93.532
94.634
90.023
80.140
93.496
79.230
76.642
76.540
76.611
79.640
76.276
93.132
81.596
84.966
80.877
77.956
80.382
90.595
91.440
94.211
90.997
93.010
86.215
86.012
77.441
90.621
94.957
74.515
93.396
95.657
95.987
97.055
95.444
89.995
93.070
89.112
91.490
82.562
83.847
82.820
79.834
91.216
95.775
90.422
94.533
94.557
73.749
78.910
79.349
97.614
89.486
92.229
84.906
76.154
85.248
90.250
80.151
77.770
70.652
76.744
93.947
76.302
97.754
87.479
79.442
84.773
73.332
93.876
83.367
76.121
81.766
76.198
74.908
78.790
74.548
82.538
76.655
81.796
93.869
85.920
76.457
86.616
86.589
81.779
82.881
70.975
75.204
87.343
74.086
82.014
92.834
91.615
88.037
83.498
72.634
97.639
83.418
76.649
75.989
82.828
92.268
71.411
77.970
73.394
91.832
74.952
73.636
82.993
83.906
75.674
83.423
75.706
71.401
70.323
90.692
93.053
91.395
79.079
93.374
71.401
74.404
77.505
84.368
86.828
86.262
85.600
79.878
91.924
70.757
92.126
83.755
76.090
76.102
85.725
71.800
83.921
83.123
88.763
71.802
95.526
93.756
95.438
79.799
94.940
93.994
96.849
83.778
95.116
71.512
72.513
71.662
94.205
75.255
70.903
75.326
79.474
88.436
76.203
90.941
80.889
80.592
73.653
74.654
81.108
72.457
77.624
79.878
83.474
76.508
84.862
76.199
86.431
85.343
84.217
88.255
78.296
77.136
75.149
79.928
79.998
76.287
75.644
81.085
86.326
71.142
74.591
81.793
78.243
93.973
81.687
92.089
88.640
80.562
80.126
92.062
71.757
78.772
72.065
85.820
76.868
95.650
87.570
80.016
71.525
92.740
92.493
96.038
73.798
91.801
83.146
81.976
81.503
95.598
88.160
86.571
71.808
76.874
76.115
74.486
76.926
86.405
80.597
83.642
91.528
89.917
75.356
77.866
73.341
75.292
96.048
77.118
88.704
91.696
78.201
77.535
90.365
73.948
94.165
70.522
70.221
71.395
73.002
85.466
74.276
85.851
70.584
77.328
92.214
88.991
85.751
94.301
89.684
74.583
93.226
83.421
88.796
92.253
73.848
79.052
85.049
90.270
80.014
76.233
78.984
93.713
87.576
91.863
74.191
81.962
81.936
85.657
93.157
80.567
92.276
93.618
92.398
87.101
83.268
84.028
94.606
70.398
87.465
93.938
79.457
94.270
82.910
74.635
81.990
71.423
85.369
82.152
78.580
94.926
73.364
72.503
86.573
82.412
78.266
84.957
87.961
75.230
90.639
80.517
82.624
84.309
93.209
73.430
94.605
91.543
95.148
92.373
83.920
81.494
70.950
85.889
80.225
93.532
84.672
71.373
91.451
87.135
92.414
79.950
80.991
74.640
74.726
72.329
77.976
91.643
89.078
82.865
91.455
84.850
72.504
86.958
93.523
73.138
84.492
97.447
92.893
85.790
70.133
95.738
87.203
70.150
86.585
71.618
91.833
96.506
76.997
75.252
78.551
87.462
72.875
80.404
77.785
89.741
71.944
96.469
86.144
80.600
87.666
96.060
95.412
75.816
78.946
74.405
87.320
88.917
85.011
81.300
76.737
92.093
95.410
74.611
74.076
92.871
79.480
78.053
82.625
86.389
80.190
83.715
76.013
93.784
93.175
82.404
94.317
79.907
82.026
78.892
75.123
72.479
75.021
89.199
81.270
75.024
87.616
75.451
92.736
95.174
70.141
85.097
79.663
77.197
75.622
82.637
83.987
77.766
93.607
79.794
81.855
83.223
90.882
82.251
71.680
92.486
78.947
85.407
76.990
89.479
93.250
75.194
76.813
96.856
90.034
81.972
83.605
84.831
79.238
89.625
80.622
80.559
87.821
90.204
89.786
78.419
76.401
92.479
79.047
76.802
97.556
81.654
94.420
75.736
88.867
85.802
70.514
96.731
97.533
90.896
96.664
78.434
77.918
81.491
88.969
81.738
72.361
86.005
83.874
91.610
90.969
78.623
81.046
92.297
82.168
72.309
85.895
76.033
92.403
84.428
79.921
71.963
95.779
71.979
71.671
81.300
82.410
90.990
89.110
71.842
89.824
70.671
84.472
76.521
80.643
90.390
78.933
75.506
92.817
80.242
80.548
75.973
76.778
75.561
77.465
75.330
78.686
92.270
91.016
97.079
85.062
87.345
82.316
74.189
91.645
85.804
85.571
76.867
91.209
92.149
81.787
89.268
89.514
96.754
96.305
91.400
75.014
95.627
80.560
70.201
74.317
83.264
70.028
92.677
83.880
91.268
71.833
84.809
76.768
74.477
84.915
78.927
72.629
75.596
83.763
92.772
73.607
71.988
87.986
74.660
72.267
73.932
71.390
70.183
89.339
72.692
83.614
95.731
84.053
71.597
76.632
86.761
90.151
73.281
81.050
82.827
70.289
75.266
88.236
86.371
74.950
94.924
72.221
76.053
88.127
81.273
75.763
83.096
83.850
71.494
87.930
95.333
94.800
80.328
82.451
85.208
93.022
92.135
77.361
85.316
80.211
71.218
93.807
84.430
72.984
80.918
76.873
89.321
91.222
84.208
90.665
70.404
96.978
72.023
81.800
92.420
80.480
86.967
96.288
94.144
79.859
84.856
88.234
91.808
76.483
75.892
77.798
87.758
70.838
85.461
77.077
81.220
86.592
76.724
85.546
85.628
83.757
86.947
80.744
85.242
86.188
86.457
76.610
70.167
77.498
79.132
95.010
94.863
94.936
93.215
90.597
81.245
80.868
80.059
73.330
72.254
86.108
89.421
72.328
84.746
72.365
74.047
77.581
91.803
75.125
86.241
70.304
89.626
76.857
89.010
89.499
92.373
78.926
73.485
87.605
75.694
93.863
86.262
77.263
78.820
75.053
80.270
82.984
92.443
97.733
94.667
86.826
91.816
89.365
87.434
93.898
96.651
77.609
90.970
85.938
76.917
77.192
73.968
77.369
83.453
74.800
80.377
74.254
91.777
74.555
84.844
88.586
95.967
70.751
74.362
75.991
80.819
72.175
89.974
75.058
91.372
77.081
83.252
79.259
71.306
82.038
73.379
77.159
94.278
91.781
70.931
78.621
79.984
93.455
91.218
80.244
93.956
71.878
76.524
87.519
74.102
71.202
93.583
72.580
93.069
93.775
92.427
87.692
78.382
72.912
93.283
89.454
88.117
88.953
88.863
87.390
88.322
88.202
91.769
92.012
89.852
88.457
91.995
88.992
86.511
91.990
89.758
89.006
85.608
78.439
79.502
80.241
80.744
87.275
72.000
71.128
85.851
92.762
81.313
96.377
81.233
70.655
85.093
89.801
84.087
93.191
78.241
70.733
87.784
91.129
79.814
73.266
96.557
80.666
76.694
93.171
83.704
85.082
89.874
73.072
84.239
92.770
71.882
75.009
80.266
76.361
73.275
93.032
82.471
76.392
88.665
89.971
81.932
75.158
81.626
82.059
84.298
74.188
90.038
83.046
75.152
74.355
81.929
77.618
70.697
95.184
92.907
87.257
95.034
90.746
74.630
74.670
89.207
90.936
71.349
72.120
74.966
78.795
88.120
81.169
90.156
95.680
95.656
95.996
88.821
90.115
89.745
90.335
71.253
71.968
88.748
80.117
83.941
72.879
87.257
89.529
75.254
86.913
71.393
71.698
92.839
95.892
93.244
78.467
90.529
80.976
88.508
89.154
78.296
72.454
81.635
92.718
90.843
73.878
76.402
92.898
90.203
81.522
81.077
88.779
81.980
75.436
87.816
81.913
82.190
93.925
71.342
78.294
71.904
72.017
95.076
84.127
81.675
94.763
93.320
92.172
93.977
89.551
87.212
76.756
87.534
70.832
77.256
76.219
92.967
75.826
72.206
84.074
70.500
83.447
91.397
86.806
85.991
83.531
89.260
81.457
84.995
95.882
93.412
79.619
70.123
70.189
92.138
76.004
82.925
74.737
82.708
93.799
86.853
70.776
72.356
90.964
84.040
73.929
75.188
76.302
79.853
80.362
93.551
78.653
81.099
76.422
88.285
80.200
71.818
83.331
85.834
73.092
83.141
92.237
87.531
85.414
85.238
91.713
74.493
81.750
85.088
75.124
84.823
89.106
88.075
82.368
77.652
84.629
87.060
75.797
76.268
71.884
73.281
90.896
84.796
78.005
77.799
83.614
75.656
73.072
76.774
73.691
89.044
93.067
88.238
87.478
81.182
85.250
87.635
75.722
83.890
85.635
72.326
85.250
91.143
86.622
71.255
72.712
92.878
75.604
88.043
91.952
70.253
73.617
93.821
96.700
95.340
72.423
90.152
84.864
83.311
96.020
83.251
90.197
95.538
75.342
91.705
75.804
76.161
84.814
78.705
80.615
83.451
79.423
80.816
77.171
80.132
90.014
95.125
73.648
95.268
83.341
94.357
91.097
78.954
87.325
79.684
71.861
84.713
70.778
92.816
78.527
86.314
87.754
81.450
76.093
90.860
87.689
89.449
82.626
88.677
95.121
73.526
89.040
79.030
94.332
84.445
90.080
73.442
93.091
93.324
78.830
80.557
87.203
80.648
79.492
83.616
86.204
75.097
83.361
89.706
82.660
96.911
81.756
84.099
71.415
72.235
71.390
93.399
72.925
85.968
77.477
76.482
76.834
70.036
83.781
94.182
79.367
92.902
72.566
70.793
73.424
90.622
94.255
91.766
85.762
72.748
73.637
89.496
94.340
81.136
71.284
91.960
80.186
92.216
81.268
76.228
94.104
82.079
92.737
73.129
91.726
90.332
80.260
71.522
92.637
80.546
81.284
73.224
84.927
84.000
84.637
75.797
92.265
83.513
90.255
80.135
86.837
89.673
88.779
73.177
91.867
85.848
91.097
92.633
89.454
92.337
95.196
93.859
96.626
97.002
95.796
97.454
94.348
94.975
95.219
90.169
93.405
93.974
95.251
94.173
81.736
83.631
72.084
86.860
74.976
