70.972
77.199
87.673
94.786
87.562
91.783
90.505
97.152
95.974
95.000
94.595
88.775
87.331
82.134
74.241
85.608
70.755
88.837
77.761
72.280
78.287
87.236
96.692
90.638
82.019
75.670
85.840
87.369
70.788
75.512
95.646
95.260
92.436
87.961
87.546
76.364
88.837
85.643
90.489
91.109
90.711
85.443
73.760
71.462
85.969
85.314
84.878
78.869
72.520
78.003
73.551
89.432
79.499
94.697
80.801
74.883
85.421
72.203
84.833
95.542
93.216
74.964
76.527
93.934
84.944
96.544
75.139
95.831
71.868
79.104
92.852
95.234
85.380
81.680
86.270
71.795
95.376
93.942
93.455
94.329
70.355
73.078
92.678
85.663
71.876
85.887
84.947
90.791
70.624
93.093
90.117
90.779
96.439
72.596
94.784
95.665
93.456
88.707
84.323
79.650
84.100
75.178
91.723
88.987
85.218
81.873
81.877
89.874
84.629
86.891
96.471
71.573
82.779
73.800
96.571
71.470
83.850
83.511
81.705
95.661
91.825
83.750
82.385
92.489
86.980
88.849
88.165
82.455
92.313
82.243
97.334
82.371
85.584
84.215
95.381
95.270
91.174
96.567
71.416
93.234
83.592
76.155
92.740
83.365
95.082
83.493
85.027
87.418
71.612
94.663
95.426
90.437
92.225
83.972
76.430
77.747
89.562
87.594
93.731
94.138
88.789
85.908
81.288
88.485
78.678
84.324
94.789
95.192
93.280
83.481
71.602
83.824
91.591
80.137
82.609
83.907
79.658
93.795
90.778
83.245
84.558
87.957
95.921
96.035
86.328
92.692
95.810
81.920
96.375
71.108
90.328
82.424
96.492
77.852
83.669
80.569
79.198
77.018
91.788
95.580
92.165
94.596
91.145
73.972
83.705
79.332
86.904
93.459
81.337
79.983
87.051
95.183
78.148
71.237
90.855
79.281
81.466
92.199
74.183
85.478
76.544
79.837
94.010
70.335
92.656
92.427
70.106
78.786
70.293
94.292
87.985
74.659
92.490
92.956
84.079
96.629
83.027
84.409
84.932
78.288
79.067
74.537
81.513
78.918
77.681
89.844
76.158
82.975
95.828
73.584
90.389
94.576
86.631
87.789
87.264
94.272
90.053
70.437
79.952
79.514
89.779
86.328
91.013
92.966
82.314
88.002
73.562
96.866
73.096
87.513
81.025
77.253
84.263
91.617
83.799
83.991
92.008
75.208
91.314
87.435
94.885
81.590
79.426
89.305
79.625
75.900
81.515
76.766
83.119
96.044
86.934
76.631
80.499
94.409
71.676
96.445
74.924
91.358
89.136
83.170
75.942
81.546
82.453
75.754
80.623
73.313
81.861
79.526
81.603
85.808
91.728
90.419
75.797
70.721
82.527
80.823
82.112
95.873
89.671
75.803
89.583
91.800
94.128
89.453
91.687
95.631
93.839
95.478
97.849
85.458
83.519
90.096
81.986
89.146
92.504
83.172
96.155
79.127
78.349
82.842
81.131
86.512
89.329
72.601
97.270
74.976
97.213
70.768
83.315
92.020
82.459
76.180
91.356
78.191
92.798
75.293
83.359
72.830
97.877
91.268
71.314
97.102
94.985
95.830
75.365
75.619
92.216
75.342
97.608
90.618
91.951
80.990
88.496
71.630
96.457
75.170
81.186
73.230
78.296
82.947
82.788
97.251
88.275
90.309
96.448
