85.379
85.005
90.517
89.453
80.739
80.234
93.769
94.527
75.864
95.572
86.647
78.914
72.843
91.539
87.584
82.564
81.296
89.147
85.182
90.759
92.839
89.092
86.892
81.394
73.357
86.439
79.173
93.569
77.318
82.934
80.067
79.314
87.935
74.469
73.514
82.393
72.970
92.775
84.516
80.271
91.738
82.999
82.558
72.263
76.571
88.769
70.100
76.896
84.651
94.075
86.524
86.542
84.380
70.784
78.854
78.796
87.558
83.986
71.883
89.660
93.856
82.732
92.871
84.217
96.379
78.114
79.555
79.553
75.894
77.498
79.997
83.930
88.580
82.950
80.154
78.143
81.250
79.576
80.095
90.573
83.339
79.180
88.619
81.663
80.572
88.441
87.825
88.265
70.245
88.397
88.166
77.779
89.354
84.903
75.016
92.035
82.816
75.459
95.582
85.244
78.224
95.177
85.925
77.106
80.990
89.026
84.143
76.948
89.402
77.768
77.752
91.024
97.055
81.535
84.049
84.150
76.876
76.665
95.063
95.652
78.292
82.156
77.730
79.653
90.411
87.171
81.240
93.077
92.246
85.947
75.169
73.120
75.599
94.050
72.754
86.423
79.453
91.401
88.069
94.658
98.068
90.866
88.859
96.829
97.392
72.975
72.875
85.537
84.836
73.259
75.909
72.354
78.436
89.114
88.831
88.052
88.180
86.543
73.524
81.948
78.144
80.155
81.733
86.338
75.543
86.555
81.474
89.806
91.536
91.938
97.967
91.824
92.294
95.781
93.362
92.058
87.968
88.285
91.049
82.533
85.669
79.265
91.218
90.715
90.747
87.368
83.362
96.140
70.264
71.326
77.139
87.483
94.143
90.337
70.311
88.835
97.596
98.125
93.369
70.332
78.568
90.117
90.205
71.293
89.202
81.022
92.323
73.602
92.843
80.847
78.020
77.708
94.273
75.135
84.969
91.494
83.036
78.803
87.033
87.272
83.099
88.881
93.810
90.910
94.713
96.759
98.304
78.229
79.580
98.082
92.930
78.590
91.798
73.428
93.922
91.635
93.980
88.118
83.075
87.228
90.390
92.349
89.762
91.367
92.413
73.471
81.282
83.059
96.380
71.811
88.314
93.892
96.488
95.193
75.127
77.139
81.119
91.008
71.903
91.334
70.408
89.549
77.080
82.897
76.004
81.902
91.903
94.690
94.585
93.564
77.118
74.031
71.620
93.501
87.191
88.819
93.742
88.317
88.724
87.995
89.416
82.014
86.230
82.642
90.814
83.211
85.212
91.160
97.785
86.424
92.771
89.235
93.474
93.020
78.511
74.268
88.016
96.684
94.682
90.411
96.400
80.014
78.300
75.388
96.098
91.002
90.497
91.811
80.798
87.953
94.338
76.584
89.622
89.401
96.971
77.286
81.075
87.472
84.196
91.172
88.256
95.382
85.180
92.678
81.336
91.490
85.471
72.254
90.083
80.576
84.720
94.819
83.957
72.573
78.847
78.308
80.139
76.923
73.123
75.292
92.821
92.447
72.999
90.288
70.977
91.972
94.191
80.885
90.531
91.150
81.468
80.190
81.023
73.508
89.119
79.070
90.151
92.983
76.103
87.383
96.748
78.517
96.077
83.277
86.946
77.656
82.346
94.149
88.973
92.868
90.926
95.637
93.865
94.949
93.779
93.139
94.069
73.889
93.052
84.928
80.172
87.362
95.803
88.378
78.551
88.615
85.564
95.364
78.878
75.254
95.201
90.669
77.673
81.930
72.758
70.031
97.410
90.268
81.335
83.188
92.484
80.460
83.473
86.178
77.725
82.876
82.243
83.935
97.058
84.038
81.487
71.069
87.775
74.712
96.582
70.517
73.440
92.051
73.409
74.064
83.359
70.649
73.071
79.905
94.719
95.658
81.536
70.511
92.040
92.449
80.507
79.795
75.780
82.844
84.927
96.069
81.639
78.791
86.421
74.907
96.550
93.146
79.195
87.381
84.629
90.979
78.664
74.783
87.189
89.475
94.795
88.198
92.385
73.881
77.238
72.463
82.152
81.142
94.034
80.611
93.407
80.918
83.966
81.309
74.565
78.875
72.380
88.133
83.943
81.602
70.376
77.829
70.148
82.912
80.335
78.098
94.845
82.363
86.609
78.859
95.471
79.319
82.244
85.587
85.322
91.631
83.471
80.958
87.359
91.822
76.155
75.807
76.927
80.665
77.161
72.704
83.370
79.903
82.692
84.219
80.975
83.630
77.390
86.989
91.831
93.353
72.134
79.456
85.980
71.121
83.092
79.382
87.050
84.850
84.301
83.198
97.749
80.704
76.388
72.672
95.002
91.511
79.377
84.391
70.874
83.510
87.588
87.673
77.220
79.677
72.914
78.814
87.856
95.079
81.763
90.938
82.225
88.905
82.373
86.413
85.441
85.519
86.712
89.296
79.716
72.385
91.402
83.334
83.190
88.909
79.364
73.161
96.412
75.827
84.931
82.641
82.749
80.393
89.971
85.714
87.415
70.816
76.424
88.149
88.617
88.793
92.058
89.102
76.698
79.057
73.980
73.813
80.006
89.626
81.110
86.172
73.677
80.931
87.096
88.639
73.525
80.602
83.381
82.531
83.456
83.100
79.814
89.221
85.294
91.518
86.197
77.285
89.859
77.580
86.069
73.204
80.833
93.750
79.347
88.030
96.841
84.815
83.489
83.603
90.078
85.563
91.828
83.315
76.091
80.239
83.963
72.071
95.088
96.837
81.486
89.573
95.063
70.753
83.517
87.216
74.793
77.922
71.300
89.996
77.986
88.080
81.388
88.168
95.779
71.538
72.178
92.689
93.026
79.885
85.811
73.549
87.005
81.248
92.245
71.753
72.017
75.556
86.213
88.270
78.880
89.863
91.844
83.907
78.038
85.615
71.324
94.772
84.001
76.435
93.206
80.636
86.815
96.105
83.062
91.401
81.686
95.346
93.491
70.609
74.456
90.491
70.768
70.340
89.061
83.861
91.179
75.668
94.489
78.211
82.952
77.259
81.009
75.168
90.919
81.184
85.575
78.511
91.355
93.346
91.709
85.474
75.547
79.086
85.563
92.601
91.856
78.978
81.116
78.712
88.011
86.518
71.522
78.500
71.344
92.383
92.894
75.415
84.229
89.096
74.004
96.578
90.930
91.218
85.346
91.029
87.075
95.177
75.132
73.760
86.099
76.549
78.008
89.942
90.358
83.210
75.934
94.273
92.198
85.634
79.251
79.126
82.500
84.240
74.143
82.029
77.312
81.181
77.744
81.439
88.240
91.672
76.937
92.280
88.616
93.028
84.586
92.035
74.421
84.613
88.727
73.043
90.727
70.806
74.180
76.741
86.339
75.277
70.644
90.552
76.743
81.805
89.224
94.140
86.790
83.384
85.091
90.267
92.722
74.509
84.050
90.199
91.031
85.617
90.056
79.914
86.156
88.955
92.528
87.723
96.636
84.538
80.494
93.388
79.205
96.597
80.692
86.550
91.418
93.152
86.345
83.375
82.003
75.932
74.057
77.254
79.559
93.704
78.755
82.247
88.353
81.104
89.665
87.739
95.662
82.032
71.449
70.163
79.691
86.837
76.613
86.499
90.455
72.182
86.185
79.982
78.079
89.358
97.427
84.460
75.050
83.739
72.517
81.064
73.049
78.942
93.562
93.790
79.237
79.452
77.943
95.924
78.113
78.559
81.561
72.026
83.742
81.926
73.085
80.368
86.563
85.129
81.934
81.818
80.835
86.085
82.204
81.946
81.034
81.294
76.361
74.631
96.993
76.367
80.703
80.824
72.530
95.225
76.146
81.169
80.431
86.362
73.859
82.209
97.926
83.124
71.874
81.456
92.302
97.118
88.932
91.910
73.119
83.383
75.065
91.165
71.604
88.070
71.945
92.465
72.789
96.097
77.492
71.795
87.243
75.402
85.068
73.431
90.357
81.251
85.596
92.602
78.674
75.708
83.135
78.352
78.608
71.097
70.757
73.030
90.076
89.751
87.568
72.959
73.274
89.768
84.885
75.593
93.062
82.479
80.992
90.154
70.821
77.256
73.144
71.967
70.610
91.479
77.796
75.888
93.383
90.826
78.323
88.757
93.956
81.049
80.469
75.027
91.866
70.942
88.585
86.089
84.696
72.095
76.774
87.183
82.441
77.574
78.504
72.647
76.961
77.478
90.583
78.130
75.031
83.778
73.120
86.962
76.990
78.741
71.390
88.119
81.903
79.463
70.600
83.227
89.672
92.658
75.610
91.381
90.305
85.822
95.168
88.118
91.765
88.832
73.476
88.669
80.126
91.916
88.802
84.556
70.777
83.213
91.829
79.125
76.988
78.168
85.253
79.165
70.584
92.205
77.278
76.898
86.282
79.845
72.486
75.326
91.790
95.205
86.882
73.419
76.466
88.249
91.215
90.770
74.272
81.865
88.219
80.935
77.925
77.401
83.189
89.917
86.600
86.272
81.663
78.359
73.619
74.662
90.727
81.000
82.528
85.010
91.999
80.886
89.724
