83.026
93.060
74.558
72.229
91.750
91.862
93.022
92.072
86.989
88.528
91.391
77.014
81.459
75.353
89.292
84.137
89.814
83.678
80.430
84.857
89.387
71.099
84.245
73.384
84.691
71.668
88.591
96.978
72.530
95.664
92.804
88.298
90.788
77.240
92.345
71.576
92.929
82.513
83.311
79.473
84.672
79.457
77.190
86.635
73.086
71.323
78.903
85.981
73.008
72.817
88.603
79.658
85.211
72.894
76.162
73.046
75.366
82.392
87.076
92.523
76.297
91.301
92.221
78.521
71.654
82.845
89.538
74.617
82.948
73.525
74.776
85.999
72.625
77.398
82.091
87.082
89.043
91.197
76.594
77.086
75.653
71.845
80.057
75.228
78.592
93.063
86.316
85.903
94.766
81.559
81.824
77.319
75.444
78.220
79.693
85.147
75.940
74.198
76.814
78.526
84.663
72.897
91.455
85.308
88.453
80.511
84.943
85.693
74.773
88.533
79.087
93.066
96.909
70.600
92.815
82.130
87.205
75.845
76.604
81.282
81.478
79.733
78.723
91.345
91.769
89.016
70.441
91.641
95.415
85.935
84.897
84.814
96.613
78.785
85.199
93.468
79.355
81.563
79.465
95.166
97.853
77.628
77.089
89.910
83.686
89.332
96.254
96.903
91.517
92.738
88.950
70.257
88.759
95.442
85.536
87.823
74.654
81.227
70.164
84.534
71.835
85.963
79.385
86.469
93.023
85.303
79.617
92.059
76.457
94.263
73.534
74.931
84.647
70.392
86.104
87.669
87.167
82.583
80.105
80.006
81.303
85.591
80.504
95.745
92.919
87.499
84.559
70.144
81.466
85.037
89.948
82.266
89.797
86.012
70.759
90.415
73.113
78.690
86.508
95.163
90.059
93.579
81.311
74.463
79.902
93.210
88.418
74.180
94.171
82.153
82.652
83.820
88.702
87.913
85.062
85.537
79.597
84.620
84.447
77.321
76.601
89.863
89.245
82.438
74.572
92.811
71.475
85.357
81.818
84.825
77.140
93.125
74.334
86.469
88.239
90.478
87.568
82.382
82.679
71.260
93.074
72.811
94.922
95.017
93.649
91.736
73.883
76.440
91.590
80.875
76.283
77.714
80.736
88.009
83.785
72.819
80.611
80.358
75.018
70.792
90.826
96.459
95.188
82.689
86.421
75.070
90.380
71.906
76.806
89.146
85.047
82.258
74.305
92.159
71.956
82.405
83.431
80.829
87.145
85.329
87.215
77.210
89.853
82.000
81.743
75.319
73.113
85.974
91.795
87.068
90.174
84.386
92.941
80.465
83.680
80.493
71.232
86.867
90.500
90.955
84.897
90.423
88.064
75.511
86.265
87.186
89.126
88.213
95.436
71.486
83.152
73.277
81.853
81.557
91.438
73.653
82.947
84.172
93.527
87.716
73.872
70.759
78.131
88.460
75.486
75.484
92.079
87.763
87.528
82.692
71.190
88.261
75.728
81.550
98.176
88.482
73.257
92.249
71.793
81.718
72.553
77.135
74.793
78.590
93.170
72.781
79.822
89.475
85.539
80.743
87.825
87.446
91.567
97.056
71.977
79.849
71.961
96.674
73.006
91.138
91.499
71.823
81.290
93.393
90.185
94.829
75.248
87.396
92.081
75.808
80.067
90.390
80.562
76.245
87.870
76.845
87.886
80.243
80.598
76.317
85.769
86.938
82.345
82.205
76.298
83.183
89.046
95.091
84.714
91.547
76.108
73.031
87.137
87.125
75.403
83.474
75.508
79.680
91.419
95.377
70.084
88.825
71.744
71.509
83.349
83.862
74.115
86.706
74.285
84.033
89.974
70.643
91.264
93.106
75.972
80.466
74.336
84.015
93.539
88.207
81.113
86.466
77.588
84.210
70.067
71.787
72.693
78.671
94.429
84.635
82.311
94.389
93.491
73.833
73.082
85.210
73.294
89.143
84.499
71.791
88.520
88.215
87.991
85.673
81.046
88.189
91.190
77.965
84.075
89.273
70.040
83.113
88.908
93.232
86.220
87.698
91.720
91.183
89.023
91.335
73.796
81.767
84.343
93.665
88.825
77.448
90.873
73.861
79.123
77.116
77.921
81.055
89.188
78.972
84.500
93.456
93.201
87.384
85.473
85.746
85.936
78.197
77.777
81.112
71.685
82.816
75.046
76.692
76.627
91.523
82.281
73.760
89.051
81.066
87.495
86.929
86.087
70.642
84.995
75.923
82.342
83.534
90.940
79.240
74.718
80.856
90.420
90.819
81.119
89.122
77.688
85.343
89.224
97.460
92.910
91.166
79.669
90.281
77.059
75.272
78.102
73.673
82.734
84.114
80.597
81.931
91.706
75.106
83.168
74.581
81.612
74.294
94.797
82.653
92.296
82.436
89.338
78.644
84.490
71.382
92.413
70.415
80.596
83.488
77.601
89.855
71.959
80.391
72.126
84.203
81.597
97.418
92.470
88.910
82.093
82.627
80.952
75.474
89.560
84.211
85.886
82.526
81.706
77.389
88.071
77.914
86.883
93.094
94.432
81.023
96.127
84.754
74.566
76.900
79.259
86.336
90.433
96.520
71.103
84.830
94.273
94.720
96.390
90.589
89.894
79.239
86.693
88.143
74.398
78.085
96.678
87.391
72.314
89.347
92.464
70.897
88.043
89.142
97.150
91.088
88.415
91.261
91.781
92.501
91.082
92.447
82.091
79.918
93.024
74.880
94.299
91.973
89.446
97.950
97.903
89.903
82.461
86.350
91.707
88.975
75.786
70.471
72.607
92.566
84.601
90.770
82.696
72.101
91.253
87.849
93.166
88.644
77.980
72.285
83.205
82.572
94.103
85.117
96.548
96.543
92.241
86.703
91.713
75.545
97.569
76.913
93.892
95.446
72.944
82.475
70.789
94.564
87.194
73.958
92.392
97.152
91.578
91.739
95.273
86.194
83.444
82.564
88.956
79.979
84.331
74.832
95.225
82.067
76.314
76.847
84.466
96.962
87.081
93.315
75.900
70.315
83.864
92.115
93.306
94.571
75.065
77.220
94.370
78.731
76.833
72.073
96.913
89.435
83.501
88.581
82.419
77.327
90.605
90.154
90.712
86.675
90.326
97.115
93.352
82.151
77.135
78.209
90.014
90.414
90.129
86.625
83.578
87.333
93.868
87.254
91.264
93.332
78.382
92.955
70.012
83.687
78.541
91.202
90.507
90.807
88.622
79.368
87.008
88.644
78.568
94.579
87.808
90.599
96.560
91.519
88.082
74.244
84.864
87.237
80.409
73.266
86.272
91.600
88.942
78.185
82.844
72.883
95.593
73.570
92.004
93.329
96.680
91.503
92.104
91.300
81.432
83.716
96.071
77.740
94.209
92.903
90.781
95.487
93.821
82.531
90.497
95.161
83.365
93.812
88.374
93.468
95.188
95.435
78.361
90.414
94.802
78.623
90.376
90.362
77.946
81.798
97.412
84.703
89.394
76.446
74.562
91.185
91.717
87.921
90.606
82.716
74.052
92.142
89.733
87.119
89.424
83.639
90.142
83.363
78.979
78.137
91.539
96.607
87.945
77.518
80.828
73.971
72.809
81.303
85.393
89.229
88.136
84.365
87.008
74.250
72.722
74.313
95.005
77.325
80.421
82.168
70.027
79.182
78.113
73.748
89.094
91.003
82.145
91.397
89.575
74.735
73.109
77.482
85.824
85.486
73.954
71.638
81.078
82.304
82.616
88.245
95.010
75.604
86.557
81.086
77.151
72.012
73.211
94.663
86.489
87.379
88.230
94.986
77.106
77.806
80.194
75.303
91.583
89.176
75.462
82.186
93.418
85.848
79.210
72.559
95.877
80.070
87.426
88.545
79.862
79.921
83.510
90.794
96.787
74.222
82.081
72.947
80.410
82.237
77.263
91.473
88.210
87.539
78.222
91.230
93.013
93.367
92.946
81.852
84.432
87.779
84.244
92.936
89.761
71.202
95.037
91.661
77.056
75.815
76.893
84.641
94.908
87.024
94.740
75.595
82.474
80.002
91.126
76.745
82.353
84.737
93.354
75.222
80.355
79.662
75.236
77.855
71.419
87.954
78.174
84.989
91.786
91.382
92.450
90.024
80.538
91.129
71.631
81.750
91.312
74.807
79.087
87.231
77.343
90.347
70.435
75.558
93.877
75.845
70.466
87.088
74.965
85.916
81.344
85.095
92.533
86.118
71.192
79.097
78.418
84.128
75.654
75.766
85.229
87.387
86.419
78.736
79.394
88.320
93.308
82.186
89.917
88.516
90.815
92.715
82.750
83.894
72.231
76.277
73.337
87.482
70.112
96.505
84.227
80.488
83.480
93.389
89.829
96.759
73.595
92.454
88.905
82.015
85.957
95.396
81.347
85.718
83.754
88.491
92.977
83.374
92.724
97.567
78.018
93.048
77.848
79.690
91.533
86.800
95.381
88.319
72.899
77.703
81.728
87.777
83.068
73.890
89.773
86.197
89.075
86.667
79.367
78.225
90.497
82.729
83.599
83.081
79.490
89.505
72.714
94.359
90.237
85.681
88.753
88.893
93.957
83.068
72.479
85.960
70.120
77.941
86.332
92.286
72.568
93.156
86.547
73.678
74.513
82.470
82.363
78.783
71.692
82.281
84.238
92.995
77.701
91.787
93.653
91.754
76.505
83.486
76.663
87.928
81.313
91.098
80.169
96.801
84.445
84.105
77.831
77.503
92.135
80.900
80.994
92.936
71.921
84.342
90.817
78.636
78.456
91.859
77.628
83.908
77.865
70.632
86.581
91.060
79.332
77.497
82.840
79.382
71.159
77.029
81.648
76.232
97.261
82.799
86.537
92.164
97.881
89.063
82.862
72.112
76.851
87.434
70.499
70.593
81.218
85.802
78.537
90.981
71.199
79.434
77.076
85.766
78.589
78.345
85.017
82.222
95.716
81.981
87.106
85.328
84.756
70.041
91.898
91.335
72.776
86.636
95.706
86.473
90.719
88.841
89.073
77.829
83.881
87.096
78.071
86.945
80.806
95.649
83.634
84.893
91.804
89.934
96.425
72.710
85.901
79.350
75.874
78.873
71.203
75.240
75.602
81.571
96.677
95.105
91.180
91.533
