91.767
70.093
81.075
88.445
92.834
89.472
87.499
91.644
77.300
96.416
88.482
95.665
86.815
95.713
97.269
97.435
74.099
94.063
93.264
92.861
95.251
86.353
85.205
92.871
93.106
79.623
97.741
94.216
94.034
78.359
77.334
75.567
93.246
92.415
91.346
83.103
93.299
95.295
80.688
82.842
80.730
90.407
90.764
89.684
89.635
73.064
87.024
86.823
88.468
82.421
82.423
82.579
77.061
78.370
94.054
86.030
87.995
80.225
87.907
76.019
87.728
96.130
91.292
79.813
75.908
91.707
75.685
78.536
71.643
83.080
77.772
86.754
83.985
95.145
86.863
84.839
76.682
74.550
95.893
83.075
75.375
81.626
76.790
82.337
78.988
75.369
82.271
95.583
71.743
82.258
89.740
91.082
77.807
85.654
88.597
77.597
93.009
79.873
79.428
93.021
92.047
77.344
95.249
88.764
80.935
85.499
87.066
87.672
93.942
96.197
78.492
92.498
81.359
71.027
92.918
74.376
82.765
74.013
70.630
84.587
95.426
92.129
81.202
76.819
76.385
71.176
83.018
74.994
70.288
75.789
76.778
73.772
95.913
72.983
80.659
74.877
89.628
75.254
79.196
93.302
83.125
73.367
79.522
85.380
75.172
87.048
90.300
91.219
76.557
89.760
81.784
94.950
77.958
80.408
80.566
75.399
82.707
95.999
72.965
78.608
79.554
84.359
96.664
79.812
95.299
82.391
86.941
84.397
90.034
90.689
87.903
91.065
97.729
77.939
93.254
84.388
81.218
83.156
84.802
86.227
96.350
89.076
91.836
75.693
93.119
95.787
82.362
86.849
85.460
85.597
82.249
95.384
82.060
78.012
94.807
79.803
78.841
84.905
79.206
76.236
96.281
74.563
87.023
83.318
80.558
92.508
92.120
86.934
95.434
82.434
92.632
85.306
96.356
81.490
78.521
87.925
74.213
95.211
93.473
78.203
93.511
96.169
91.296
82.290
74.273
87.561
70.004
79.243
71.924
83.973
86.438
91.593
79.235
77.522
76.960
82.384
75.924
79.118
71.557
90.363
90.596
86.981
91.796
96.011
83.232
90.804
86.430
92.038
92.376
96.355
92.386
77.493
93.490
91.124
83.079
93.640
83.026
92.845
81.767
70.533
81.532
74.976
80.530
94.774
82.535
81.225
83.449
83.294
82.746
82.819
80.330
95.332
93.089
77.859
82.074
89.773
79.957
84.359
81.184
94.843
85.869
74.462
85.141
88.891
80.229
89.312
87.144
97.662
96.289
90.723
84.455
85.409
90.651
78.866
77.981
77.270
73.478
96.026
91.525
89.220
80.719
81.543
78.728
96.453
92.272
92.493
95.526
92.157
88.897
90.974
84.870
74.659
87.031
72.830
96.970
89.816
84.943
90.692
92.462
88.934
93.804
85.885
92.263
96.338
79.348
84.081
70.304
81.889
83.089
81.124
90.610
87.528
81.290
74.103
97.610
73.612
70.660
91.244
92.339
78.499
82.373
91.702
77.900
81.434
89.170
84.410
83.636
93.186
94.231
84.670
78.928
79.695
91.843
87.835
79.541
93.378
79.442
92.175
78.869
80.815
95.302
73.052
81.032
78.594
91.288
72.691
72.512
84.115
73.374
71.179
94.622
83.770
81.506
78.780
93.841
81.222
87.494
91.578
75.030
80.117
88.669
91.648
85.546
80.712
76.486
93.945
86.477
94.336
76.579
73.419
86.357
76.146
83.365
90.389
89.308
90.704
90.784
71.608
86.846
72.535
71.247
96.209
83.703
85.853
85.527
84.362
85.677
83.866
71.805
94.245
95.228
86.152
76.499
92.275
76.112
74.110
70.723
90.861
91.572
90.389
91.162
90.376
91.137
91.459
91.414
77.952
81.667
75.710
91.747
74.828
92.919
92.282
85.624
86.434
88.175
84.020
89.931
78.908
72.917
97.187
85.677
94.570
88.326
81.105
92.099
70.159
74.564
79.123
93.528
93.765
82.414
79.842
95.348
94.589
85.265
80.081
91.737
94.214
90.110
79.006
87.318
81.821
76.443
96.295
91.992
96.765
97.351
92.246
82.656
83.235
84.789
77.549
91.380
92.823
95.845
90.499
70.582
89.981
74.777
77.143
76.193
75.382
81.509
95.948
96.049
91.578
82.700
92.428
83.609
96.850
94.400
81.921
92.765
89.995
79.156
79.669
79.900
76.688
93.213
83.541
95.070
71.894
93.114
76.003
84.745
71.438
79.419
78.102
91.941
87.427
95.149
94.487
89.290
86.802
96.109
75.352
93.931
82.178
87.592
72.068
87.152
93.092
92.748
95.019
85.590
