80.146
83.301
75.561
75.687
83.584
74.099
77.217
72.791
83.731
83.052
83.255
85.698
85.996
75.198
72.906
72.714
71.460
74.832
83.093
81.193
76.032
84.065
81.997
87.882
92.388
89.373
70.279
83.216
71.421
75.161
87.353
95.810
81.302
84.086
75.244
75.966
90.071
85.539
88.745
76.084
84.524
75.161
86.824
85.554
85.168
82.673
80.744
80.760
82.314
89.653
83.035
75.264
91.817
87.397
88.414
73.520
91.792
83.668
83.798
89.880
74.240
77.000
70.496
93.243
83.818
74.490
72.749
92.372
92.039
95.182
77.071
79.552
83.321
87.899
75.152
77.331
79.538
76.097
71.774
77.348
78.739
96.206
74.032
73.475
74.281
71.850
78.328
77.611
74.080
70.284
92.149
91.198
90.184
74.469
73.248
74.284
84.898
96.129
91.394
88.569
84.468
82.949
79.424
84.689
77.126
84.046
84.564
82.492
72.685
84.092
84.196
83.543
84.106
84.608
73.316
82.478
83.397
84.274
84.565
79.400
81.419
83.199
74.668
74.612
72.975
72.802
77.264
71.695
80.016
76.135
73.074
79.194
76.829
76.632
78.571
77.570
78.924
71.262
72.055
73.732
71.659
78.748
78.569
73.498
73.491
76.854
76.805
77.316
88.454
95.665
82.942
91.873
83.664
94.814
87.275
91.593
86.410
91.645
86.020
85.162
86.881
82.042
80.619
85.365
88.534
93.103
75.113
87.633
91.274
80.723
96.498
76.695
77.799
88.614
78.214
72.169
95.397
79.879
91.157
77.306
82.534
95.883
86.822
93.888
77.243
88.576
95.255
78.424
92.880
71.492
73.814
77.477
82.513
91.725
73.462
78.417
94.094
84.445
84.199
86.982
88.011
74.206
78.729
74.948
90.422
81.773
97.125
97.945
90.648
90.271
91.509
88.389
97.315
72.737
71.965
72.837
74.757
90.295
88.584
88.373
84.300
90.524
89.062
80.808
91.942
90.567
87.924
87.279
92.282
77.508
86.615
82.439
80.480
91.200
91.649
71.168
96.599
85.326
89.212
90.677
86.463
70.285
79.077
90.289
73.090
77.347
90.989
89.023
91.993
83.615
91.653
88.062
96.770
83.059
79.476
90.150
92.849
90.097
95.418
73.737
75.686
91.367
90.788
91.942
91.852
90.992
97.890
72.427
92.672
96.615
94.151
83.781
87.531
84.700
73.751
81.746
86.653
78.866
74.501
79.903
70.620
92.475
91.252
96.899
81.293
82.059
79.974
87.824
78.098
89.390
73.040
76.106
83.863
78.726
79.276
84.948
89.443
86.041
90.773
92.554
91.738
78.754
82.217
88.685
88.805
83.481
96.198
72.209
82.417
89.886
88.775
90.266
76.415
87.067
76.377
77.335
94.953
82.140
93.938
94.760
72.239
71.601
71.521
94.490
91.436
86.324
74.141
75.431
95.249
95.704
73.468
70.911
75.146
91.505
92.661
73.070
86.322
82.593
87.952
97.055
86.664
81.238
82.858
90.817
88.201
72.561
87.386
77.226
82.168
94.238
88.600
92.943
95.583
93.792
82.599
90.308
95.066
83.173
93.802
70.317
88.718
93.548
95.184
73.978
95.578
79.543
79.233
80.957
78.688
81.782
90.433
73.403
84.647
90.232
89.749
75.577
88.049
86.042
71.171
77.725
95.304
80.629
81.017
87.671
91.475
74.582
86.880
90.326
79.313
79.115
78.358
90.568
92.913
86.386
86.871
86.951
75.381
76.668
77.948
91.681
88.167
81.571
84.136
75.242
90.517
73.886
82.300
76.392
89.439
90.138
75.825
72.740
78.022
93.280
87.874
78.232
72.654
84.495
86.276
77.361
76.850
90.679
73.693
89.484
70.377
83.299
93.981
80.359
74.962
95.089
79.980
97.420
70.027
84.988
93.083
94.721
83.599
81.108
84.688
95.802
80.679
75.196
92.251
88.559
86.500
89.368
81.924
70.533
87.071
82.726
82.633
80.220
79.104
80.038
73.660
90.122
87.974
80.254
84.230
80.676
91.480
74.312
76.535
80.829
83.025
77.441
84.811
76.424
77.204
84.876
83.943
83.342
96.498
71.352
74.486
84.153
86.739
71.831
81.301
74.710
88.449
93.525
92.596
83.352
91.254
93.171
84.009
87.614
79.049
85.172
78.734
77.013
80.245
77.938
75.219
89.457
92.203
91.071
71.941
79.744
89.922
97.128
81.061
80.560
76.281
94.239
94.683
85.953
83.757
85.567
81.059
90.444
91.189
70.644
80.349
84.479
89.349
84.522
79.670
72.981
82.403
89.306
91.856
84.508
84.367
84.990
85.150
85.946
97.125
80.956
84.655
77.858
72.799
97.462
98.020
86.158
94.645
80.108
77.795
93.227
74.071
80.809
83.942
84.308
76.530
93.121
79.125
87.421
92.567
77.760
70.025
89.438
90.681
70.101
70.128
83.893
77.575
76.137
88.034
82.746
87.456
85.191
85.063
78.193
70.882
86.421
83.381
83.735
85.124
91.269
91.630
91.470
92.334
83.931
82.108
81.600
83.913
71.564
91.673
78.845
73.208
81.329
78.849
74.563
78.786
85.334
89.311
88.342
87.034
83.713
86.897
72.790
78.714
87.162
84.156
76.393
86.100
87.820
84.149
84.222
82.058
95.747
70.320
95.506
87.489
74.537
94.079
76.048
78.056
77.308
87.110
80.892
70.708
85.330
94.666
92.956
88.701
88.236
73.722
87.773
82.280
76.864
72.472
89.099
92.660
89.055
71.434
85.264
87.987
80.687
81.552
84.994
80.674
80.922
94.907
72.895
73.768
83.504
82.032
80.607
84.431
82.921
84.732
86.038
76.007
75.880
85.263
81.344
92.510
96.808
84.523
85.538
71.083
89.935
85.325
91.250
78.702
83.248
90.811
72.044
87.069
88.107
93.451
77.059
92.810
82.186
70.799
92.828
78.999
92.936
96.521
71.081
80.263
85.456
90.702
82.191
74.676
91.718
83.781
72.783
93.535
71.390
75.149
81.324
87.761
85.248
90.749
71.644
85.459
90.365
84.509
84.656
84.130
78.308
79.424
71.320
98.134
82.973
75.040
70.055
77.128
72.221
81.972
79.638
95.100
91.544
82.155
82.766
86.979
77.902
87.161
90.989
79.132
81.510
86.140
88.182
82.330
72.925
83.928
70.842
94.256
93.221
80.569
89.841
92.447
70.484
81.938
85.554
91.267
91.522
73.574
84.478
87.568
76.080
81.330
90.802
89.196
87.597
76.494
77.119
89.271
86.563
95.857
85.604
84.309
89.925
72.540
86.349
89.681
91.991
81.204
97.017
71.354
78.432
85.757
82.476
91.045
91.612
91.763
72.118
72.449
75.584
76.164
89.358
82.180
96.736
91.678
82.944
80.757
87.093
75.006
77.888
73.941
83.652
89.325
97.823
76.615
91.506
72.979
89.196
74.423
88.118
83.843
70.242
81.718
81.619
91.652
74.108
88.838
70.138
75.442
75.017
95.289
91.772
71.120
78.436
89.802
88.618
93.804
76.258
80.398
88.728
79.187
91.525
90.108
72.701
83.602
80.759
74.096
96.470
90.145
93.393
81.866
84.366
73.620
82.810
80.072
72.916
75.300
77.925
79.525
84.295
91.159
83.542
91.724
78.472
92.372
79.581
74.886
86.629
93.351
92.099
92.258
73.689
77.519
95.156
85.553
87.755
84.193
92.022
86.647
84.387
92.888
71.193
87.929
94.976
87.662
83.498
73.161
77.261
89.740
71.475
91.404
81.955
83.617
83.240
84.876
80.876
84.201
83.864
80.485
82.707
93.381
94.111
75.892
86.226
92.567
78.382
90.438
91.732
86.851
91.619
90.148
89.665
81.003
84.598
79.241
84.953
83.603
86.279
73.158
93.264
70.826
82.266
79.616
82.342
76.031
81.016
78.415
86.758
80.406
95.893
85.276
79.597
91.070
84.575
75.755
76.793
71.683
92.667
93.093
74.938
89.060
73.580
76.218
82.174
87.630
91.324
85.966
83.343
93.239
88.078
81.015
91.676
95.865
90.252
78.458
80.504
88.559
84.350
89.136
91.972
93.056
92.953
79.457
77.189
73.685
71.355
78.100
71.221
77.556
75.808
94.772
81.050
89.155
81.138
89.319
93.148
84.856
84.578
91.141
72.855
95.060
82.161
70.407
75.000
86.617
80.366
96.892
78.848
75.922
89.327
82.269
89.155
82.343
90.057
77.061
95.611
75.278
80.730
88.484
92.047
93.698
75.822
82.656
88.531
76.582
83.071
71.891
83.027
78.229
87.890
79.488
93.551
84.862
88.631
89.495
87.909
88.614
86.384
84.299
91.890
73.267
78.555
83.148
73.525
84.142
86.159
73.715
96.261
78.254
81.725
78.048
73.733
84.326
92.046
82.797
91.977
88.227
82.367
87.895
87.322
86.582
88.471
85.715
84.647
93.604
76.224
94.049
73.448
88.081
94.791
78.667
95.112
80.332
88.888
92.910
95.331
71.895
82.099
96.971
90.822
93.941
74.208
76.735
85.911
85.279
79.054
80.185
90.696
71.084
74.819
85.915
96.717
70.832
79.893
76.736
82.646
79.825
81.385
92.114
76.569
70.657
86.594
84.405
80.150
72.776
82.197
84.366
87.584
77.811
92.572
75.209
78.793
97.185
81.321
82.711
92.839
92.329
77.610
94.835
71.696
82.321
97.245
85.667
72.850
73.555
81.191
86.108
87.451
89.645
78.520
89.137
84.514
91.042
96.286
84.731
88.115
77.194
90.713
87.458
80.705
76.804
91.919
81.241
78.248
83.688
84.750
70.464
80.162
84.783
79.584
79.349
77.349
92.247
76.723
81.612
78.366
84.145
97.486
88.322
92.229
93.135
76.948
95.246
91.723
72.258
74.927
95.632
90.530
91.678
94.737
80.137
86.909
80.898
88.503
78.565
80.828
92.885
79.683
89.277
80.546
82.340
79.423
89.036
74.359
77.420
94.292
91.314
74.894
74.456
88.903
89.297
81.182
86.540
89.268
96.295
78.617
93.882
94.323
96.664
89.361
88.335
93.456
93.317
86.051
