75.718
88.315
97.207
95.772
91.306
95.874
89.209
97.784
92.341
97.707
94.599
96.635
92.793
94.165
96.503
94.872
96.244
96.221
92.415
96.996
93.103
88.747
96.454
96.145
94.193
93.460
92.916
93.529
89.540
94.961
96.964
80.486
97.827
97.511
98.303
97.037
98.406
96.425
95.323
87.911
93.283
83.161
93.517
89.398
94.433
97.048
96.944
97.165
95.050
95.210
97.731
90.303
91.966
92.756
86.452
97.520
94.107
95.878
89.603
91.984
88.463
96.465
97.685
88.576
90.431
95.125
96.339
90.082
91.879
90.307
96.218
96.312
97.275
91.091
90.440
94.868
94.862
90.529
85.540
86.107
90.011
95.755
87.266
91.258
95.352
95.882
93.748
90.229
90.761
89.837
76.419
95.444
91.290
93.790
91.125
97.040
90.283
91.782
86.777
91.165
86.918
95.790
96.335
98.213
89.778
90.751
91.200
92.382
83.521
87.635
85.089
91.421
94.597
91.051
92.524
91.098
89.262
95.614
85.649
89.010
93.053
90.475
88.090
81.012
92.459
83.440
95.805
88.648
88.939
95.431
85.450
84.573
91.761
97.951
93.809
93.161
90.448
90.046
92.310
85.922
86.625
91.997
97.341
96.155
79.161
90.512
96.165
92.453
93.863
97.301
93.797
90.466
94.237
94.146
92.915
95.993
97.122
85.472
96.437
93.641
76.867
87.680
90.711
86.837
84.210
92.968
97.909
97.865
89.518
96.251
90.859
89.359
82.551
97.498
93.457
93.970
93.538
92.729
95.278
96.482
95.791
96.104
90.383
97.882
97.630
95.826
95.349
95.915
96.729
94.739
97.242
95.708
86.936
95.101
97.165
93.312
96.278
87.808
88.198
89.465
95.015
94.938
85.834
96.957
97.172
93.193
90.355
88.984
84.980
94.472
88.107
95.624
92.413
95.248
84.373
95.453
87.719
96.703
88.245
91.635
95.040
93.395
92.720
85.793
79.664
94.309
92.303
82.326
90.023
90.465
94.754
97.794
97.063
94.698
92.876
89.701
97.494
88.022
94.162
93.320
97.911
76.485
94.118
94.427
97.784
97.660
82.156
85.899
91.840
96.990
94.165
93.251
96.725
92.018
86.378
93.150
97.667
90.028
86.824
91.409
98.058
94.275
95.786
89.973
88.679
96.269
92.261
84.881
79.672
90.913
91.690
75.113
92.000
94.446
97.251
94.200
89.817
98.103
94.712
96.701
93.445
91.850
96.366
93.200
91.277
93.396
94.362
81.233
93.180
93.672
97.692
96.709
84.330
87.153
93.226
96.775
90.676
98.148
95.588
96.597
96.192
89.526
82.858
92.605
97.801
96.238
97.202
89.769
91.727
95.281
97.271
83.160
95.535
82.841
92.725
97.208
97.893
89.808
86.737
91.765
90.745
85.745
87.831
91.390
92.116
92.329
96.278
88.411
89.757
86.556
95.787
89.733
92.724
74.363
92.091
93.044
77.820
93.556
90.441
90.253
97.740
95.845
95.781
97.724
98.236
90.722
88.315
88.966
84.137
94.978
95.740
95.067
92.187
95.123
93.583
98.310
95.291
95.888
93.101
88.452
91.755
88.478
95.288
81.640
88.166
86.248
91.706
95.863
86.503
92.561
97.276
94.913
82.060
84.246
85.260
89.498
91.101
91.815
73.342
81.632
92.920
97.191
97.960
94.997
90.885
82.771
96.361
96.248
95.791
88.022
89.653
89.826
90.536
96.852
95.865
97.636
82.838
88.389
91.691
94.051
76.008
91.480
93.260
90.621
93.621
93.750
95.944
97.829
98.018
97.563
87.529
85.827
94.551
90.081
89.742
77.105
95.849
92.374
82.340
87.422
90.458
77.553
83.778
94.126
91.658
93.842
95.075
85.792
92.902
95.144
91.698
94.120
94.324
74.248
93.134
80.183
94.503
93.475
89.884
88.977
86.219
86.798
92.940
87.913
96.808
90.850
92.122
88.008
92.073
76.744
93.089
88.717
93.703
97.065
87.339
90.887
94.698
91.907
90.258
75.725
88.314
94.422
93.771
96.855
94.082
87.129
92.112
80.175
72.599
95.313
89.790
93.653
90.724
88.011
94.251
90.916
92.284
92.122
96.578
79.724
82.264
80.537
93.821
92.288
91.982
75.511
83.791
95.025
97.920
92.532
93.402
93.811
81.605
89.996
80.132
86.839
90.173
92.944
97.305
