84.611
74.552
93.964
95.772
92.516
88.228
97.195
95.965
95.409
96.282
82.091
94.257
91.350
79.762
95.445
81.803
89.057
98.520
98.531
94.912
94.910
94.599
94.607
95.547
95.766
86.627
92.402
88.141
76.537
91.247
95.574
95.140
78.628
91.035
90.073
73.984
95.921
83.353
94.634
82.991
92.535
89.159
89.967
92.462
86.128
93.078
93.994
94.594
93.579
89.894
88.831
77.733
70.809
88.356
80.641
92.961
93.353
85.849
89.706
75.549
90.815
73.538
91.910
91.419
91.130
78.578
93.053
93.230
92.062
72.429
95.807
91.646
77.125
85.925
94.588
74.453
92.903
83.835
95.170
84.700
93.716
75.948
81.540
82.916
87.784
91.882
87.733
94.889
76.710
85.846
86.328
87.733
87.998
91.838
89.317
90.172
85.505
88.854
73.859
84.719
73.143
88.298
89.758
93.153
94.602
77.101
80.321
92.368
86.568
78.106
85.884
92.692
87.864
96.059
96.139
84.928
93.792
87.597
95.750
87.805
91.384
97.378
80.402
86.914
81.778
80.335
82.649
95.674
95.613
96.906
76.784
76.634
71.376
76.146
91.368
97.253
80.519
77.483
81.885
84.771
85.549
75.411
83.031
77.019
78.574
78.532
95.464
79.815
70.317
79.422
84.662
90.373
79.063
79.651
90.432
97.350
77.058
83.979
82.608
80.102
97.773
95.187
85.845
90.369
96.008
93.951
72.805
89.842
82.653
87.530
91.749
92.516
70.957
96.293
96.573
95.459
96.734
76.829
96.356
97.435
88.582
86.444
96.837
95.153
90.718
86.946
81.164
91.141
97.712
76.355
77.210
85.402
94.025
83.907
94.307
89.922
82.756
82.005
86.294
97.911
82.242
78.005
88.733
79.779
80.408
89.735
70.120
71.689
85.860
73.507
70.048
73.941
89.974
76.463
77.620
87.415
78.470
89.854
96.153
78.794
91.153
86.739
71.784
77.271
90.486
96.197
93.638
71.586
73.115
89.648
90.511
82.184
81.118
88.283
95.944
83.630
94.363
94.270
87.789
80.312
89.152
95.554
82.015
83.068
73.521
90.611
75.391
71.595
78.581
82.881
82.232
78.290
93.962
89.015
75.148
84.111
78.741
88.642
77.206
85.542
91.101
75.443
78.333
79.335
97.942
77.946
91.948
97.321
90.825
97.933
72.209
88.454
96.606
97.792
77.621
97.509
85.121
72.016
90.016
97.503
76.390
73.849
93.283
90.180
76.526
85.501
87.189
89.336
78.390
83.810
86.048
78.035
97.154
83.691
70.775
75.563
82.172
78.996
82.000
73.925
92.799
81.562
95.645
77.879
88.304
96.177
79.561
74.363
77.352
96.822
87.811
90.771
78.423
83.019
92.300
70.455
96.616
94.047
76.786
78.636
73.590
90.219
92.299
94.780
96.360
83.301
77.969
79.119
97.328
92.179
89.970
83.610
78.487
92.622
82.484
73.960
89.189
82.258
90.686
81.318
95.686
83.531
92.889
76.847
83.163
86.791
81.483
