87.054
95.108
91.578
70.809
71.133
72.579
74.022
77.565
91.362
70.278
76.520
70.451
85.427
72.468
74.193
80.070
91.574
70.949
94.788
92.691
81.462
72.535
86.408
73.501
72.168
74.308
94.332
79.823
82.474
79.181
71.076
70.516
71.925
77.564
76.945
89.951
89.043
73.536
79.146
71.302
88.097
89.124
85.798
96.448
73.572
71.116
83.067
94.862
77.603
81.996
87.570
72.833
70.861
74.444
83.814
72.733
81.660
91.757
90.169
76.070
74.876
72.953
80.978
83.798
91.642
79.007
82.727
74.815
95.723
85.978
90.609
86.591
95.939
77.192
85.160
85.516
85.820
95.530
71.908
92.598
87.233
75.042
77.564
89.151
80.273
84.999
79.242
74.994
88.284
76.199
73.996
89.520
83.110
77.228
84.684
92.984
83.542
93.203
86.212
74.201
80.770
91.814
81.223
92.113
93.660
71.591
83.838
93.644
85.660
75.163
83.078
77.241
74.794
82.471
71.805
93.962
79.128
76.145
70.332
86.494
78.506
77.906
79.020
82.167
72.060
95.960
73.803
74.462
76.974
84.090
74.310
82.644
71.382
83.731
83.136
79.544
92.504
90.044
76.118
84.365
75.990
78.404
82.191
71.022
91.790
83.901
93.234
79.381
93.575
80.915
84.463
70.641
71.161
87.071
78.338
89.479
94.609
76.004
74.331
89.509
90.474
71.681
75.008
80.644
72.388
75.338
73.266
75.751
74.869
97.392
76.402
72.487
77.525
87.422
78.542
91.218
70.501
73.209
83.883
83.770
89.161
77.058
90.118
81.446
88.995
71.626
70.545
70.129
71.808
80.861
84.870
93.376
87.101
86.681
87.445
70.725
91.806
72.907
76.245
70.980
89.712
81.579
79.916
85.772
97.385
81.111
95.257
75.485
82.353
89.020
75.178
87.939
90.896
89.045
76.113
83.925
70.037
85.311
74.748
72.038
83.335
83.123
70.167
75.985
75.685
73.660
95.397
93.489
72.632
91.469
80.531
82.531
93.301
92.481
78.508
71.872
86.734
76.700
92.169
90.750
83.797
75.204
82.521
81.852
70.522
80.030
76.765
82.421
91.608
88.668
73.767
81.888
84.393
78.710
95.024
75.104
81.820
78.851
79.265
76.572
72.336
78.953
80.650
82.597
72.945
74.090
86.796
71.526
72.085
78.795
72.523
92.191
77.804
78.040
88.655
71.483
83.618
87.874
73.245
83.415
85.885
72.596
78.591
93.440
93.027
80.506
82.399
74.356
96.418
86.303
80.668
81.218
75.887
70.163
72.044
75.734
77.030
89.136
76.715
76.043
81.109
74.733
76.993
75.760
72.487
95.217
88.348
90.945
79.316
73.984
77.855
87.364
76.211
91.608
72.538
75.320
73.335
84.830
83.021
81.945
84.171
78.274
79.691
76.481
74.286
93.380
86.005
86.645
73.917
77.697
80.047
83.388
84.733
87.002
77.099
89.501
85.514
70.965
87.122
71.437
71.478
77.287
77.866
91.357
90.279
79.472
77.719
76.643
75.538
93.569
88.905
73.145
83.507
74.420
94.890
80.868
87.715
89.720
81.521
80.791
80.123
74.124
87.199
73.708
90.943
77.947
77.929
72.489
88.999
94.209
85.133
72.614
92.807
90.689
77.006
78.939
70.105
91.725
83.753
85.504
70.251
73.975
80.762
86.798
92.813
89.422
82.568
91.930
75.717
80.031
87.733
81.942
89.575
81.156
87.127
78.119
71.073
78.540
93.461
80.731
86.382
72.690
75.483
75.929
83.050
83.993
95.523
75.143
71.444
80.190
72.701
85.716
72.786
83.524
88.563
82.918
82.724
75.574
85.827
75.864
87.417
91.291
85.427
75.219
72.884
77.965
84.072
82.942
73.079
82.224
78.565
70.426
78.468
78.682
88.189
79.163
77.993
79.047
78.101
92.028
95.399
73.692
85.606
74.653
85.357
79.578
77.557
76.791
91.142
76.236
84.532
95.821
76.267
77.913
88.401
73.915
78.667
76.153
78.289
81.423
72.656
91.155
92.457
87.587
92.576
78.140
83.824
83.359
92.587
71.195
90.189
95.149
88.687
76.783
70.018
94.956
93.395
78.877
77.188
74.020
87.649
82.637
84.268
74.440
74.083
73.328
95.973
85.462
89.588
78.802
94.675
70.927
84.359
80.669
91.576
78.813
70.460
78.374
79.837
73.920
75.492
80.262
88.029
87.863
84.934
80.853
88.623
93.648
86.307
94.993
71.046
79.237
86.301
80.867
82.169
70.719
82.327
77.909
86.425
88.198
76.051
70.306
78.313
77.843
72.989
80.510
84.393
81.414
79.571
76.243
82.738
91.915
78.992
88.602
95.228
89.907
88.712
87.746
88.679
96.036
79.070
89.018
71.583
78.245
81.268
83.174
80.432
71.730
71.553
76.660
88.701
87.995
70.054
92.362
85.309
76.994
88.139
84.931
83.303
75.029
70.333
80.355
77.794
92.037
72.681
87.012
73.358
74.421
74.734
82.419
85.392
78.121
92.545
85.369
87.776
80.056
75.366
77.183
91.172
84.050
73.227
76.253
73.111
82.766
72.349
70.769
91.649
76.801
71.361
87.219
74.102
76.346
72.114
73.495
95.323
73.024
70.681
73.313
82.591
89.927
80.794
88.049
81.899
85.272
88.730
70.504
78.579
84.536
82.799
73.566
83.983
90.265
78.822
85.664
81.139
89.575
70.862
76.677
74.074
77.217
88.131
93.521
79.898
89.824
79.594
82.355
79.823
85.817
94.927
93.058
89.233
71.125
72.992
71.417
75.992
77.521
70.439
78.970
91.348
70.769
78.556
93.771
78.243
74.959
70.344
74.357
73.061
85.219
71.542
83.525
72.879
71.663
82.231
85.597
92.199
82.469
81.535
76.287
78.441
87.390
87.687
95.330
93.707
90.031
85.999
92.223
86.959
94.451
91.588
94.341
87.759
81.174
93.411
72.538
95.564
90.117
75.251
92.298
90.874
92.750
93.212
74.943
81.082
94.332
87.610
91.109
76.249
71.058
87.689
78.604
94.520
86.031
92.715
94.629
92.627
95.618
95.271
92.924
95.188
95.446
73.324
86.684
78.829
95.192
91.798
88.862
95.139
72.074
83.979
96.282
93.681
80.742
94.573
89.174
85.286
87.186
82.619
82.375
79.559
79.098
72.640
79.808
93.574
79.100
82.624
75.305
77.928
92.494
84.187
78.534
81.961
91.306
91.613
75.073
85.104
78.519
77.677
89.246
82.419
91.002
80.945
80.273
70.499
79.468
80.669
78.585
76.984
74.013
90.172
90.390
92.493
96.201
92.648
75.525
73.408
70.099
94.153
81.845
76.163
77.118
83.042
93.354
93.726
76.761
71.554
82.025
92.249
93.099
79.169
78.995
91.275
71.417
95.184
93.017
81.536
87.631
82.197
88.818
93.179
85.383
70.980
73.841
91.602
76.747
78.969
87.086
79.915
89.807
94.140
95.055
78.591
79.229
82.906
80.954
91.793
94.742
93.757
76.389
72.487
84.263
80.558
97.182
91.548
84.502
81.371
80.758
86.080
83.896
75.644
89.806
82.341
87.213
77.387
78.650
93.824
84.233
86.878
81.351
71.459
96.167
79.586
73.160
94.421
85.630
76.508
71.644
89.603
76.846
78.972
81.801
80.359
83.611
74.948
96.309
94.236
89.577
73.155
93.849
94.273
88.910
87.874
72.363
79.182
91.825
82.366
77.534
80.521
83.654
85.423
75.934
72.614
87.196
78.308
86.435
82.319
72.365
92.308
79.932
86.615
74.826
78.539
80.547
88.566
74.812
79.379
81.111
78.839
87.596
84.785
90.941
75.274
76.334
93.929
77.751
82.150
77.716
95.227
77.019
71.990
88.339
90.379
87.780
86.734
84.597
90.635
73.207
75.322
92.553
72.285
78.784
86.967
94.075
77.598
92.445
80.956
73.519
93.549
78.618
95.546
71.788
79.679
94.933
77.705
84.942
89.710
92.544
83.666
80.318
76.834
77.605
89.149
87.174
80.064
83.691
84.921
94.384
70.255
75.856
77.568
89.490
91.262
77.651
72.591
84.769
77.349
81.229
90.017
76.021
82.516
95.149
91.804
73.428
80.237
80.221
87.041
92.036
96.071
79.131
84.558
77.659
78.959
85.819
83.158
83.178
89.769
89.424
80.923
81.478
90.412
75.846
81.226
77.639
87.863
96.248
78.795
87.107
76.730
72.608
83.125
83.243
94.316
95.861
75.574
78.094
94.042
75.455
81.248
80.791
92.505
82.887
71.419
84.478
91.715
73.304
92.278
84.503
80.783
93.153
87.138
71.075
80.282
90.035
86.044
80.183
87.436
83.517
84.698
88.842
86.157
87.493
90.869
90.868
86.664
85.037
80.201
91.303
92.083
93.311
92.103
92.187
80.733
81.164
82.294
81.890
92.770
90.204
89.464
90.112
91.244
90.636
92.694
97.521
93.669
96.710
80.422
86.316
77.239
80.160
87.756
83.132
75.219
84.757
92.452
93.422
94.065
92.318
71.041
95.158
78.835
88.798
89.237
94.934
95.947
78.287
73.636
95.108
78.774
84.027
79.939
85.020
80.649
91.470
74.435
77.997
93.924
70.183
91.315
89.226
86.029
77.525
92.979
73.333
96.933
90.131
72.602
91.422
94.901
93.500
80.536
78.043
73.625
76.598
88.439
88.520
76.374
84.335
81.511
94.222
86.412
75.560
94.565
94.737
73.819
88.190
87.888
85.543
85.160
93.103
96.071
95.270
89.254
89.340
89.288
76.874
77.977
73.771
77.953
83.739
85.852
94.600
79.499
93.488
83.362
87.790
79.186
93.855
77.393
80.946
88.657
74.391
92.416
93.012
89.208
92.751
70.906
93.950
78.881
74.247
82.666
80.295
88.659
72.493
83.121
75.146
71.751
85.519
71.268
76.206
77.090
87.260
82.020
73.488
71.165
87.530
88.398
71.636
93.052
80.127
79.814
84.080
93.274
92.391
86.793
92.529
92.478
75.392
77.284
77.793
81.900
74.391
72.374
83.118
81.147
78.030
72.187
73.124
77.966
81.421
92.807
80.043
81.805
90.359
83.107
81.585
84.651
72.486
77.778
77.345
83.201
85.493
84.975
82.428
76.973
83.628
94.865
85.591
78.753
84.482
78.368
74.612
73.794
80.760
73.637
94.988
85.567
87.100
86.576
85.124
83.403
76.940
92.169
83.523
93.981
87.753
86.075
75.190
82.392
76.017
80.984
81.966
81.275
86.191
95.405
73.309
74.616
87.212
70.386
75.016
94.786
94.225
91.071
92.446
96.181
96.563
92.836
79.203
94.065
95.338
75.677
80.796
76.398
81.410
86.070
92.095
88.608
93.582
80.492
70.586
73.204
91.728
86.711
82.840
76.975
81.714
74.433
81.606
81.304
93.620
76.938
90.645
81.657
73.324
78.860
77.354
81.643
71.367
74.182
91.545
92.836
79.118
93.729
87.619
88.513
77.893
88.274
86.553
75.896
87.241
90.131
77.304
77.413
90.372
92.366
93.466
74.567
78.822
75.651
84.844
85.275
73.271
73.913
79.536
85.135
95.002
82.646
80.793
81.731
91.524
82.240
70.029
91.969
92.349
82.635
81.881
91.137
92.359
79.248
83.918
77.852
72.536
86.752
80.760
83.273
85.221
95.785
96.880
79.918
83.910
94.825
76.819
75.400
76.164
79.260
77.311
86.453
72.260
81.401
80.029
77.498
80.229
86.054
83.840
74.966
79.935
84.519
90.236
92.901
75.802
78.299
73.725
70.672
90.868
84.281
82.922
85.466
91.288
72.227
89.104
89.540
90.148
72.080
93.618
87.493
87.621
82.465
73.409
81.238
87.105
77.232
92.999
73.598
94.303
92.850
88.707
81.813
77.996
77.182
85.616
76.762
77.448
70.487
81.853
81.516
73.822
81.537
79.846
82.082
93.658
71.272
75.423
91.469
79.918
81.596
93.316
74.834
83.643
88.982
73.566
73.635
82.527
73.891
95.009
83.960
75.356
90.792
84.921
92.367
72.442
75.828
70.603
78.988
94.623
72.555
73.529
77.019
86.418
84.669
75.923
70.145
81.802
84.639
85.116
86.435
72.136
72.950
86.699
92.164
77.383
87.900
87.356
79.030
92.866
91.243
83.848
78.593
78.006
78.470
84.433
94.034
90.467
83.133
73.314
88.794
74.314
70.801
96.211
90.335
76.885
79.151
76.653
75.068
75.375
92.152
89.280
72.183
82.851
82.447
94.112
74.218
81.850
79.854
78.942
74.569
83.633
81.637
91.490
86.003
85.048
78.120
77.929
77.425
71.368
72.191
77.721
72.790
88.044
75.596
86.891
93.514
90.462
95.837
96.090
77.165
95.650
95.879
95.421
95.895
95.980
93.320
95.371
95.421
83.854
88.751
78.783
92.675
74.881
84.348
79.330
70.817
71.053
95.382
81.258
73.490
75.252
81.792
76.106
77.960
90.565
72.838
93.156
73.544
89.159
83.820
92.174
92.723
94.299
82.786
93.478
94.348
96.552
96.052
91.972
93.617
94.885
73.638
89.099
87.386
84.527
90.648
88.893
91.308
80.300
77.191
94.132
93.845
95.605
96.086
86.408
92.456
80.734
83.085
91.140
75.385
94.948
96.045
71.446
81.266
81.693
86.874
89.484
71.454
94.885
92.225
94.478
82.943
77.935
84.971
75.146
78.017
79.056
94.011
77.118
87.374
85.790
79.723
92.480
72.905
76.923
83.934
76.892
85.458
80.164
90.376
71.178
77.401
89.681
92.630
79.590
86.080
94.327
92.164
91.121
71.530
95.803
91.913
83.968
83.464
83.614
77.312
85.329
71.489
94.294
86.088
80.643
89.670
72.134
71.175
71.932
77.029
78.449
80.955
88.955
81.210
74.668
78.589
89.337
89.200
92.460
89.275
76.701
73.422
79.621
77.957
81.394
80.770
78.559
88.177
82.415
93.614
78.878
82.222
73.945
78.014
81.691
92.839
94.195
88.319
73.115
72.749
92.303
89.849
90.117
80.520
83.861
95.558
95.282
87.143
77.786
88.453
85.646
95.261
81.657
90.944
96.297
78.530
94.850
82.395
74.172
73.270
80.964
77.541
80.118
83.630
84.444
74.586
90.827
74.890
77.115
86.143
78.386
77.699
79.105
92.635
80.304
90.179
80.809
89.867
90.273
88.102
81.569
85.412
91.057
92.383
70.889
82.973
70.247
83.984
74.143
80.606
94.085
71.340
81.823
77.457
80.426
72.115
94.096
71.612
74.328
79.928
93.949
76.671
88.947
87.582
94.685
93.009
80.885
93.294
89.360
93.098
89.952
73.027
80.873
90.231
72.897
82.801
70.315
86.923
83.541
76.566
76.829
81.612
74.709
91.003
91.113
90.868
78.179
84.554
90.856
80.619
72.131
72.918
76.266
71.521
81.741
76.517
74.443
93.257
81.823
96.743
71.597
88.472
90.366
76.122
76.304
91.521
95.314
89.238
81.354
75.218
85.162
71.616
78.733
71.445
74.071
91.379
84.043
80.410
76.719
90.519
78.843
92.543
78.078
93.504
83.589
80.219
93.792
78.545
94.673
80.892
76.513
90.242
83.910
80.635
92.586
76.106
78.164
82.769
84.013
72.076
80.257
91.660
93.182
73.215
96.791
92.702
87.004
79.639
94.369
86.781
88.121
84.019
79.785
94.010
89.444
92.156
87.999
76.648
85.764
90.752
84.930
87.369
83.360
72.981
75.899
87.454
87.039
78.046
76.794
86.844
73.583
92.727
80.627
76.813
92.261
92.510
73.981
85.926
84.118
74.984
87.430
81.269
74.347
76.123
90.766
84.413
77.554
80.511
74.490
72.937
95.442
95.745
74.565
77.593
94.441
93.497
78.431
75.300
80.933
70.543
73.476
72.580
80.757
88.516
93.768
91.635
76.112
91.711
88.249
78.519
85.984
90.713
89.844
78.324
75.375
90.805
87.869
74.773
76.852
92.312
77.847
76.804
95.088
92.881
92.770
84.238
85.036
71.888
73.380
94.042
83.775
87.937
77.166
75.463
91.315
70.239
75.265
72.103
95.483
88.719
88.416
74.234
84.647
95.404
80.681
73.791
81.532
76.368
75.581
91.501
70.419
78.942
88.783
84.021
94.192
80.039
80.681
80.312
72.793
93.502
74.427
82.586
70.162
75.185
72.983
90.060
77.826
77.883
90.822
89.346
94.673
84.169
93.287
92.527
86.888
82.099
80.174
86.798
78.600
76.232
83.016
76.005
85.695
94.660
92.132
80.934
91.684
90.567
75.718
91.503
89.052
75.984
70.049
76.159
94.648
91.718
77.191
81.850
86.885
86.487
72.921
78.796
72.691
80.778
83.902
72.427
87.986
94.296
77.332
91.993
83.391
86.288
84.789
90.283
83.187
84.409
92.388
87.015
95.711
91.587
81.991
75.485
95.662
94.155
91.744
85.725
85.960
89.579
79.235
72.676
70.815
75.651
74.126
81.841
72.564
70.006
85.853
84.472
74.938
89.035
93.024
94.122
78.932
72.263
89.460
81.666
92.369
73.398
84.286
78.872
81.432
81.433
92.551
79.189
77.621
72.707
72.753
78.635
93.134
80.016
83.270
73.357
76.826
73.942
92.233
79.406
94.070
78.016
89.008
92.143
70.038
73.004
82.800
77.583
75.354
80.795
81.639
88.129
77.658
73.045
91.308
70.419
72.042
98.070
70.145
92.578
77.198
87.411
77.171
72.434
91.113
81.782
81.926
72.094
79.204
92.891
70.959
78.633
77.479
90.722
88.708
75.901
73.302
92.287
87.114
88.798
92.714
94.793
82.628
87.978
84.522
75.144
86.384
84.094
78.352
91.867
78.973
82.004
83.796
95.192
78.328
89.748
88.531
81.100
81.358
73.647
83.286
73.750
74.277
81.177
83.306
77.960
91.794
78.983
72.940
85.347
77.133
74.337
83.053
93.183
74.241
94.668
90.688
71.797
85.676
81.873
82.277
78.153
78.352
75.028
71.367
74.379
83.221
94.975
76.546
74.271
70.967
92.153
75.639
92.096
80.812
78.720
80.905
93.084
93.512
92.778
94.306
88.093
70.873
84.578
96.875
78.421
83.904
95.305
78.420
80.326
70.326
81.466
83.762
72.423
83.313
73.112
79.757
73.653
86.523
79.088
78.838
90.981
96.128
96.868
90.337
70.354
80.574
82.518
78.870
93.610
76.513
90.816
81.549
75.211
85.925
83.047
92.458
74.706
80.038
78.111
80.234
95.497
92.220
73.202
91.277
89.040
76.252
81.072
77.736
79.752
78.966
80.375
82.314
75.127
88.055
91.476
92.354
91.886
91.701
79.483
76.297
91.808
75.721
96.927
96.952
76.719
86.385
78.754
81.832
84.014
72.285
88.300
92.787
88.547
82.387
94.504
71.858
81.849
74.798
85.844
94.813
85.629
77.542
75.492
87.988
95.159
92.354
76.216
79.422
77.461
84.368
76.003
75.189
82.175
74.775
77.360
93.537
77.609
82.588
74.639
73.313
74.526
92.697
82.790
78.817
87.853
77.963
78.756
79.530
90.957
92.801
82.306
94.549
92.628
96.682
77.529
77.141
95.913
96.076
76.356
76.454
95.679
94.267
84.162
88.552
93.147
78.290
82.443
71.396
71.944
77.414
72.028
90.694
77.428
76.053
94.077
95.100
72.807
90.280
77.492
83.083
90.448
90.536
89.634
89.680
71.545
77.724
72.879
97.766
77.026
80.146
85.163
94.431
80.494
75.484
93.111
86.911
78.920
89.614
75.551
92.390
97.205
94.937
84.198
89.922
77.908
85.024
82.389
72.477
91.657
83.775
73.611
82.884
75.973
70.630
82.008
90.832
75.571
71.687
76.573
81.471
79.864
80.062
86.183
73.770
81.360
72.605
81.731
88.522
70.001
94.187
88.188
71.711
91.924
72.619
92.745
94.252
81.228
79.268
79.230
77.597
74.700
72.489
84.157
93.654
83.657
92.021
72.421
96.663
92.640
85.178
92.698
93.529
78.223
84.381
72.567
74.454
94.340
73.657
78.085
93.051
90.271
85.102
92.518
87.962
76.068
93.840
92.850
79.233
92.887
76.213
76.148
89.668
77.260
91.583
74.280
72.435
78.767
78.175
82.579
95.745
83.262
70.209
92.832
76.650
81.914
88.100
71.286
96.457
81.887
74.510
86.707
91.109
75.576
91.545
81.791
70.453
71.535
78.011
77.377
70.257
96.210
85.827
79.481
74.441
79.433
91.356
84.477
72.337
70.962
89.583
70.425
81.789
79.057
76.974
77.947
84.367
72.629
82.072
82.977
90.128
82.051
90.269
78.341
88.857
81.630
78.656
87.547
93.296
77.448
87.609
82.951
81.343
73.856
76.360
79.418
91.986
76.004
85.582
82.955
93.084
74.613
89.028
96.557
96.379
86.117
78.896
78.996
78.136
72.683
74.176
72.700
79.961
77.200
72.171
92.121
82.742
73.998
88.154
93.132
73.412
88.996
81.343
88.051
77.042
78.011
76.066
83.130
88.444
74.762
78.882
72.547
73.835
79.046
95.719
86.007
82.800
88.805
83.325
84.222
96.826
75.841
82.856
88.782
84.192
88.275
87.192
82.667
71.294
79.341
70.681
79.474
73.079
74.289
93.393
74.302
88.918
71.999
79.554
75.381
71.317
85.361
78.621
82.717
89.207
80.413
73.245
85.998
94.099
70.855
89.086
89.452
92.053
95.528
94.201
87.110
88.468
74.870
93.146
78.004
90.285
86.656
80.559
93.373
78.383
85.898
74.935
80.567
73.226
76.157
76.888
79.226
85.745
78.221
87.007
79.731
70.905
90.644
79.965
93.856
79.539
88.130
94.189
91.966
79.898
81.333
91.713
78.937
92.160
90.304
94.260
78.930
72.844
84.868
88.503
78.028
86.532
72.596
76.678
80.716
70.051
87.925
88.853
83.866
82.884
85.216
95.488
71.348
81.545
81.185
72.625
78.186
85.519
85.404
95.670
72.212
70.484
78.477
75.228
76.518
83.431
71.475
71.747
87.145
71.903
75.829
83.224
80.651
85.773
93.496
71.387
84.382
82.752
73.389
78.352
80.032
76.647
75.459
78.215
85.356
76.514
85.942
71.303
93.107
75.341
75.212
78.313
77.314
72.903
84.008
92.713
82.125
86.665
79.597
94.084
71.670
77.364
83.675
90.549
71.449
96.740
73.410
85.054
83.600
93.088
90.684
82.478
85.575
75.855
84.701
83.977
91.398
84.263
75.951
93.046
73.531
76.307
91.703
93.818
74.713
80.033
86.303
80.795
72.803
76.287
77.337
91.938
78.176
73.498
75.325
88.690
88.581
81.078
77.213
81.943
77.006
70.070
70.484
74.472
76.218
91.487
79.912
77.698
71.230
70.646
84.482
75.459
86.288
76.069
71.181
83.364
82.266
74.391
78.519
72.291
72.989
82.847
91.907
78.429
77.073
76.932
71.927
71.491
80.939
92.420
84.531
80.226
86.219
83.166
83.798
75.232
83.576
79.627
70.258
87.106
71.020
71.920
78.325
87.590
87.666
91.424
72.997
78.395
71.722
77.256
75.650
80.529
70.694
77.617
88.390
88.341
80.537
95.565
74.381
72.529
81.646
83.684
70.220
86.257
77.418
77.125
85.828
92.475
81.758
84.128
76.438
77.469
71.244
74.775
85.105
87.018
74.152
92.044
82.933
86.680
90.548
93.780
74.727
79.941
90.354
77.765
82.184
81.959
87.194
81.944
91.629
78.056
76.087
78.080
76.432
85.424
91.939
79.579
70.382
83.720
79.473
78.405
75.271
70.074
88.336
91.155
75.369
80.010
86.323
75.388
85.334
91.230
73.872
81.910
90.029
91.558
75.882
73.323
80.353
71.546
78.829
90.448
74.279
81.587
83.586
74.754
91.157
90.908
72.621
91.754
72.928
75.474
70.804
81.481
82.096
77.679
87.701
72.571
73.362
83.766
74.406
86.223
81.287
75.432
85.948
79.993
80.838
90.256
88.735
70.638
81.306
81.331
79.782
71.953
81.092
81.076
82.553
85.236
73.704
87.972
71.709
96.466
85.665
83.210
76.858
77.000
81.171
73.800
87.651
77.869
74.501
77.456
88.816
78.129
88.225
90.022
80.575
76.120
76.133
70.901
71.844
75.106
87.273
85.796
74.803
80.974
90.526
95.598
71.086
74.868
80.108
76.230
73.354
83.627
71.329
76.536
92.382
75.842
73.720
93.815
80.394
80.124
92.232
71.885
76.798
75.388
82.714
80.140
71.985
80.871
83.933
84.759
78.170
79.067
76.082
76.375
92.723
77.335
84.447
81.503
89.749
70.036
89.093
76.558
87.514
78.746
74.147
74.375
74.582
81.473
70.267
78.913
79.264
77.262
76.617
71.389
81.899
76.664
91.297
70.046
74.374
78.203
74.331
71.533
72.257
90.672
77.904
83.851
90.718
72.641
71.733
71.920
70.936
80.014
87.753
71.660
72.207
92.953
76.972
74.610
79.618
81.818
80.098
83.332
78.372
71.707
90.002
83.317
74.787
73.901
83.400
92.376
75.467
82.034
86.262
80.553
71.769
74.132
80.586
72.493
95.512
88.205
87.556
81.734
87.013
90.641
91.325
97.199
90.448
96.430
91.281
84.828
93.058
93.642
90.149
95.663
78.418
89.142
70.968
79.084
81.933
82.003
82.126
71.865
72.089
73.374
71.356
96.262
91.154
95.756
81.229
70.871
86.898
94.393
92.418
94.379
74.845
92.382
98.124
85.524
92.305
91.820
95.375
94.393
70.216
86.705
84.033
93.578
95.673
92.434
91.690
95.307
95.909
93.823
92.203
94.717
94.118
91.249
92.760
93.428
