82.488
86.971
94.343
81.723
71.076
87.975
86.466
84.123
85.344
80.934
75.573
87.972
84.240
93.642
75.712
89.302
79.278
94.374
92.932
76.245
87.906
77.732
75.180
75.443
71.438
75.314
75.197
71.883
81.537
88.200
92.472
90.102
77.234
84.167
73.749
72.557
77.034
73.985
89.578
87.286
73.819
73.547
76.017
78.951
72.971
84.663
71.788
84.100
75.199
77.523
75.557
86.225
86.404
73.326
73.598
83.363
92.073
72.214
90.225
96.604
74.205
76.561
72.840
83.775
78.239
71.603
78.974
76.887
71.868
79.880
86.103
75.388
80.946
96.190
89.858
87.553
84.017
70.745
87.017
82.972
86.463
92.159
95.259
72.099
87.209
91.576
81.569
87.420
92.026
75.022
80.979
76.826
71.335
70.591
72.789
80.307
78.730
79.453
78.858
76.252
79.116
73.589
75.751
81.655
74.414
97.285
88.136
73.638
71.310
71.670
94.960
91.587
88.209
78.615
89.073
87.879
83.437
96.467
84.826
77.433
88.394
76.131
70.954
86.295
91.332
78.579
89.857
84.056
91.088
89.694
74.881
70.717
91.406
81.094
90.762
92.070
76.291
88.131
85.693
91.911
80.528
90.007
87.753
74.761
84.775
71.401
88.194
78.790
78.038
74.229
79.046
72.734
74.552
81.481
77.265
78.927
83.456
84.056
84.847
91.275
88.229
71.012
82.544
80.618
76.758
79.892
88.612
71.491
70.966
70.553
92.517
86.634
85.224
79.918
88.379
70.750
92.789
89.048
81.776
97.537
70.651
74.315
87.815
78.461
90.586
74.531
83.182
71.816
91.419
79.756
70.259
73.864
78.715
74.884
73.353
87.050
84.344
75.810
91.598
84.350
90.443
70.907
82.722
76.886
85.793
90.564
75.833
70.453
74.721
92.398
83.252
75.559
82.805
83.622
72.432
80.289
87.035
85.446
70.772
77.416
79.778
81.416
70.707
73.184
84.792
86.637
84.376
84.877
89.605
80.638
84.007
80.354
79.211
86.888
74.522
82.116
76.070
84.806
79.252
83.033
78.335
83.016
71.911
80.234
80.957
85.267
95.470
71.313
89.579
79.993
80.680
85.800
75.995
72.882
73.411
82.887
85.713
81.585
72.156
85.337
72.105
90.934
83.056
87.801
71.799
86.925
79.293
80.764
70.514
86.058
89.112
78.769
71.129
91.462
79.305
82.165
72.379
75.723
83.445
80.166
76.324
79.856
70.174
85.287
84.500
81.012
81.140
76.018
84.558
87.876
77.806
83.352
82.241
71.020
92.692
86.554
85.041
91.881
91.501
75.674
78.460
79.767
85.602
94.200
77.540
89.627
79.805
79.313
90.697
73.406
71.769
80.606
74.970
73.234
79.180
86.749
77.505
79.293
72.540
71.710
88.784
88.147
72.705
72.398
74.338
70.706
90.002
83.816
74.378
92.553
89.156
76.278
93.629
76.492
72.446
75.765
75.363
83.785
71.169
89.013
71.919
81.984
77.038
88.748
76.569
90.192
73.117
88.579
73.080
79.034
81.668
72.347
84.738
72.937
88.280
73.406
72.735
74.932
72.127
80.496
74.734
87.985
79.836
72.394
72.430
90.528
90.094
81.644
71.003
85.775
75.649
92.576
84.715
87.745
81.073
81.086
77.478
75.050
71.659
72.197
86.122
79.063
88.025
74.467
86.739
80.075
79.413
81.799
78.741
72.534
70.493
80.110
80.400
75.689
70.781
89.279
90.307
85.769
76.573
87.554
76.740
92.931
81.462
70.952
84.736
73.218
74.319
85.764
73.899
72.192
88.534
75.834
80.013
77.561
78.918
81.907
89.291
88.071
89.485
83.436
86.045
86.295
87.042
90.823
92.199
81.665
81.779
93.755
81.511
72.001
82.063
81.125
75.366
89.095
90.177
76.020
70.682
70.842
80.932
81.865
70.721
72.538
87.013
75.591
77.918
87.010
83.205
87.085
71.204
73.268
91.877
86.191
72.483
79.082
86.021
81.936
79.024
78.383
72.084
80.175
75.820
93.711
90.644
95.283
85.849
93.069
80.529
88.121
85.100
89.191
76.720
94.591
88.625
86.528
72.515
87.053
77.044
91.473
83.177
74.923
74.422
79.415
70.123
95.199
77.227
71.052
75.108
70.281
77.950
72.876
77.023
84.716
90.424
75.945
88.387
85.773
72.622
80.144
70.574
88.124
71.581
80.803
82.656
77.978
87.192
73.247
94.595
88.313
94.128
71.141
73.022
86.039
91.987
82.112
90.800
90.225
80.997
85.746
84.117
86.974
93.778
79.201
71.422
80.064
87.255
90.843
87.630
77.140
79.567
84.210
87.344
75.956
92.627
80.132
78.288
92.388
70.295
91.295
72.448
86.252
82.134
91.564
89.669
81.840
94.849
83.811
87.716
93.498
92.948
83.058
83.762
93.151
91.702
91.588
78.154
78.801
85.235
89.508
85.227
94.598
71.143
73.937
84.422
71.807
83.758
85.770
70.128
85.249
89.758
86.211
84.984
89.033
78.098
93.227
77.261
78.783
80.145
75.401
81.731
75.744
82.319
76.588
73.054
83.962
82.085
88.514
81.351
80.913
82.181
86.833
89.739
72.284
74.511
77.382
76.888
88.086
76.578
84.898
84.730
90.953
77.946
72.196
81.041
83.249
80.051
91.972
77.888
89.122
93.579
82.587
96.064
83.059
89.590
81.787
92.822
92.817
90.493
79.139
87.070
87.491
94.008
82.540
90.720
97.520
85.222
82.419
95.041
93.983
90.400
95.081
85.213
95.055
92.854
94.072
93.457
90.208
70.019
72.851
94.796
78.995
80.577
77.903
76.497
85.111
85.640
78.083
83.581
81.726
96.685
82.654
81.027
71.114
90.200
84.474
78.889
78.516
97.198
86.334
93.369
92.097
94.980
76.506
76.718
75.817
71.058
93.727
89.664
88.391
77.447
79.528
74.033
86.466
95.883
80.651
86.488
79.213
80.691
92.455
80.446
86.149
87.592
88.183
93.279
75.110
73.548
81.220
94.351
86.270
78.800
95.587
87.069
87.737
91.168
76.331
82.114
82.199
83.244
77.696
90.831
90.217
72.313
75.174
92.123
81.003
96.491
88.981
82.886
88.658
87.503
93.397
94.712
89.448
90.705
89.665
83.804
73.060
90.710
89.359
96.498
87.898
84.100
85.476
90.883
80.832
80.181
79.741
78.473
80.912
79.759
94.636
93.169
78.476
89.310
79.372
91.625
93.337
72.362
72.184
74.958
81.568
92.271
94.048
80.663
86.870
70.390
73.967
84.294
78.738
90.253
82.704
90.216
92.204
80.561
82.990
82.494
88.879
77.851
81.812
90.043
85.261
82.398
72.660
82.420
93.891
76.475
73.504
92.219
83.143
79.952
89.099
80.551
83.118
81.059
78.297
96.240
81.671
72.013
85.442
79.509
97.205
85.883
94.546
72.775
96.052
94.410
88.185
82.409
93.399
91.157
88.980
72.108
80.146
91.847
75.624
71.045
91.862
87.778
78.199
78.520
79.991
70.962
75.263
80.427
94.552
85.383
89.279
93.175
89.852
89.079
94.298
78.741
74.163
75.729
92.344
90.324
88.336
80.148
82.474
86.373
71.961
81.049
80.202
96.750
89.421
94.874
89.966
74.519
80.860
76.157
83.862
90.191
89.641
71.492
90.353
70.772
97.950
92.093
88.985
92.841
70.733
92.059
88.766
86.304
83.234
82.151
78.943
79.749
82.474
77.928
70.370
75.514
97.928
78.770
93.893
90.093
90.693
94.995
79.641
88.089
74.879
79.747
79.118
87.901
78.830
76.791
79.156
75.787
70.998
81.933
70.168
85.103
77.698
78.182
81.117
80.519
78.716
92.477
70.427
92.279
77.548
76.498
74.503
92.184
82.018
82.843
92.977
79.115
79.119
81.995
74.544
89.391
72.386
73.021
89.672
92.914
81.926
78.372
72.879
88.052
85.804
86.446
94.181
82.303
81.981
79.157
91.983
89.493
89.061
79.150
77.840
71.040
84.609
84.643
71.677
86.083
75.305
75.027
89.551
83.976
89.738
90.942
75.069
75.220
80.579
74.941
81.230
77.312
89.082
86.925
71.431
93.543
92.269
93.688
92.580
94.919
89.989
79.469
78.605
89.573
76.995
82.208
92.586
83.806
84.492
72.558
90.631
95.294
81.323
81.947
83.434
85.085
72.541
77.010
87.850
74.302
89.285
91.371
72.667
73.133
78.254
87.665
93.774
81.326
73.778
78.772
75.990
90.388
76.097
78.968
83.598
96.407
84.486
85.056
90.376
89.081
90.541
76.499
75.432
82.930
89.531
81.790
76.666
90.053
91.175
76.597
83.624
81.621
72.502
84.722
84.870
93.236
92.900
92.765
74.198
73.520
79.314
92.562
93.089
92.353
92.238
92.624
91.125
93.322
92.686
91.847
91.501
92.890
76.629
94.693
76.789
70.279
91.561
89.805
72.228
71.082
92.055
79.834
89.533
75.717
91.369
73.523
93.362
82.369
75.495
92.441
96.127
94.596
70.243
86.034
90.711
72.345
86.743
74.246
93.312
81.883
71.151
80.341
74.647
71.796
78.817
92.953
77.758
73.066
81.019
74.850
91.324
77.272
89.458
89.451
91.793
82.237
94.705
75.237
73.590
71.606
76.315
84.325
75.308
91.347
80.383
91.829
92.658
83.369
82.862
71.936
73.568
70.976
77.995
93.098
78.834
72.544
78.555
72.135
92.307
82.996
79.091
76.952
87.488
85.430
85.200
76.900
82.643
80.018
78.704
85.205
80.591
92.778
71.518
92.748
75.894
93.912
71.187
85.856
86.675
84.695
71.025
87.274
71.775
82.325
73.339
90.744
88.992
86.243
83.848
79.483
72.042
89.854
78.956
95.102
90.555
85.365
76.009
79.530
84.501
81.560
93.960
77.620
77.333
82.775
74.951
79.038
80.632
89.461
71.980
82.835
96.083
91.602
71.452
95.294
81.905
83.249
92.574
84.864
85.056
73.458
94.293
82.609
84.595
83.441
87.397
92.475
71.124
84.813
85.204
91.587
90.770
90.940
72.465
95.782
88.610
89.039
81.528
92.440
91.847
86.461
85.925
78.995
71.398
75.244
76.895
81.652
70.966
83.460
91.017
78.458
74.743
71.205
77.993
80.590
76.249
70.092
70.013
84.840
86.124
86.073
91.530
78.254
83.753
72.790
93.727
77.834
77.839
73.274
72.292
77.488
95.648
75.991
84.076
71.600
80.231
71.447
73.386
76.764
92.572
85.470
89.488
75.179
88.952
81.306
86.546
92.848
86.785
73.882
72.306
90.643
95.915
96.452
74.320
72.748
88.600
72.006
80.068
88.545
92.217
95.559
91.071
72.105
75.164
81.088
71.900
76.701
90.707
89.354
83.618
95.298
82.017
88.502
81.615
74.894
75.602
81.953
83.944
73.263
85.969
82.117
91.340
79.980
75.010
81.684
87.891
88.423
75.438
85.368
78.945
73.776
78.994
77.053
78.716
86.439
86.941
75.255
74.598
90.207
72.668
86.564
84.788
82.246
70.745
79.641
83.354
74.976
74.034
82.685
85.495
95.709
80.532
80.802
71.411
81.111
89.021
87.474
76.333
89.335
76.410
88.543
86.135
92.564
78.703
91.475
84.483
93.464
80.962
89.442
87.779
70.186
76.819
92.859
95.449
74.796
95.136
89.565
93.216
76.320
81.175
76.802
72.038
72.173
82.330
75.076
70.707
77.734
88.712
81.372
91.460
71.760
88.522
71.986
74.771
81.955
78.217
80.702
78.030
91.922
76.916
91.558
94.806
72.337
82.462
90.214
71.941
81.201
72.976
84.785
89.379
76.928
79.684
93.669
95.631
84.599
75.100
87.086
79.135
95.731
93.932
78.521
89.596
94.847
96.372
71.582
81.626
72.860
79.758
76.934
72.567
82.342
82.792
90.956
80.896
76.752
78.957
91.825
88.493
77.214
78.765
85.736
93.194
93.348
88.479
88.253
79.933
77.054
72.515
93.601
88.331
82.850
72.773
83.470
91.351
76.400
86.508
80.776
87.079
70.847
93.414
90.241
80.624
92.119
92.197
90.598
83.024
74.082
93.644
72.508
91.745
78.909
93.548
74.552
78.946
75.045
77.633
71.347
93.629
93.656
82.871
81.799
73.537
81.078
70.682
91.340
85.914
87.027
73.169
75.306
84.844
84.695
86.055
83.885
83.875
83.228
82.589
84.173
84.514
83.778
84.778
81.637
76.585
83.150
86.731
81.826
90.747
92.540
81.606
81.028
86.748
82.244
86.369
72.906
78.168
87.307
78.009
79.674
80.955
87.144
78.199
90.590
72.584
71.921
84.445
72.387
75.193
76.267
75.962
87.317
83.887
78.893
74.817
71.551
75.385
80.805
74.797
74.393
76.664
74.560
81.981
74.026
91.961
84.490
95.031
75.006
70.986
73.593
89.304
72.113
84.730
74.480
70.976
81.326
86.257
72.286
85.450
77.965
95.323
80.788
86.643
81.399
88.683
87.075
78.164
92.684
80.212
78.950
91.447
91.969
74.864
92.709
90.404
80.516
82.603
73.827
88.107
70.597
92.815
70.786
70.251
78.652
80.337
75.024
93.331
77.101
84.181
89.695
82.632
93.426
88.355
84.487
92.839
83.642
82.616
90.438
81.005
81.310
77.475
78.237
81.469
77.219
71.200
71.359
89.575
82.490
84.950
89.585
85.030
79.437
85.398
76.500
96.048
94.963
95.317
90.415
88.326
93.364
93.337
77.743
78.547
77.054
79.209
76.248
78.411
85.775
95.284
71.080
72.350
92.442
91.848
91.349
92.140
84.579
95.049
94.052
70.106
77.674
71.723
91.740
87.649
84.538
73.718
70.267
83.354
86.896
81.001
80.614
93.504
90.858
71.457
79.727
83.376
94.122
82.418
91.396
90.154
75.051
95.867
76.041
72.282
75.533
92.071
87.889
86.852
89.308
84.003
88.050
89.035
77.775
90.599
89.904
72.892
92.807
85.146
89.183
88.945
88.983
76.819
88.136
94.806
78.606
91.653
84.850
92.382
78.068
89.418
94.995
92.913
72.653
75.688
78.845
73.774
81.097
79.183
91.826
72.267
76.757
93.061
79.207
83.730
93.191
82.518
91.981
82.396
74.682
77.102
70.051
78.969
74.451
72.614
76.379
73.504
86.686
92.669
83.144
82.216
77.969
75.929
71.686
90.969
82.780
81.823
85.326
73.665
81.731
94.461
94.367
94.421
94.495
80.710
89.586
92.104
96.389
80.423
88.099
84.603
90.991
82.817
81.413
89.687
92.465
79.028
95.072
91.998
79.588
82.695
83.595
78.374
74.222
79.852
78.606
74.678
87.504
71.887
87.583
76.693
78.703
82.100
77.531
73.945
92.484
79.074
90.203
85.560
94.843
74.880
78.024
89.346
82.430
93.891
82.043
74.221
94.554
73.930
91.245
85.697
92.181
85.865
76.894
72.505
90.638
94.331
76.112
81.424
91.242
71.901
87.181
97.096
77.266
94.100
82.143
73.137
86.354
94.283
95.148
96.326
92.323
78.128
93.034
89.777
77.989
91.306
94.157
95.037
93.388
94.428
94.315
82.135
74.463
85.640
70.255
88.279
91.544
86.255
91.003
88.156
89.718
90.522
82.968
94.353
74.445
70.273
74.721
92.989
74.101
75.383
91.422
95.067
91.354
94.612
94.425
90.773
93.648
93.737
83.136
94.445
77.422
72.827
73.631
92.662
92.126
87.537
77.733
78.568
82.296
80.087
87.908
87.991
83.874
90.336
75.492
82.772
80.578
71.391
95.133
86.932
89.891
77.282
77.005
74.459
91.219
94.835
97.648
93.535
75.835
74.142
71.310
72.647
77.076
71.514
74.114
94.568
94.236
86.960
75.857
74.596
73.708
76.820
92.378
91.250
85.548
73.816
92.322
80.728
80.996
96.508
94.989
89.778
91.614
87.348
94.477
93.743
95.733
82.193
91.685
94.279
75.621
92.462
88.430
78.948
97.147
95.188
93.066
94.370
90.555
89.537
90.057
81.059
79.876
90.120
