0.031
0.057
0.111
0.101
0.237
0.162
0.096
0.150
0.153
0.151
0.133
0.300
0.091
0.156
0.169
0.121
0.032
0.176
0.138
0.018
0.125
0.140
0.150
0.152
0.209
0.128
0.197
0.144
0.228
0.202
0.297
0.135
0.125
0.155
0.162
0.072
0.085
0.119
0.209
0.133
0.133
0.184
0.066
0.025
0.111
0.170
0.128
0.113
0.073
0.153
0.240
0.139
0.075
0.158
0.146
0.161
0.063
0.086
0.215
0.165
0.246
0.052
0.123
0.244
0.159
0.175
0.110
0.113
0.099
0.085
0.151
0.222
0.122
0.111
0.120
0.110
0.169
0.128
0.123
0.123
0.128
0.016
0.118
0.188
0.095
0.115
0.163
0.089
0.090
0.148
0.168
0.126
0.115
0.217
0.143
0.176
0.206
0.252
0.108
0.065
0.178
0.154
0.108
0.131
0.250
0.140
0.120
0.186
0.132
0.082
0.135
0.040
0.104
0.075
0.171
0.032
0.155
0.132
0.115
0.220
0.153
0.213
0.141
0.173
0.135
0.174
0.159
0.106
0.145
0.169
0.181
0.133
0.169
0.097
0.189
0.171
0.235
0.254
0.108
0.210
0.191
0.158
0.207
0.098
0.199
0.122
0.193
0.080
0.016
0.127
0.150
0.128
0.091
0.142
0.103
0.062
0.167
0.166
0.240
0.210
0.167
0.100
0.083
0.157
0.126
0.087
0.225
0.214
0.190
0.142
0.076
0.109
0.182
0.116
0.119
0.061
0.232
0.137
0.078
0.151
0.162
0.087
0.148
0.166
0.136
0.188
0.235
0.141
0.202
0.040
0.169
0.213
0.160
0.149
0.081
0.120
0.102
0.142
0.035
0.108
0.213
0.200
0.275
0.237
0.135
0.077
0.104
0.125
0.048
0.080
0.095
0.156
0.102
0.112
0.100
0.134
0.072
0.071
0.094
0.132
0.036
0.034
0.172
0.017
0.177
0.073
0.092
0.175
0.095
0.233
0.156
0.065
0.132
0.167
0.187
0.179
0.182
0.121
0.108
0.175
0.148
0.177
0.209
0.148
0.091
0.095
0.097
0.018
0.147
0.151
0.121
0.149
0.166
0.107
0.182
0.169
0.155
0.019
0.049
0.186
0.115
0.100
0.166
0.152
0.042
0.085
0.075
0.153
0.116
0.176
0.110
0.078
0.181
0.094
0.124
0.143
0.173
0.052
0.148
0.054
0.102
0.096
0.053
0.132
0.133
0.136
0.108
0.025
0.066
0.211
0.264
0.142
0.123
0.159
0.070
0.167
0.121
0.152
0.129
0.078
0.081
0.234
0.115
0.052
0.114
0.122
0.163
0.051
0.077
0.135
0.189
0.198
0.155
0.163
0.191
0.203
0.208
0.127
0.176
0.140
0.169
0.149
0.111
0.135
0.184
0.151
0.211
0.143
0.165
0.111
0.101
0.117
0.158
0.127
0.134
0.017
0.147
0.078
0.076
0.046
0.127
0.293
0.095
0.144
0.173
0.051
0.196
0.018
0.083
0.206
0.094
0.226
0.146
0.067
0.133
0.029
0.218
0.037
0.204
0.170
0.164
0.155
0.183
0.182
0.055
0.039
0.167
0.109
0.170
0.152
0.078
0.136
0.154
0.112
0.216
0.133
0.165
0.108
0.165
0.112
0.204
0.102
0.131
0.166
0.164
