0.118
0.043
0.069
0.108
0.135
0.177
0.231
0.089
0.082
0.154
0.123
0.159
0.133
0.186
0.184
0.184
0.056
0.111
0.135
0.075
0.148
0.065
0.113
0.211
0.202
0.143
0.186
0.100
0.071
0.089
0.172
0.158
0.159
0.156
0.133
0.125
0.214
0.226
0.208
0.045
0.070
0.016
0.017
0.135
0.160
0.015
0.171
0.177
0.140
0.172
0.240
0.142
0.056
0.076
0.145
0.034
0.169
0.106
0.198
0.097
0.199
0.208
0.133
0.202
0.126
0.205
0.059
0.093
0.114
0.113
0.184
0.102
0.142
0.233
0.130
0.185
0.050
0.103
0.171
0.134
0.187
0.201
0.097
0.148
0.183
0.075
0.135
0.189
0.168
0.073
0.160
0.235
0.119
0.085
0.132
0.141
0.162
0.171
0.071
0.260
0.079
0.103
0.073
0.155
0.187
0.117
0.091
0.085
0.068
0.161
0.026
0.252
0.081
0.116
0.148
0.091
0.045
0.090
0.090
0.112
0.077
0.148
0.125
0.049
0.038
0.017
0.102
0.110
0.018
0.090
0.082
0.038
0.058
0.074
0.140
0.160
0.170
0.016
0.224
0.085
0.119
0.015
0.159
0.172
0.133
0.134
0.016
0.176
0.137
0.137
0.066
0.184
0.180
0.088
0.156
0.127
0.186
0.193
0.086
0.119
0.103
0.148
0.076
0.086
0.109
0.135
0.167
0.099
0.152
0.142
0.131
0.125
0.105
0.224
0.140
0.167
0.171
0.169
0.174
0.202
0.130
0.130
0.159
0.066
0.154
0.234
0.169
0.128
0.100
0.257
0.111
0.156
0.064
0.161
0.146
0.148
0.086
0.083
0.132
0.133
0.215
0.068
0.180
0.071
0.066
0.176
0.239
0.116
0.151
0.089
0.235
0.082
0.149
0.188
0.176
0.151
0.210
0.193
0.169
0.049
0.186
0.150
0.189
0.095
0.081
0.147
0.074
0.140
0.037
0.148
0.089
0.111
0.058
0.055
0.092
0.162
0.050
0.161
0.134
0.149
0.148
0.046
0.149
0.169
0.132
0.161
0.082
0.152
0.273
0.146
0.121
0.092
0.145
0.133
0.103
0.144
0.189
0.130
0.124
0.050
0.134
0.155
0.112
0.135
0.194
0.187
0.186
0.188
0.192
0.041
0.016
0.138
0.142
0.165
0.184
0.179
0.154
0.174
0.113
0.160
0.065
0.163
0.078
0.238
0.189
0.140
0.113
0.176
0.244
0.125
0.164
0.236
0.127
0.204
0.098
0.057
0.149
0.162
0.139
0.095
0.081
0.167
0.075
0.196
0.214
0.140
0.072
0.132
0.132
0.178
0.102
0.163
0.106
0.017
0.168
0.233
0.187
0.094
0.124
0.117
0.182
0.113
0.160
0.193
0.099
0.161
0.017
0.100
0.137
0.121
0.105
0.103
0.123
0.159
0.201
0.270
0.115
0.161
0.156
0.102
0.140
0.166
0.141
0.107
0.077
0.092
0.136
0.107
0.136
0.127
0.192
0.075
0.161
0.199
0.186
0.228
0.285
0.209
0.177
0.146
0.111
0.066
0.150
0.079
0.161
0.146
0.234
0.175
0.113
0.111
0.110
0.110
0.077
0.095
0.142
0.104
0.119
0.151
0.027
0.173
0.108
0.157
0.160
0.105
0.133
0.231
0.091
0.181
0.079
0.074
0.227
0.136
0.149
0.166
0.164
0.117
0.119
0.041
0.163
0.085
0.152
0.177
0.136
0.155
0.146
0.129
0.143
0.181
0.020
0.147
0.149
0.065
0.020
0.134
0.207
0.118
0.154
0.129
0.122
0.122
0.117
0.133
0.130
0.125
0.127
0.138
0.135
0.133
0.136
0.143
0.181
0.182
0.055
0.190
0.127
0.225
0.200
0.131
0.119
0.100
0.059
0.199
0.221
0.158
0.230
0.141
0.117
0.115
0.140
0.186
0.042
0.038
0.214
0.182
0.097
0.124
0.154
0.104
0.194
0.114
0.115
0.103
0.250
0.191
0.225
0.132
0.142
0.228
0.124
0.154
0.125
0.144
0.136
0.190
0.162
0.136
0.091
0.111
0.191
0.209
0.195
0.204
0.060
0.114
0.118
0.116
0.142
0.143
0.125
0.115
0.159
0.035
0.122
0.163
0.065
0.179
0.182
0.103
0.230
0.019
0.158
0.060
0.138
0.095
0.162
0.168
0.100
0.082
0.253
0.120
0.146
0.138
0.226
0.136
0.251
0.062
0.193
0.141
0.127
0.043
0.172
0.247
0.248
0.182
0.170
