0.197
0.145
0.108
0.134
0.118
0.201
0.153
0.188
0.145
0.184
0.099
0.195
0.202
0.148
0.229
0.142
0.152
0.116
0.184
0.183
0.130
0.186
0.164
0.115
0.192
0.139
0.145
0.084
0.204
0.097
0.247
0.212
0.134
0.221
0.259
0.164
0.114
0.147
0.173
0.141
0.195
0.133
0.162
0.176
0.156
0.252
0.096
0.160
0.149
0.092
0.199
0.154
0.150
0.129
0.147
0.151
0.090
0.104
0.143
0.187
0.176
0.187
0.151
0.118
0.148
0.134
0.239
0.126
0.176
0.074
0.195
0.174
0.172
0.161
0.189
0.135
0.210
0.137
0.135
0.179
0.192
0.178
0.178
0.124
0.144
0.218
0.183
0.222
0.225
0.157
0.208
0.162
0.131
0.130
0.114
0.175
0.262
0.171
0.166
0.114
0.164
0.241
0.152
0.193
0.154
0.168
0.202
0.162
0.141
0.110
0.191
0.166
0.181
0.206
0.230
0.159
0.133
0.143
0.214
0.132
0.187
0.278
0.159
0.093
0.118
0.156
0.144
0.121
0.165
0.138
0.083
0.146
0.093
0.136
0.099
0.180
0.164
0.134
0.248
0.148
0.155
0.151
0.176
0.201
0.210
0.167
0.170
0.223
0.246
0.204
0.146
0.158
0.133
0.140
0.197
0.091
0.134
0.226
0.168
0.213
0.150
0.118
0.151
0.095
0.189
0.104
0.186
0.170
0.139
0.166
0.188
0.159
0.077
0.204
0.132
0.151
0.146
0.119
0.104
0.149
0.156
0.147
0.138
0.180
0.172
0.147
0.114
0.130
0.150
0.214
0.135
0.151
0.184
0.134
0.090
0.260
0.133
0.259
0.198
0.222
0.196
0.156
0.151
0.202
0.115
0.155
0.190
0.139
0.137
0.150
0.209
0.171
0.119
0.193
0.184
0.272
0.213
0.169
0.232
