0.150
0.215
0.116
0.151
0.137
0.177
0.188
0.122
0.081
0.171
0.116
0.217
0.145
0.130
0.093
0.084
0.079
0.164
0.018
0.103
0.171
0.132
0.069
0.128
0.116
0.069
0.177
0.053
0.129
0.113
0.260
0.147
0.143
0.114
0.073
0.017
0.115
0.078
0.053
0.173
0.119
0.108
0.148
0.078
0.044
0.229
0.080
0.177
0.099
0.180
0.088
0.104
0.088
0.128
0.105
0.091
0.093
0.125
0.079
0.177
0.054
0.147
0.085
0.159
0.143
0.039
0.129
0.099
0.172
0.145
0.110
0.130
0.151
0.208
0.104
0.247
0.138
0.083
0.138
0.156
0.085
0.111
0.109
0.055
0.086
0.058
0.094
0.140
0.148
0.071
0.125
0.279
0.096
0.097
0.071
0.135
0.106
0.120
0.115
0.159
0.123
0.030
0.105
0.115
0.097
0.095
0.209
0.076
0.089
0.165
0.176
0.244
0.194
0.080
0.132
0.204
0.147
0.129
0.189
0.023
0.202
0.016
0.074
0.093
0.086
0.109
0.099
0.016
0.118
0.169
0.017
0.053
0.200
0.059
0.076
0.078
0.137
0.153
0.212
0.120
0.101
0.080
0.069
0.138
0.190
0.053
0.167
0.094
0.042
0.158
0.145
0.091
0.124
0.122
0.138
0.141
0.124
0.168
0.089
0.097
0.156
0.150
0.189
0.068
0.103
0.097
0.201
0.115
0.166
0.064
0.111
0.214
0.227
0.059
0.199
0.106
0.130
0.120
0.137
0.144
0.098
0.030
0.139
0.094
0.219
0.151
0.112
0.087
0.098
0.094
0.017
0.140
0.124
0.132
0.130
0.119
0.097
0.116
0.085
0.210
0.157
0.134
0.102
0.129
0.228
0.171
0.093
0.079
0.058
0.141
0.128
0.102
0.079
0.234
0.054
0.080
0.083
0.153
0.033
0.087
0.111
0.087
0.151
0.103
0.110
0.077
0.190
0.078
0.145
0.069
0.081
0.120
0.117
0.065
0.116
0.073
0.100
0.091
0.138
0.059
0.127
0.187
0.110
0.118
0.133
0.110
0.107
0.040
0.120
0.145
0.075
0.117
0.059
0.048
0.072
0.081
0.210
0.138
0.053
0.152
0.137
0.266
0.097
0.100
0.292
0.195
0.087
0.042
0.121
0.164
0.081
0.119
0.053
0.193
0.116
0.210
0.111
0.057
0.199
0.222
0.190
0.102
0.120
0.125
0.102
0.162
0.130
0.087
0.114
0.135
0.107
0.091
0.174
0.071
0.133
0.096
0.053
0.144
0.099
0.115
0.089
0.230
0.095
0.147
0.113
0.193
0.089
0.139
0.103
0.094
0.154
0.141
0.063
0.089
0.243
0.258
0.063
0.132
0.053
0.096
0.100
0.093
0.105
0.127
0.132
0.189
0.114
0.090
0.106
0.167
0.086
0.163
0.127
0.171
0.114
0.136
0.044
0.218
0.147
0.118
0.054
0.164
0.090
0.170
0.100
0.079
0.122
0.157
0.055
0.130
0.152
0.084
0.189
0.077
0.287
0.054
0.054
0.114
0.190
0.146
0.083
0.187
0.120
0.055
0.038
0.151
0.125
0.185
0.055
0.072
0.195
0.164
0.178
0.195
0.085
0.156
0.169
0.067
0.091
0.140
0.055
0.096
0.251
0.140
0.194
0.149
0.071
0.135
0.105
0.035
0.069
0.202
0.088
0.111
0.070
0.199
0.115
0.087
0.076
0.152
0.078
0.239
0.153
0.064
0.117
0.087
0.147
0.199
0.111
0.046
0.143
0.051
0.139
0.141
0.082
0.065
0.119
0.185
0.083
0.217
0.064
0.096
0.125
0.095
0.242
0.273
0.151
0.152
0.076
0.115
0.096
0.054
0.095
0.147
0.069
0.141
0.160
0.108
0.247
0.207
0.061
0.111
0.087
0.086
0.080
0.124
0.201
0.142
0.053
0.133
0.171
0.147
0.036
0.159
0.113
0.109
0.096
0.090
0.095
0.092
0.138
0.134
0.157
0.143
0.086
0.152
0.184
0.142
0.204
0.194
0.050
0.135
0.147
0.253
0.098
0.144
0.138
0.090
0.016
0.100
0.043
0.037
0.038
0.147
0.077
0.068
0.200
0.095
0.105
0.054
0.090
0.156
0.173
0.102
0.108
0.129
0.054
0.024
0.054
0.212
0.193
0.143
0.135
0.171
0.159
0.146
0.195
0.143
0.282
0.075
0.125
0.197
0.193
0.125
0.138
0.096
0.115
0.211
0.210
0.117
0.177
0.113
0.048
0.152
0.120
0.126
0.142
0.187
0.108
0.124
0.133
0.096
0.085
0.125
0.217
0.133
0.047
0.192
0.137
0.110
0.090
0.152
0.170
0.183
0.154
0.098
0.128
0.161
0.200
0.138
0.160
0.094
0.082
0.150
0.111
0.087
0.193
0.183
0.179
0.160
0.047
0.071
0.143
0.082
0.071
0.091
0.100
0.341
0.169
0.112
0.178
0.149
0.107
0.179
0.135
0.101
0.174
0.064
0.077
0.114
0.178
0.113
0.116
0.100
0.127
0.166
0.091
0.091
0.092
0.100
0.073
0.100
0.196
0.143
0.191
0.181
0.130
0.143
0.136
0.154
0.146
0.096
0.072
0.029
0.156
0.180
0.169
0.167
0.186
0.118
0.230
0.141
0.142
0.027
0.214
0.213
0.152
0.095
0.093
0.095
0.176
0.151
0.151
0.174
0.145
0.132
0.103
0.197
0.189
0.145
0.124
0.135
0.066
0.188
0.184
0.161
0.113
0.127
0.183
0.026
0.146
0.161
0.103
0.121
0.129
0.116
0.049
0.191
0.134
0.148
0.028
0.109
0.183
0.209
0.129
0.168
0.171
0.112
0.182
0.202
0.101
0.167
0.159
0.069
0.056
0.107
0.125
0.128
0.114
0.119
0.132
0.132
0.141
0.015
0.090
0.141
0.168
0.019
0.100
0.141
0.071
0.148
0.145
0.155
0.129
0.155
0.109
0.102
0.105
0.098
0.116
0.168
0.163
0.114
0.173
0.078
0.153
0.094
0.166
0.176
0.105
0.116
0.133
0.179
0.244
0.089
0.068
0.156
0.232
0.151
0.175
0.079
0.092
0.015
0.131
0.076
0.111
0.059
0.185
0.120
0.118
0.133
0.137
0.134
0.091
0.044
0.116
0.064
0.118
0.092
0.125
0.286
0.112
0.086
0.094
0.210
0.164
0.149
0.117
0.091
0.084
0.134
0.193
0.114
0.096
0.027
0.210
0.025
0.066
0.145
0.217
0.138
0.140
0.024
0.136
0.103
0.191
0.105
0.152
0.143
0.149
0.126
0.123
0.133
0.078
0.075
0.078
0.112
0.029
0.113
0.139
0.129
0.161
0.108
0.168
0.246
0.202
0.145
0.148
0.206
0.059
0.168
0.081
0.179
0.181
0.084
0.162
0.206
0.123
0.063
0.037
0.139
0.160
0.165
0.078
0.093
0.136
0.104
0.111
0.170
0.054
0.164
0.057
0.287
0.130
0.175
0.154
0.149
0.075
0.133
0.026
0.072
0.150
0.163
0.176
0.137
0.126
0.148
0.092
0.127
0.037
0.068
0.159
0.134
0.233
0.186
0.109
0.188
0.129
0.121
0.154
0.069
0.142
0.175
0.092
0.108
0.213
0.154
0.117
0.104
0.200
0.124
0.127
0.059
0.129
0.184
0.102
0.162
0.198
0.089
0.041
0.189
0.182
0.133
0.157
0.154
0.150
0.148
0.135
0.159
0.120
0.144
0.141
0.066
0.025
0.175
0.115
0.055
0.206
0.040
0.181
0.131
0.118
0.036
0.132
0.125
0.184
0.140
0.169
0.227
0.041
0.081
0.136
0.027
0.199
0.156
0.095
0.091
0.195
0.110
0.214
0.102
0.053
0.170
0.191
0.103
0.095
0.179
0.180
0.186
0.181
0.151
0.156
0.132
0.097
0.191
0.182
0.188
0.033
0.158
0.093
0.181
0.156
0.166
0.091
0.084
0.166
0.155
0.134
0.168
0.122
0.123
0.150
0.023
0.119
0.075
0.055
0.077
0.246
0.085
0.183
0.169
0.181
0.184
0.123
0.197
0.080
0.145
0.175
0.133
0.116
0.177
0.103
0.132
0.177
0.119
0.150
0.225
0.089
0.061
0.151
0.146
0.069
0.220
0.123
0.138
0.074
0.191
0.160
0.183
0.090
0.154
0.097
0.098
0.046
0.035
0.194
0.083
0.149
0.123
0.186
0.103
0.132
0.115
0.197
0.126
0.034
0.081
0.183
0.164
0.187
0.150
0.139
0.066
0.144
0.154
0.191
0.147
0.116
0.122
0.179
0.179
0.178
0.119
0.120
0.028
0.155
0.176
0.187
0.180
0.180
0.198
0.182
0.177
0.177
0.190
0.182
0.155
0.157
0.146
0.095
0.144
0.177
0.170
0.151
0.156
0.140
0.148
0.098
0.139
0.142
0.169
0.164
0.077
0.127
0.133
0.128
0.076
0.125
0.123
0.100
0.251
0.151
0.187
0.044
0.163
0.110
0.135
0.164
0.026
0.173
0.088
0.094
0.077
0.155
0.096
0.103
0.112
0.081
0.133
0.233
0.142
0.116
0.111
0.029
0.083
0.151
0.065
0.162
0.148
0.123
0.103
0.111
0.109
0.040
0.107
0.018
0.100
0.066
0.149
0.047
0.055
0.069
0.175
0.133
0.078
0.123
0.205
0.173
0.140
0.183
0.211
0.093
0.073
0.194
0.118
0.187
0.139
0.213
0.071
0.155
0.188
0.174
0.089
0.122
0.034
0.140
0.132
0.144
0.133
0.167
0.137
0.188
0.178
0.108
0.075
0.219
0.127
0.202
0.166
0.196
0.068
0.107
0.157
0.153
0.212
0.136
0.041
0.166
0.144
0.232
0.100
0.103
0.174
0.087
0.110
0.136
0.085
0.101
0.140
0.141
0.139
0.213
0.219
0.215
0.131
0.148
0.195
0.229
0.077
0.152
0.095
0.108
0.197
0.167
0.170
0.171
0.146
0.138
0.163
0.136
0.097
0.164
0.166
0.113
0.125
0.107
0.175
0.130
0.118
0.188
0.092
0.210
0.175
0.027
0.069
0.112
0.023
0.158
0.149
0.048
0.131
0.145
0.127
0.129
0.191
0.167
0.193
0.039
0.167
0.109
0.080
0.104
0.061
0.262
0.165
0.050
0.114
0.043
0.112
0.088
0.133
0.125
0.073
0.130
0.265
0.161
0.154
0.107
0.226
0.179
0.141
0.021
0.072
0.153
0.152
0.147
0.120
0.048
0.184
0.037
0.099
0.206
0.180
0.147
0.129
0.172
0.177
0.179
0.118
0.115
0.151
0.128
0.215
0.131
0.102
0.148
0.177
0.117
0.092
0.026
0.182
0.106
0.183
0.150
0.168
0.127
0.030
0.065
0.178
0.173
0.033
0.102
0.116
0.069
0.201
0.055
0.046
0.184
0.186
0.105
0.124
0.142
0.149
0.117
0.133
0.097
0.124
0.135
0.025
0.148
0.170
0.107
0.106
0.143
0.217
0.026
0.089
0.150
0.137
0.225
0.097
0.244
0.058
0.126
0.137
0.218
0.099
0.151
0.168
0.150
0.120
0.108
0.119
0.065
0.025
0.065
0.143
0.115
0.221
0.144
0.156
0.116
0.162
0.086
0.038
0.134
0.254
0.061
0.140
0.191
0.162
0.139
0.179
0.128
0.148
0.038
0.027
0.152
0.090
0.161
0.094
0.324
0.131
0.188
0.232
0.122
0.152
0.255
0.207
0.123
0.124
0.099
0.080
0.141
0.081
0.187
0.191
0.083
0.121
0.158
0.123
0.150
0.121
0.147
0.152
0.146
0.062
0.101
0.124
0.177
0.127
0.116
0.138
0.163
0.132
0.117
0.163
0.162
0.035
0.127
0.114
0.178
0.116
0.095
0.111
0.125
0.083
0.220
0.027
0.024
0.116
0.209
0.150
0.122
0.088
0.202
0.107
0.069
0.123
0.060
0.126
0.109
0.140
0.110
0.096
0.202
0.176
0.217
0.120
0.137
0.133
0.187
0.183
0.174
0.161
0.037
0.180
0.101
0.105
0.130
0.165
0.162
0.173
0.136
0.151
0.073
0.136
0.152
0.207
0.064
0.145
0.121
0.196
0.208
0.207
0.196
0.201
0.202
0.193
0.202
0.214
0.202
0.204
0.223
0.202
0.193
0.187
0.187
0.181
0.016
0.172
0.186
0.085
0.149
0.139
0.097
0.169
0.062
0.118
0.121
0.026
0.147
0.089
0.150
0.095
0.158
0.128
0.071
0.049
0.159
0.130
0.160
0.136
0.110
0.127
0.070
0.198
0.223
0.162
0.016
0.139
0.082
0.135
0.104
0.154
0.092
0.145
0.108
0.112
0.174
0.144
0.131
0.128
0.187
0.022
0.118
0.218
0.138
0.266
0.124
0.125
0.172
0.107
0.142
0.144
0.162
0.130
0.066
0.015
0.098
0.107
0.189
0.068
0.114
0.159
0.165
0.135
0.142
0.103
0.053
0.178
0.141
0.212
0.153
0.100
0.075
0.118
0.125
0.170
0.139
0.152
0.149
0.128
0.119
0.138
0.117
0.202
0.081
0.134
0.055
0.041
0.184
0.112
0.219
0.103
0.077
0.154
0.156
0.209
0.069
0.116
0.090
0.189
0.148
0.202
0.139
0.153
0.095
0.152
0.184
0.184
0.066
0.094
0.191
0.097
0.117
0.124
0.111
0.217
0.054
0.015
0.175
0.140
0.159
0.123
0.054
0.147
0.177
0.158
0.131
0.169
0.174
0.119
0.169
0.077
0.039
0.123
0.104
0.151
0.131
0.201
0.172
0.234
0.100
0.181
0.186
0.134
0.187
0.196
0.143
0.166
0.089
0.218
0.089
0.166
0.087
0.127
0.134
0.077
0.167
0.243
0.147
0.166
0.126
0.102
0.065
0.160
0.178
0.181
0.220
0.027
0.185
0.139
0.097
0.140
0.173
0.187
0.223
0.186
0.140
0.192
0.090
0.098
0.122
0.077
0.078
0.051
0.063
0.188
0.124
0.141
0.092
0.110
0.193
0.136
0.128
0.028
0.152
0.180
0.027
0.159
0.171
0.127
0.100
0.037
0.160
0.238
0.100
0.043
0.055
0.173
0.016
0.162
0.119
0.068
0.149
0.180
0.183
0.158
0.156
0.158
0.156
0.113
0.110
0.188
0.138
0.099
0.077
0.178
0.184
0.232
0.139
0.164
0.179
0.150
0.179
0.158
0.106
0.065
0.102
0.141
0.175
0.115
0.134
0.076
0.087
0.152
0.209
0.109
0.045
0.116
0.098
0.120
0.178
0.128
0.145
0.184
0.134
0.143
0.106
0.163
0.083
0.142
0.078
0.041
0.143
0.151
0.130
0.117
0.134
0.113
0.095
0.112
0.127
0.126
0.083
0.107
0.154
0.114
0.123
0.174
0.024
0.125
0.067
0.166
0.109
0.123
0.199
0.197
0.166
0.058
0.130
0.065
0.077
0.153
0.128
0.116
0.131
0.130
0.121
0.081
0.070
0.086
0.179
0.127
0.098
0.095
0.149
0.128
0.120
0.189
0.055
0.109
0.103
0.192
0.110
0.158
0.067
0.185
0.185
0.122
0.129
0.130
0.114
0.131
0.131
0.126
0.157
0.197
0.168
0.144
0.145
0.205
0.136
0.113
0.133
0.190
0.188
0.176
0.081
0.214
0.153
0.179
0.086
0.161
0.138
0.016
0.157
0.146
0.074
0.173
0.102
0.077
0.178
0.178
0.185
0.206
0.038
0.155
0.083
0.148
0.047
0.123
0.140
0.118
0.142
0.128
0.109
0.093
0.104
0.048
0.121
0.181
0.058
0.142
0.171
0.128
0.108
0.156
0.212
0.199
0.183
0.207
0.223
0.232
0.217
0.199
0.192
0.193
0.020
0.178
0.141
0.025
0.167
0.150
0.152
0.180
0.129
0.131
0.126
0.032
0.028
0.146
