0.124
0.095
0.162
0.162
0.095
0.145
0.140
0.123
0.043
0.191
0.222
0.033
0.135
0.237
0.095
0.111
0.172
0.039
0.124
0.083
0.123
0.136
0.305
0.029
0.143
0.140
0.085
0.073
0.199
0.051
0.033
0.169
0.170
0.212
0.131
0.097
0.134
0.121
0.050
0.118
0.121
0.118
0.120
0.058
0.144
0.061
0.038
0.174
0.171
0.109
0.017
0.108
0.053
0.095
0.176
0.133
0.035
0.134
0.032
0.116
0.158
0.033
0.031
0.203
0.201
0.141
0.102
0.036
0.142
0.197
0.240
0.144
0.045
0.137
0.174
0.125
0.076
0.139
0.173
0.153
0.123
0.052
0.130
0.197
0.170
0.080
0.053
0.064
0.053
0.130
0.173
0.115
0.042
0.166
0.106
0.127
0.224
0.144
0.091
0.022
0.123
0.151
0.095
0.035
0.023
0.068
0.051
0.168
0.049
0.159
0.032
0.139
0.203
0.145
0.244
0.207
0.191
0.155
0.094
0.165
0.153
0.156
0.035
0.069
0.081
0.147
0.168
0.113
0.072
0.145
0.122
0.130
0.034
0.156
0.200
0.202
0.169
0.091
0.212
0.141
0.112
0.078
0.133
0.082
0.040
0.121
0.101
0.119
0.141
0.173
0.124
0.121
0.093
0.170
0.187
0.118
0.164
0.036
0.143
0.096
0.108
0.042
0.108
0.179
0.122
0.156
0.156
0.094
0.234
0.087
0.120
0.157
0.115
0.169
0.062
0.138
0.159
0.101
0.111
0.120
0.085
0.107
0.087
0.036
0.077
0.156
0.135
0.035
0.119
0.045
0.016
0.026
0.219
0.070
0.139
0.184
0.122
0.042
0.105
0.234
0.151
0.125
0.118
0.123
0.279
0.202
0.094
0.145
0.127
0.187
0.181
0.172
0.066
0.156
0.071
0.206
0.118
0.082
0.133
0.044
0.142
0.178
0.146
0.143
0.103
0.068
0.076
0.139
0.144
0.162
0.155
0.251
0.016
0.107
0.155
0.149
0.168
0.135
0.047
0.107
0.160
0.082
0.060
0.201
0.234
0.200
0.072
0.109
0.136
0.216
0.023
0.114
0.157
0.037
0.070
0.188
0.122
0.155
0.096
0.211
0.142
0.121
0.114
0.067
0.160
0.205
0.155
0.171
0.164
0.121
0.100
0.089
0.122
0.151
0.149
0.143
0.161
0.086
0.133
0.317
0.085
0.027
0.197
0.147
0.173
0.148
0.139
0.119
0.193
0.262
0.070
0.085
0.137
0.129
0.106
0.157
0.119
0.180
0.193
0.054
0.106
0.059
0.126
0.111
0.078
0.091
0.166
0.044
0.120
0.161
0.016
0.017
0.155
0.036
0.088
0.080
0.062
0.143
0.104
0.196
0.109
0.186
0.068
0.066
0.033
0.142
0.138
0.111
0.182
0.177
0.181
0.035
0.036
0.111
0.141
0.136
0.137
0.151
0.189
0.128
0.133
0.163
0.060
0.124
0.121
0.166
0.151
0.079
0.142
0.295
0.169
0.125
0.201
0.156
0.180
0.137
0.144
0.105
0.182
0.083
0.146
0.151
0.197
0.106
0.085
0.160
0.102
0.073
0.182
0.062
0.204
0.219
0.141
0.133
0.118
0.159
0.144
0.120
0.144
0.126
0.160
0.199
0.127
0.235
0.110
0.200
0.130
0.115
0.059
0.243
0.092
0.153
0.231
0.167
0.161
0.044
0.201
0.105
0.126
0.120
0.079
0.125
0.190
0.158
0.189
0.145
0.061
0.105
0.150
0.100
0.157
0.129
0.132
0.050
0.023
0.169
0.120
0.066
0.099
0.155
0.201
0.220
0.195
0.119
0.096
0.126
0.040
0.169
0.096
0.144
0.098
0.100
0.150
0.093
0.226
0.221
0.134
0.143
0.092
0.034
0.182
0.074
0.170
0.178
0.158
0.145
0.115
0.117
0.064
0.148
0.117
0.039
0.154
0.142
0.128
0.158
0.044
0.152
0.151
0.193
0.070
0.107
0.150
0.170
0.134
0.077
0.091
0.107
0.107
0.039
0.084
0.068
0.173
0.205
0.072
0.138
0.080
0.163
0.145
0.138
0.119
0.331
0.331
0.331
0.316
0.160
0.056
0.044
0.200
0.203
0.202
0.024
0.223
0.160
0.154
0.036
0.088
0.146
0.204
0.077
0.133
0.153
0.095
0.154
0.092
0.103
0.174
0.204
0.158
0.102
0.147
0.057
0.110
0.109
0.186
0.068
0.157
0.190
0.059
0.124
0.161
0.084
0.148
0.095
0.170
0.105
0.147
0.082
0.143
0.170
0.036
0.202
0.103
0.234
0.133
0.196
0.191
0.238
0.140
0.123
0.133
0.144
0.115
0.113
0.220
0.069
0.018
0.153
0.020
0.074
0.210
0.203
0.194
0.149
0.123
0.121
0.119
0.176
0.231
0.127
0.065
0.144
0.135
0.069
0.083
0.127
0.079
0.098
0.197
0.126
0.018
0.211
0.155
0.142
0.185
0.086
0.098
0.068
0.166
0.121
0.166
0.125
0.158
0.037
0.103
0.309
0.151
0.074
0.242
0.062
0.196
0.138
0.040
0.137
0.106
0.123
0.238
0.089
0.186
0.038
0.157
0.028
0.022
0.091
0.102
0.211
0.146
0.104
0.081
0.074
0.170
0.145
0.084
0.127
0.241
0.111
0.035
0.042
0.065
0.114
0.145
0.167
0.126
0.128
0.146
0.132
0.116
0.017
0.067
0.140
0.149
0.167
0.144
0.070
0.178
0.139
0.099
0.033
0.198
0.016
0.191
0.154
0.148
0.148
0.042
0.168
0.201
0.101
0.063
0.146
0.079
0.140
0.183
0.123
0.187
0.120
0.048
0.063
0.149
0.195
0.083
0.141
0.133
0.159
0.198
0.061
0.123
0.094
0.110
0.075
0.035
0.122
0.045
0.072
0.220
0.165
0.112
0.195
0.144
0.146
0.178
0.102
0.099
0.190
0.172
0.101
0.067
0.193
0.069
0.177
0.037
0.169
0.211
0.064
0.208
0.121
0.099
0.072
0.146
0.162
0.165
0.168
0.057
0.198
0.128
0.111
0.068
0.114
0.140
0.169
0.143
0.232
0.102
0.212
0.151
0.150
0.291
0.057
0.144
0.090
0.059
0.134
0.215
0.043
0.104
0.156
0.072
0.121
0.154
0.163
0.055
0.138
0.223
0.034
0.184
0.121
0.190
0.037
0.101
0.143
0.109
0.134
0.192
0.135
0.193
0.097
0.204
0.104
0.088
0.115
0.081
0.134
0.129
0.123
0.150
0.109
0.113
0.139
0.057
0.126
0.019
0.109
0.141
0.085
0.140
0.136
0.118
0.038
0.160
0.135
0.116
0.158
0.125
0.060
0.151
0.200
0.131
0.108
0.179
0.106
0.189
0.093
0.060
0.118
0.195
0.144
0.220
0.113
0.035
0.134
0.132
0.202
0.181
0.153
0.102
0.156
0.045
0.153
0.182
0.186
0.191
0.201
0.132
0.182
0.147
0.084
0.127
0.110
0.126
0.082
0.118
0.154
0.107
0.125
0.109
0.068
0.204
0.069
0.170
0.118
0.050
0.192
0.137
0.082
0.122
0.172
0.017
0.199
0.287
0.185
0.123
0.095
0.206
0.119
0.168
0.073
0.211
0.110
0.055
0.200
0.066
0.081
0.202
0.134
0.134
0.017
0.143
0.175
0.036
0.142
0.260
0.230
0.109
0.204
0.145
0.189
0.141
0.151
0.176
0.079
0.142
0.086
0.070
0.136
0.086
0.047
0.148
0.133
0.160
0.082
0.146
0.170
0.036
0.112
0.187
0.195
0.137
0.129
0.023
0.128
0.199
0.262
0.195
0.141
0.161
0.122
0.121
0.139
0.091
0.139
0.016
0.111
0.086
0.273
0.095
0.171
0.114
0.164
0.169
0.139
0.199
0.113
0.071
0.173
0.049
0.140
0.047
0.164
0.131
0.261
0.113
0.115
0.100
0.152
0.029
0.187
0.058
0.136
0.062
0.142
0.104
0.159
0.128
0.184
0.079
0.113
0.202
0.192
0.063
0.179
0.034
0.110
0.116
0.141
0.196
0.286
0.133
0.172
0.138
0.114
0.153
0.164
0.115
0.108
0.153
0.198
0.160
0.141
0.180
0.090
0.165
0.145
0.109
0.179
0.119
0.143
0.130
0.150
0.170
0.116
0.081
0.077
0.160
0.159
0.161
0.105
0.034
0.104
0.158
0.189
0.155
0.125
0.085
0.156
0.120
0.114
0.163
0.171
0.225
0.048
0.157
0.047
0.133
0.200
0.052
0.205
0.104
0.102
0.045
0.099
0.078
0.200
0.119
0.080
0.182
0.146
0.107
0.128
0.121
0.196
0.212
0.092
0.148
0.127
0.166
0.243
0.112
0.081
0.144
0.197
0.103
0.144
0.068
0.149
0.087
0.119
0.062
0.240
0.172
0.118
0.054
0.111
0.156
0.177
0.245
0.136
0.145
0.098
0.189
0.192
0.116
0.110
0.047
0.094
0.107
0.051
0.208
0.193
0.017
0.153
0.153
0.106
0.094
0.185
0.175
0.160
0.028
0.166
0.203
0.177
0.022
0.220
0.147
0.118
0.127
0.109
0.150
0.147
0.089
0.050
0.156
0.214
0.185
0.157
0.133
0.162
0.140
0.088
0.051
0.106
0.140
0.146
0.106
0.262
0.092
0.156
0.135
0.086
0.184
0.180
0.068
0.147
0.149
0.101
0.046
0.140
0.191
0.212
0.124
0.167
0.143
0.165
0.156
0.112
0.155
0.121
0.106
0.201
0.019
0.146
0.033
0.037
0.037
0.043
0.038
0.032
0.044
0.181
0.104
0.214
0.033
0.058
0.220
0.054
0.093
0.100
0.031
0.105
0.082
0.021
0.177
0.170
0.051
0.165
0.131
0.022
0.155
0.029
0.157
0.153
0.161
0.148
0.105
0.182
0.177
0.108
0.163
0.142
0.116
0.194
0.054
0.059
0.149
0.191
0.210
0.086
0.074
0.172
0.066
0.105
0.077
0.202
0.097
0.154
0.190
0.105
0.016
0.132
0.145
0.137
0.204
0.021
0.205
0.105
0.064
0.064
0.112
0.159
0.146
0.126
0.098
0.157
0.141
0.090
0.018
0.176
0.140
0.148
0.144
0.020
0.053
0.141
0.143
0.222
0.121
0.067
0.215
0.144
0.179
0.088
0.101
0.081
0.168
0.136
0.017
0.140
0.193
0.247
0.202
0.156
0.100
0.095
0.147
0.150
0.247
0.094
0.144
0.034
0.123
0.159
0.080
0.189
0.201
0.144
0.110
0.196
0.188
0.145
0.206
0.110
0.117
0.219
0.115
0.181
0.097
0.177
0.106
0.237
0.059
0.108
0.187
0.192
0.130
0.241
0.085
0.155
0.109
0.156
0.183
0.105
0.168
0.156
0.069
0.163
0.149
0.322
0.141
0.189
0.091
0.121
0.182
0.159
0.113
0.201
0.035
0.155
0.199
0.168
0.192
0.087
0.119
0.174
0.143
0.194
0.098
0.144
0.097
0.139
0.118
0.141
0.266
0.102
0.106
0.169
0.144
0.101
0.112
0.091
0.232
0.179
0.146
0.115
0.139
0.093
0.090
0.222
0.087
0.132
0.144
0.072
0.184
0.086
0.189
0.291
0.166
0.018
0.049
0.083
0.114
0.280
0.123
0.073
0.072
0.059
0.096
0.131
0.159
0.164
0.133
0.127
0.061
0.096
0.095
0.051
0.218
0.061
0.155
0.167
0.170
0.130
0.175
0.169
0.140
0.079
0.130
0.180
0.113
0.099
0.171
0.161
0.113
0.134
0.155
0.181
0.162
0.100
0.157
0.027
0.101
0.199
0.083
0.172
0.137
0.175
0.196
0.143
0.191
0.207
0.165
0.100
0.152
0.119
0.127
0.152
0.190
0.174
0.108
0.119
0.126
0.203
0.203
0.075
0.144
0.153
0.054
0.019
0.068
0.204
0.192
0.205
0.042
0.234
0.156
0.111
0.188
0.073
0.128
0.149
0.042
0.088
0.133
0.237
0.069
0.106
0.039
0.121
0.075
0.164
0.051
0.212
0.087
0.209
0.107
0.122
0.086
0.206
0.119
0.071
0.092
0.120
0.249
0.225
0.102
0.122
0.018
0.120
0.113
0.084
0.197
0.106
0.108
0.127
0.163
0.085
0.070
0.116
0.083
0.102
0.061
0.034
0.156
0.203
0.113
0.084
0.187
0.235
0.117
0.150
0.201
0.162
0.164
0.148
0.070
0.106
0.145
0.137
0.155
0.017
0.018
0.157
0.141
0.149
0.101
0.138
0.169
0.101
0.133
0.069
0.110
0.121
0.146
0.151
0.078
0.131
0.171
0.132
0.187
0.143
0.214
0.080
0.171
0.132
0.080
0.225
0.053
0.065
0.208
0.100
0.171
0.062
0.082
0.139
0.162
0.070
0.156
0.213
0.074
0.131
0.019
0.145
0.050
0.049
0.114
0.214
0.155
0.054
0.148
0.240
0.173
0.076
0.216
0.150
0.061
0.090
0.124
0.123
0.070
0.068
0.123
0.247
0.070
0.237
0.061
0.163
0.035
0.161
0.048
0.072
0.082
0.035
0.100
0.091
0.096
0.028
0.039
0.200
0.214
0.050
0.238
0.016
0.160
0.109
0.077
0.025
0.152
0.088
0.015
0.162
0.117
0.280
0.104
0.097
0.125
0.071
0.280
0.129
0.022
0.123
0.076
0.128
0.100
0.096
0.195
0.190
0.220
0.099
0.139
0.135
0.166
0.240
0.139
0.168
0.121
0.242
0.099
0.019
0.107
0.103
0.143
0.170
0.176
0.182
0.168
0.126
0.114
0.126
0.081
0.153
0.082
0.157
0.157
0.122
0.124
0.087
0.047
0.155
0.291
0.033
0.073
0.125
0.143
0.172
0.070
0.131
0.149
0.214
0.067
0.103
0.102
0.188
0.143
0.092
0.047
0.141
0.099
0.103
0.121
0.035
0.138
0.051
0.103
0.057
0.143
0.107
0.121
0.124
0.100
0.144
0.091
0.198
