0.147
0.041
0.166
0.102
0.155
0.136
0.167
0.237
0.138
0.149
0.017
0.131
0.103
0.124
0.174
0.120
0.166
0.205
0.206
0.102
0.101
0.142
0.142
0.150
0.150
0.072
0.142
0.161
0.133
0.156
0.096
0.190
0.117
0.158
0.178
0.034
0.168
0.089
0.212
0.056
0.123
0.084
0.087
0.105
0.135
0.203
0.213
0.208
0.190
0.115
0.182
0.122
0.048
0.126
0.109
0.227
0.181
0.116
0.191
0.100
0.127
0.133
0.078
0.063
0.157
0.104
0.131
0.188
0.216
0.038
0.167
0.201
0.145
0.068
0.144
0.055
0.125
0.151
0.181
0.118
0.250
0.110
0.078
0.124
0.148
0.194
0.088
0.241
0.090
0.135
0.128
0.143
0.073
0.061
0.319
0.227
0.148
0.160
0.036
0.211
0.152
0.229
0.148
0.152
0.144
0.082
0.102
0.233
0.279
0.136
0.144
0.092
0.209
0.190
0.169
0.133
0.166
0.140
0.167
0.188
0.106
0.171
0.084
0.112
0.108
0.221
0.118
0.203
0.211
0.153
0.097
0.151
0.105
0.181
0.164
0.189
0.082
0.135
0.201
0.094
0.133
0.016
0.121
0.117
0.113
0.107
0.175
0.144
0.201
0.091
0.141
0.193
0.161
0.071
0.160
0.233
0.159
0.085
0.128
0.110
0.215
0.154
0.176
0.138
0.230
0.203
0.070
0.047
0.131
0.147
0.127
0.157
0.020
0.156
0.157
0.141
0.123
0.080
0.208
0.153
0.173
0.153
0.151
0.191
0.147
0.154
0.087
0.162
0.181
0.089
0.288
0.149
0.147
0.111
0.139
0.155
0.086
0.040
0.154
0.080
0.046
0.132
0.182
0.064
0.136
0.118
0.110
0.108
0.217
0.110
0.126
0.043
0.162
0.114
0.113
0.136
0.094
0.130
0.192
0.077
0.135
0.187
0.204
0.054
0.253
0.183
0.106
0.023
0.066
0.203
0.097
0.177
0.278
0.097
0.275
0.097
0.247
0.198
0.212
0.118
0.141
0.165
0.120
0.202
0.116
0.149
0.053
0.053
0.227
0.197
0.094
0.047
0.118
0.068
0.042
0.133
0.086
0.199
0.153
0.115
0.195
0.086
0.114
0.032
0.158
0.072
0.153
0.144
0.176
0.168
0.111
0.219
0.165
0.154
0.060
0.110
0.107
0.043
0.122
0.141
0.062
0.118
0.144
0.200
0.162
0.173
0.159
0.174
0.172
0.150
0.214
0.096
0.125
0.096
0.089
0.097
0.109
0.081
0.104
0.148
0.119
0.088
0.147
0.062
0.161
0.163
0.188
0.105
0.087
0.165
0.181
0.242
0.162
0.211
0.093
0.121
0.185
0.131
0.114
0.096
0.114
0.156
0.139
0.155
0.165
0.204
0.153
0.109
0.141
0.141
0.066
0.160
0.098
0.134
0.081
0.039
0.156
0.178
0.167
0.086
0.201
0.153
0.163
0.078
0.135
0.133
0.127
