0.164
0.118
0.099
0.178
0.097
0.206
0.115
0.084
0.081
0.060
0.148
0.098
0.078
0.110
0.179
0.083
0.112
0.189
0.123
0.182
0.110
0.099
0.114
0.189
0.079
0.163
0.144
0.127
0.152
0.200
0.101
0.080
0.060
0.221
0.164
0.045
0.102
0.075
0.147
0.121
0.084
0.096
0.091
0.116
0.098
0.122
0.019
0.063
0.227
0.169
0.095
0.137
0.135
0.126
0.084
0.181
0.166
0.081
0.237
0.151
0.071
0.076
0.100
0.226
0.087
0.199
0.219
0.117
0.118
0.124
0.129
0.163
0.195
0.203
0.086
0.141
0.096
0.154
0.099
0.079
0.179
0.119
0.070
0.096
0.090
0.113
0.088
0.128
0.109
0.138
0.172
0.019
0.105
0.160
0.040
0.238
0.019
0.123
0.140
0.238
0.156
0.060
0.140
0.122
0.173
0.136
0.169
0.168
0.181
0.133
0.098
0.165
0.164
0.122
0.111
0.128
0.096
0.086
0.121
0.193
0.151
0.162
0.158
0.186
0.147
0.123
0.018
0.181
0.099
0.116
0.145
0.168
0.174
0.090
0.157
0.195
0.091
0.016
0.085
0.132
0.128
0.078
0.086
0.216
0.103
0.080
0.077
0.158
0.227
0.160
0.100
0.181
0.159
0.075
0.017
0.161
0.095
0.114
0.125
0.077
0.133
0.074
0.025
0.100
0.171
0.272
0.102
0.230
0.157
0.178
0.162
0.098
0.103
0.099
0.038
0.153
0.163
0.137
0.113
0.113
0.100
0.098
0.104
0.101
0.101
0.101
0.101
0.100
0.156
0.159
0.149
0.066
0.147
0.079
0.063
0.082
0.095
0.063
0.055
0.109
0.111
0.119
0.315
0.184
0.077
0.125
0.084
0.174
0.152
0.048
0.075
0.088
0.187
0.084
0.117
0.165
0.166
0.211
0.151
0.161
0.149
0.142
0.165
0.105
0.081
0.189
0.082
0.143
0.018
0.197
0.133
0.167
0.161
0.113
0.041
0.107
0.063
0.121
0.196
0.161
0.101
0.172
0.143
0.166
0.138
0.257
0.118
0.091
0.097
0.204
0.042
0.097
0.066
0.113
0.221
0.172
0.095
0.102
0.164
0.096
0.139
0.151
0.060
0.104
0.081
0.016
0.105
0.137
0.109
0.173
0.121
0.062
0.148
0.015
0.119
0.212
0.161
0.098
0.093
0.119
0.069
0.179
0.134
0.119
0.163
0.030
0.154
0.108
0.072
0.019
0.088
0.217
0.171
0.139
0.095
0.097
0.153
0.097
0.093
0.089
0.158
0.154
0.049
0.122
0.090
0.113
0.176
0.210
0.134
0.221
0.230
0.096
0.121
0.159
0.123
0.128
0.127
0.091
0.080
0.085
0.107
0.168
0.092
0.150
0.157
0.194
0.162
0.045
0.046
0.131
0.149
0.029
0.181
0.093
0.098
0.179
0.162
0.101
0.160
0.105
0.110
0.175
0.067
0.165
0.133
0.146
0.116
0.185
0.133
0.063
0.142
0.193
0.206
0.108
0.131
0.135
0.017
0.192
0.036
0.155
0.154
0.212
0.081
0.164
0.015
0.159
0.143
0.127
0.101
0.073
0.087
0.079
0.069
0.139
0.168
0.175
0.100
0.135
0.109
0.170
0.164
0.163
0.162
0.159
0.226
0.229
0.214
0.203
0.029
0.149
0.033
0.082
0.061
0.072
0.079
0.118
0.094
0.093
0.112
0.092
0.153
0.120
0.086
0.080
0.142
0.104
0.103
0.053
0.100
0.120
0.137
0.152
0.084
0.120
0.190
0.067
0.154
0.019
0.080
0.082
0.057
0.089
0.089
0.119
0.044
0.099
0.224
0.025
0.143
0.190
0.220
0.022
0.063
0.167
0.018
0.087
0.156
0.096
0.089
0.156
0.166
0.015
0.280
0.222
0.067
0.087
0.156
0.071
0.251
0.161
0.164
0.142
0.015
0.097
0.115
0.207
0.140
0.165
0.082
0.089
0.216
0.018
0.105
0.064
0.178
0.156
0.199
0.103
0.075
0.126
0.078
0.260
0.042
0.198
0.016
0.072
0.063
0.238
0.107
0.130
0.099
0.201
0.083
0.156
0.154
0.130
0.049
0.170
0.078
0.022
0.121
0.119
0.128
0.126
0.127
0.174
0.148
0.217
0.222
0.204
0.229
0.162
0.106
0.070
0.168
0.083
0.119
0.150
0.052
0.137
0.133
0.120
0.164
0.096
0.169
0.123
0.075
0.062
0.076
0.090
0.185
0.208
0.105
0.083
0.018
0.185
0.183
0.067
0.067
0.104
0.087
0.138
0.117
0.258
0.256
0.268
0.041
0.176
0.159
0.109
0.116
0.145
0.075
0.077
0.086
0.130
0.129
0.161
0.048
0.017
0.172
0.155
0.039
0.121
0.167
0.085
0.047
0.126
0.110
0.088
0.111
0.148
0.067
0.090
0.123
0.051
0.117
0.109
0.100
0.140
0.106
0.017
0.181
0.139
0.116
0.156
0.104
0.177
0.139
0.126
0.110
0.195
0.175
0.213
0.153
0.074
0.104
0.052
0.044
0.053
0.156
0.121
0.169
0.163
0.135
0.160
0.098
0.150
0.137
0.107
0.172
0.082
0.132
0.144
0.171
0.074
0.119
0.110
0.147
0.047
0.084
0.131
0.037
0.025
0.204
0.179
0.178
0.035
0.120
0.193
0.107
0.043
0.256
0.140
0.104
0.069
0.088
0.201
0.150
0.050
0.145
0.195
0.127
0.081
0.114
0.088
0.149
0.150
0.108
0.093
0.105
0.103
0.178
0.148
0.072
0.052
0.120
0.133
0.134
0.190
0.079
0.166
0.056
0.063
0.149
0.198
0.088
0.169
0.085
0.085
0.140
0.026
0.025
0.247
0.270
0.128
0.083
0.075
0.248
0.071
0.129
0.106
0.076
0.136
0.126
0.080
0.016
0.157
0.065
0.099
0.044
0.086
0.110
0.079
0.133
0.121
0.112
0.134
0.159
0.067
0.157
0.102
0.104
0.164
0.115
0.228
0.176
0.234
0.162
0.097
0.101
0.018
0.175
0.107
0.127
0.185
0.127
0.225
0.146
0.262
0.115
0.317
0.205
0.220
0.152
0.149
0.033
0.129
0.108
0.139
0.148
0.018
0.156
0.111
0.118
0.081
0.141
0.135
0.161
0.167
0.051
0.117
0.132
0.133
0.165
0.265
0.171
0.102
0.126
0.055
0.180
0.033
0.100
0.020
0.051
0.048
0.119
0.273
0.112
0.164
0.095
0.240
0.195
0.218
0.121
0.196
0.180
0.093
0.039
0.163
0.142
0.077
0.020
0.125
0.238
0.146
0.127
0.092
0.133
0.097
0.150
0.149
0.262
0.124
0.142
0.135
0.285
0.142
0.164
0.163
0.211
0.114
0.131
0.064
0.049
0.077
0.083
0.097
0.069
0.091
0.124
0.069
0.170
0.225
0.185
0.286
0.321
0.147
0.148
0.084
0.128
0.125
0.096
0.151
0.151
0.089
0.216
0.098
0.076
0.177
0.246
0.208
0.161
0.136
0.165
0.155
0.082
0.075
0.115
0.097
0.177
0.120
0.096
0.152
0.127
0.092
0.162
0.017
0.196
0.151
0.128
0.199
0.211
0.115
0.227
0.065
0.065
0.058
0.191
0.093
0.184
0.190
0.072
0.102
0.139
0.192
0.153
0.027
0.159
0.229
0.111
0.103
0.141
0.097
0.110
0.164
0.163
0.163
0.159
0.106
0.117
0.149
0.060
0.168
0.041
0.141
0.150
0.107
0.135
0.179
0.043
0.198
0.142
0.188
0.124
0.104
0.180
0.097
0.160
0.113
0.063
0.016
0.223
0.135
0.123
0.102
0.127
0.147
0.030
0.189
0.111
0.112
0.153
0.117
0.184
0.165
0.106
0.222
0.025
0.137
0.071
0.113
0.054
0.157
0.097
0.111
0.080
0.099
0.090
0.213
0.193
0.162
0.046
0.087
0.179
0.088
0.196
0.060
0.114
0.050
0.095
0.117
0.074
0.104
0.157
0.149
0.054
0.170
0.117
0.238
0.148
0.144
0.089
0.095
0.090
0.094
0.172
0.155
0.233
0.243
0.033
0.096
0.231
0.224
0.193
0.095
0.100
0.082
0.248
0.067
0.079
0.207
0.098
0.093
0.090
0.103
0.141
0.019
0.135
0.088
0.201
0.140
0.181
0.090
0.135
0.238
0.143
0.090
0.219
0.200
0.016
0.220
0.124
0.162
0.093
0.156
0.110
0.081
0.189
0.037
0.141
0.182
0.218
0.146
0.078
0.063
0.225
0.108
0.122
0.085
0.086
0.109
0.093
0.216
0.143
0.016
0.045
0.095
0.070
0.126
0.163
0.072
0.122
0.127
0.117
0.121
0.144
0.111
0.157
0.128
0.094
0.090
0.187
0.204
0.166
