0.126
0.142
0.174
0.169
0.231
0.190
0.108
0.159
0.151
0.123
0.158
0.207
0.165
0.120
0.140
0.136
0.197
0.192
0.190
0.163
0.136
0.104
0.168
0.162
0.208
0.179
0.214
0.232
0.176
0.161
0.149
0.184
0.077
0.200
0.124
0.153
0.178
0.141
0.172
0.215
0.117
0.300
0.220
0.142
0.129
0.147
0.139
0.177
0.123
0.178
0.222
0.142
0.167
0.161
0.296
0.183
0.156
0.198
0.174
0.107
0.103
0.177
0.168
0.169
0.209
0.083
0.088
0.132
0.108
0.137
0.095
0.137
0.148
0.112
0.213
0.233
0.219
0.108
0.187
0.104
0.156
0.160
0.156
0.203
0.221
0.211
0.207
0.185
0.206
0.148
0.135
0.156
0.173
0.176
0.193
0.205
0.174
0.177
0.208
0.060
0.098
0.195
0.133
0.105
0.117
0.120
0.147
0.122
0.140
0.134
0.106
0.115
0.160
0.129
0.148
0.104
0.076
0.196
0.089
0.084
0.140
0.110
0.250
0.056
0.115
0.082
0.132
0.129
0.176
0.202
0.268
0.130
0.158
0.195
0.174
0.159
0.153
0.082
0.107
0.175
0.086
0.143
0.150
0.159
0.089
0.192
0.150
0.198
0.157
0.150
0.203
0.142
0.046
0.188
0.174
0.229
0.164
0.137
0.177
0.064
0.074
0.091
0.139
0.173
0.152
0.139
0.164
0.169
0.181
0.134
0.096
0.151
0.120
0.163
0.186
0.165
0.100
0.171
0.173
0.149
0.202
0.149
0.102
0.162
0.176
0.196
0.154
0.180
0.207
0.198
0.224
0.168
0.130
0.195
0.161
0.116
0.120
0.093
0.104
0.196
0.206
0.224
0.143
0.179
0.198
0.180
0.138
0.084
0.145
0.199
0.154
0.166
0.098
0.147
0.162
0.215
0.107
0.144
0.099
0.179
0.253
0.147
0.126
0.137
0.125
0.198
0.112
0.147
0.146
0.257
0.166
0.155
0.145
0.226
0.238
0.257
0.150
0.082
0.158
0.145
0.150
0.141
0.211
0.209
0.143
0.147
0.070
0.106
0.127
0.211
0.120
0.220
0.117
0.166
0.110
0.140
0.152
0.138
0.073
0.122
0.145
0.194
0.132
0.106
0.187
0.135
0.147
0.132
0.109
0.098
0.151
0.083
0.076
0.148
0.139
0.206
0.192
0.229
0.212
0.183
0.155
0.177
0.175
0.152
0.173
0.121
0.225
0.188
0.215
0.147
0.156
0.161
0.088
0.147
0.171
0.164
0.173
0.162
0.203
0.223
0.163
0.104
0.139
0.187
0.144
0.164
0.159
0.108
0.117
0.143
0.172
0.117
0.208
0.113
0.141
0.154
0.149
0.201
0.119
0.163
0.172
0.193
0.135
0.115
0.197
0.148
0.191
0.146
0.269
0.123
0.138
0.126
0.131
0.085
0.193
0.196
0.040
0.163
0.094
0.166
0.183
0.166
0.127
0.153
0.141
0.156
0.093
0.104
0.079
0.145
0.143
0.152
0.198
0.181
0.148
0.212
0.249
0.228
0.157
0.117
0.180
0.100
0.119
0.229
0.183
0.091
0.108
0.161
0.194
0.145
0.154
0.136
0.112
0.105
0.115
0.144
0.165
0.162
0.146
0.143
0.101
0.154
0.154
0.169
0.148
0.173
0.201
0.168
0.172
0.104
0.127
0.147
0.189
0.158
0.206
0.168
0.179
0.230
0.127
0.232
0.081
0.149
0.110
0.097
0.111
0.110
0.167
0.128
0.160
0.124
0.079
0.101
0.166
0.179
0.181
0.117
0.185
0.150
0.124
0.127
0.225
0.109
0.118
0.191
0.107
0.178
0.184
0.111
0.174
0.222
0.148
0.158
0.172
0.291
0.182
0.161
0.141
0.093
0.168
0.125
0.155
0.108
0.126
0.170
0.145
0.143
0.070
0.127
0.080
0.185
0.126
0.104
0.145
0.147
0.142
0.241
0.105
0.265
0.131
0.140
0.120
0.171
0.188
0.129
0.224
0.173
0.139
0.131
0.075
0.222
0.141
0.168
0.168
0.099
0.109
0.102
0.170
0.084
0.108
0.078
0.090
0.149
0.185
0.300
0.109
0.228
0.233
0.193
0.156
0.179
0.195
0.152
0.087
0.194
0.143
0.207
0.120
0.200
0.172
