0.129
0.155
0.060
0.051
0.084
0.144
0.192
0.169
0.076
0.151
0.117
0.078
0.190
0.123
0.050
0.121
0.101
0.094
0.123
0.068
0.185
0.122
0.164
0.199
0.171
0.149
0.184
0.215
0.108
0.106
0.244
0.168
0.085
0.147
0.164
0.169
0.168
0.062
0.263
0.148
0.175
0.183
0.076
0.107
0.148
0.186
0.191
0.154
0.088
0.136
0.160
0.091
0.173
0.190
0.174
0.107
0.167
0.128
0.061
0.047
0.144
0.169
0.053
0.169
0.118
0.147
0.165
0.162
0.174
0.147
0.224
0.032
0.169
0.036
0.019
0.234
0.191
0.217
0.154
0.147
0.163
0.141
0.126
0.111
0.099
0.127
0.146
0.138
0.139
0.212
0.157
0.205
0.128
0.044
0.200
0.133
0.163
0.095
0.100
0.070
0.145
0.161
0.111
0.177
0.140
0.116
0.133
0.130
0.076
0.158
0.150
0.043
0.156
0.108
0.200
0.188
0.162
0.117
0.053
0.161
0.146
0.119
0.103
0.120
0.140
0.113
0.020
0.095
0.042
0.164
0.206
0.144
0.101
0.070
0.017
0.113
0.217
0.149
0.148
0.140
0.127
0.148
0.190
0.127
0.165
0.136
0.225
0.232
0.126
0.116
0.137
0.141
0.181
0.092
0.082
0.139
0.095
0.141
0.043
0.142
0.167
0.141
0.150
0.151
0.149
0.148
0.145
0.095
0.095
0.097
0.157
0.152
0.132
0.174
0.135
0.147
0.128
0.175
0.086
0.063
0.065
0.097
0.054
0.081
0.064
0.058
0.017
0.126
0.170
0.105
0.102
0.166
0.178
0.083
0.103
0.142
0.162
0.216
0.169
0.069
0.141
0.119
0.224
0.119
0.176
0.207
0.187
0.110
0.159
0.160
0.184
0.162
0.076
0.191
0.098
0.107
0.199
0.113
0.022
0.155
0.146
0.160
0.101
0.156
0.132
0.232
0.079
0.104
0.197
0.137
0.181
0.201
0.036
0.090
0.137
0.111
0.188
0.235
0.071
0.087
0.074
0.117
0.090
0.176
0.144
0.144
0.148
0.068
0.075
0.178
0.139
0.141
0.250
0.142
0.017
0.168
0.120
0.106
0.206
0.116
0.121
0.143
0.107
0.157
0.108
0.056
0.080
0.150
0.079
0.094
0.069
0.102
0.167
0.176
0.209
0.145
0.264
0.171
0.023
0.219
0.104
0.149
0.173
0.155
0.051
0.058
0.146
0.236
0.099
0.121
0.301
0.162
0.181
0.180
0.134
0.148
0.226
0.125
0.125
0.185
0.024
0.078
0.138
0.094
0.035
0.170
0.188
0.156
0.144
0.102
0.086
0.088
0.204
0.227
0.124
0.114
0.134
0.151
0.215
0.170
0.166
0.174
0.016
0.241
0.126
0.150
0.193
0.161
0.165
0.092
0.191
0.208
0.085
0.120
0.182
0.105
0.110
0.034
0.153
0.044
0.143
0.165
0.104
0.104
0.143
0.077
0.143
0.175
0.085
0.032
0.015
0.104
