0.140
0.129
0.138
0.063
0.097
0.121
0.087
0.077
0.187
0.174
0.176
0.041
0.066
0.071
0.061
0.106
0.161
0.028
0.198
0.328
0.137
0.152
0.151
0.044
0.216
0.065
0.227
0.229
0.082
0.123
0.212
0.248
0.056
0.028
0.039
0.088
0.175
0.122
0.107
0.102
0.194
0.062
0.096
0.110
0.066
0.041
0.141
0.123
0.041
0.139
0.103
0.154
0.086
0.119
0.111
0.175
0.134
0.135
0.162
0.151
0.076
0.203
0.207
0.138
0.160
0.179
0.108
0.087
0.143
0.151
0.111
0.167
0.148
0.046
0.287
0.098
0.147
0.152
0.089
0.152
0.113
0.051
0.113
0.116
0.167
0.098
0.111
0.063
0.178
0.209
0.062
0.119
0.112
0.088
0.152
0.110
0.050
0.189
0.206
0.061
0.051
0.200
0.171
0.158
0.141
0.048
0.143
0.172
0.081
0.088
0.109
0.129
0.218
0.180
0.048
0.193
0.068
0.126
0.113
0.101
0.129
0.017
0.153
0.145
0.100
0.148
0.027
0.064
0.071
0.131
0.037
0.211
0.018
0.131
0.203
0.109
0.186
0.144
0.119
0.127
0.063
0.122
0.096
0.099
0.147
0.068
0.152
0.151
0.184
0.124
0.149
0.186
0.084
0.099
0.119
0.124
0.091
0.077
0.139
0.249
0.132
0.129
0.161
0.182
0.124
0.127
0.071
0.063
0.162
0.108
0.112
0.148
0.041
0.118
0.041
0.136
0.083
0.130
0.125
0.114
0.112
0.114
0.105
0.079
0.086
0.029
0.085
0.159
0.274
0.222
0.264
0.142
0.099
0.087
0.178
0.099
0.099
0.100
0.089
0.139
0.129
0.132
0.025
0.096
0.176
0.074
0.246
0.110
0.117
0.100
0.046
0.146
0.112
0.147
0.128
0.086
0.164
0.096
0.134
0.240
0.079
0.180
0.040
0.179
0.105
0.087
0.189
0.103
0.182
0.077
0.135
0.175
0.136
0.130
0.184
0.038
0.064
0.020
0.183
0.175
0.149
0.172
0.081
0.109
0.150
0.084
0.112
0.145
0.059
0.115
0.094
0.107
0.147
0.078
0.178
0.117
0.151
0.114
0.215
0.113
0.096
0.025
0.120
0.104
0.109
0.088
0.150
0.119
0.066
0.173
0.114
0.067
0.119
0.198
0.120
0.143
0.188
0.089
0.133
0.107
0.120
0.106
0.052
0.091
0.136
0.111
0.133
0.065
0.108
0.055
0.171
0.041
0.132
0.062
0.124
0.137
0.117
0.203
0.039
0.063
0.145
0.137
0.077
0.269
0.061
0.201
0.121
0.142
0.158
0.072
0.095
0.070
0.080
0.070
0.048
0.083
0.063
0.219
0.102
0.062
0.089
0.124
0.119
0.021
0.038
0.189
0.191
0.058
0.107
0.170
0.115
0.077
0.088
0.091
0.126
0.119
0.139
0.147
0.102
0.120
0.112
0.174
0.147
0.128
0.103
0.102
0.072
0.116
0.154
0.174
0.138
0.147
0.214
0.145
0.143
0.261
0.177
0.149
0.114
0.140
0.051
0.148
0.136
0.094
0.105
0.017
0.120
0.101
0.129
0.086
0.193
0.139
0.180
0.081
0.130
0.102
0.052
0.162
0.124
0.161
0.029
0.085
0.095
0.106
0.226
0.174
0.187
0.189
0.117
0.090
0.090
0.181
0.163
0.249
0.147
0.077
0.174
0.165
0.233
0.175
0.149
0.103
0.141
0.167
0.271
0.126
0.163
0.182
0.108
0.109
0.071
0.113
0.064
0.171
0.222
0.123
0.169
0.075
0.128
0.140
0.147
0.180
0.138
0.153
0.106
0.122
0.088
0.025
0.351
0.225
0.149
0.128
0.077
0.136
0.202
0.154
0.161
0.100
0.025
0.147
0.142
0.069
0.203
0.124
0.141
0.120
0.081
0.111
0.180
0.105
0.157
0.197
0.081
0.199
0.132
0.019
0.272
0.074
0.016
0.074
0.168
0.094
0.131
0.113
0.158
0.166
0.131
0.051
0.189
0.205
0.156
0.127
0.161
0.179
0.124
0.070
0.230
0.159
0.142
0.171
0.164
0.243
0.048
0.100
0.133
0.117
0.141
0.065
0.098
0.180
0.190
0.194
0.106
0.057
0.125
0.025
0.165
0.093
0.133
0.097
0.108
0.166
0.095
0.120
0.152
0.131
0.141
0.136
0.093
0.059
0.108
0.160
0.170
0.065
0.059
0.046
0.070
0.113
0.143
0.160
0.134
0.091
0.077
0.121
0.117
0.111
0.148
0.073
0.084
0.031
0.083
0.152
0.082
0.053
0.071
0.116
0.188
0.071
0.098
0.109
0.092
0.112
0.055
0.078
0.156
0.040
0.196
0.204
0.093
0.071
0.064
0.135
0.074
0.105
0.099
0.175
0.150
0.076
0.140
0.108
0.032
0.134
0.266
0.144
0.150
0.117
0.200
0.120
0.038
0.128
0.141
0.122
0.190
0.107
0.177
0.173
0.133
0.162
0.138
0.052
0.137
0.123
0.048
0.185
0.126
0.058
0.077
0.194
0.061
0.119
0.172
0.132
0.153
0.117
0.168
0.156
0.236
0.137
0.141
0.079
0.146
0.138
0.178
0.147
0.152
0.157
0.164
0.053
0.157
0.215
0.123
0.189
0.087
0.198
0.145
0.130
0.189
0.234
0.041
0.028
0.133
0.174
0.124
0.127
0.147
0.079
0.168
0.100
0.101
0.211
0.132
0.022
0.066
0.080
0.077
0.274
0.015
0.110
0.200
0.029
0.177
0.131
0.055
0.106
0.155
0.076
0.105
0.146
0.068
0.017
0.164
0.057
0.107
0.122
0.185
0.163
0.137
0.161
0.088
0.170
0.146
0.100
0.208
0.217
0.137
0.182
0.170
0.199
0.218
0.205
0.132
0.107
0.184
0.174
0.217
0.197
0.140
0.070
0.184
0.194
0.186
0.087
0.068
0.192
0.196
0.143
0.114
0.110
0.201
0.160
0.148
0.140
0.190
0.157
0.142
0.200
0.100
0.176
0.148
0.147
0.115
0.099
0.119
0.100
0.187
0.132
0.154
0.078
0.145
0.142
0.144
0.158
0.201
0.152
0.084
0.170
0.181
0.146
0.244
0.086
0.069
0.026
0.118
0.156
0.123
0.074
0.084
0.193
0.062
0.085
0.028
0.073
0.193
0.079
0.229
0.068
0.017
0.151
0.028
0.111
0.142
0.028
0.105
0.108
0.101
0.026
0.119
0.124
0.148
0.197
0.202
0.147
0.137
0.146
0.094
0.038
0.157
0.141
0.057
0.054
0.174
0.140
0.202
0.105
0.079
0.099
0.203
0.192
0.088
0.138
0.080
0.142
0.152
0.129
0.067
0.091
0.201
0.113
0.208
0.121
0.046
0.121
0.162
0.184
0.152
0.148
0.073
0.175
0.131
0.139
0.153
0.136
0.110
0.133
0.203
0.208
0.156
0.168
0.181
0.128
0.152
0.168
0.150
0.149
0.150
0.108
0.202
0.129
0.155
0.130
0.139
0.116
0.217
0.134
0.194
0.106
0.106
0.090
0.123
0.165
0.028
0.129
0.188
0.092
0.024
0.089
0.144
0.192
0.025
0.178
0.086
0.093
0.080
0.178
0.189
0.142
0.041
0.184
0.148
0.153
0.125
0.141
0.080
0.142
0.114
0.140
0.114
0.096
0.117
0.149
0.143
0.159
0.091
0.091
0.025
0.197
0.184
0.103
0.145
0.104
0.177
0.059
0.140
0.109
0.056
0.137
0.148
0.105
0.122
0.181
0.072
0.117
0.171
0.129
0.191
0.056
0.191
0.023
0.077
0.180
0.236
0.179
0.189
0.123
0.105
0.075
0.125
0.185
0.036
0.080
0.140
0.234
0.099
0.062
0.142
0.155
0.177
0.088
0.120
0.093
0.133
0.231
0.131
0.204
0.143
0.130
0.153
0.066
0.179
0.091
0.201
0.105
0.088
0.132
0.119
0.140
0.023
0.115
0.084
0.135
0.102
0.089
0.177
0.020
0.166
0.119
0.115
0.101
0.156
0.185
0.081
0.072
0.115
0.192
0.089
0.133
0.196
0.037
0.156
0.132
0.097
0.177
0.213
0.129
0.078
0.121
0.088
0.042
0.119
0.090
0.137
0.112
0.212
0.156
0.112
0.096
0.134
0.146
0.132
0.131
0.070
0.146
0.096
0.123
0.139
0.111
0.189
0.111
0.146
0.150
0.075
0.105
0.243
0.182
0.184
0.129
0.115
0.133
0.097
0.038
0.040
0.133
0.114
0.146
0.087
0.127
0.136
0.081
0.104
0.111
0.153
0.157
0.151
0.169
0.029
0.069
0.070
0.065
0.071
0.071
0.155
0.152
0.155
0.157
0.185
0.159
0.163
0.162
0.181
0.174
0.069
0.161
0.196
0.145
0.087
0.128
0.076
0.029
0.151
0.037
0.100
0.177
0.184
0.205
0.057
0.185
0.188
0.178
0.026
0.051
0.142
0.230
0.123
0.103
0.039
0.143
0.083
0.114
0.062
0.064
0.069
0.207
0.086
0.069
0.144
0.018
0.151
0.079
0.167
0.102
0.131
0.178
0.160
0.082
0.190
0.168
0.201
0.192
0.059
0.130
0.094
0.139
0.165
0.159
0.143
0.157
0.107
0.234
0.187
0.100
0.122
0.132
0.100
0.150
0.134
0.176
0.128
0.169
0.178
0.175
0.191
0.188
0.207
0.096
0.090
0.174
0.048
0.199
0.134
0.199
0.186
0.141
0.114
0.121
0.198
0.206
0.127
0.160
0.160
0.177
0.183
0.204
0.121
0.075
0.054
0.178
0.026
0.155
0.174
0.095
0.125
0.131
0.114
0.036
0.125
0.120
0.048
0.039
0.025
0.125
0.150
0.151
0.099
0.117
0.222
0.080
0.231
0.143
0.079
0.130
0.178
0.117
0.172
0.190
0.182
0.208
0.126
0.128
0.105
0.043
0.095
0.129
0.151
0.151
0.063
0.125
0.078
0.135
0.113
0.028
0.175
0.181
0.157
0.171
0.119
0.039
0.026
0.172
0.130
0.132
0.062
0.136
0.129
0.107
0.101
0.164
0.083
0.106
0.112
0.095
0.026
0.170
0.106
0.231
0.147
0.145
0.184
0.214
0.126
0.139
0.164
0.122
0.177
0.109
0.156
0.074
0.132
0.069
0.160
0.157
0.129
0.258
0.142
0.145
0.122
0.184
0.087
0.130
0.141
0.203
0.070
0.198
0.146
0.146
0.185
0.158
0.216
0.153
0.111
0.125
0.153
0.028
0.226
0.197
0.150
0.218
0.181
0.125
0.207
0.161
0.149
0.140
0.135
0.137
0.065
0.148
0.222
0.201
0.147
0.144
0.119
0.160
0.093
0.117
0.092
0.197
0.116
0.081
0.183
0.104
0.144
0.016
0.145
0.125
0.114
0.179
0.135
0.127
0.119
0.018
0.133
0.151
0.189
0.178
0.078
0.180
0.082
0.210
0.069
0.114
0.175
0.107
0.130
0.124
0.182
0.091
0.029
0.184
0.143
0.060
0.173
0.169
0.101
0.096
0.168
0.111
0.034
0.130
0.093
0.151
0.148
0.137
0.236
0.208
0.175
0.160
0.188
0.060
0.183
0.054
0.106
0.060
0.163
0.180
0.165
0.212
0.150
0.132
0.132
0.112
0.120
0.135
0.099
0.102
0.107
0.092
0.187
0.136
0.138
0.118
0.091
0.221
0.104
0.142
0.110
0.138
0.093
0.091
0.092
0.093
0.139
0.123
0.138
0.084
0.105
0.143
0.030
0.225
0.044
0.211
0.130
0.186
0.191
0.150
0.029
0.112
0.135
0.126
0.178
0.147
0.168
0.107
0.142
0.060
0.149
0.110
0.218
0.200
0.169
0.127
0.220
0.166
0.120
0.238
0.143
0.133
0.118
0.046
0.176
0.130
0.112
0.129
0.128
0.119
0.128
0.214
0.120
0.122
0.082
0.136
0.180
0.188
0.059
0.078
0.054
0.198
0.156
0.132
0.185
0.112
0.106
0.119
0.127
0.053
0.043
0.180
0.108
0.094
0.148
0.131
0.106
0.183
0.083
0.221
0.091
0.111
0.110
0.160
0.178
0.114
0.167
0.080
0.173
0.146
0.063
0.188
0.117
0.121
0.101
0.160
0.149
0.140
0.146
0.161
0.095
0.073
0.146
0.133
0.068
0.154
0.048
0.023
0.112
0.146
0.095
0.143
0.229
0.104
0.184
0.145
0.114
0.106
0.039
0.027
0.074
0.166
0.178
0.183
0.224
0.170
0.154
0.149
0.146
0.128
0.129
0.126
0.131
0.131
0.157
0.144
0.143
0.107
0.166
0.082
0.212
0.142
0.069
0.127
0.099
0.072
0.151
0.145
0.171
0.145
0.108
0.135
0.210
0.174
0.119
0.127
0.053
0.163
0.189
0.083
0.187
0.214
0.080
0.151
0.151
0.151
0.153
0.197
0.143
0.141
0.141
0.126
0.086
0.182
0.095
0.087
0.128
0.159
0.105
0.118
0.181
0.149
0.151
0.110
0.222
0.121
0.072
0.183
0.147
0.150
0.213
0.091
0.187
0.177
0.110
0.064
0.100
0.183
0.201
0.117
0.054
0.178
0.220
0.104
0.062
0.162
0.125
0.171
0.158
0.160
0.027
0.130
0.225
0.134
0.131
0.118
0.120
0.129
0.071
0.036
0.039
0.198
0.148
0.158
0.130
0.152
0.147
0.151
0.087
0.195
0.129
0.150
0.158
0.115
0.022
0.118
0.066
0.134
0.071
0.193
0.164
0.098
0.033
0.111
0.026
0.116
0.155
0.051
0.151
0.117
0.027
0.296
0.154
0.111
0.172
0.095
0.076
0.135
0.057
0.096
0.027
0.043
0.087
0.094
0.159
0.077
0.160
0.162
0.137
0.129
0.135
0.146
0.051
0.175
0.108
0.063
0.175
0.136
0.153
0.245
0.146
0.142
0.267
0.183
0.150
0.201
0.186
0.173
0.117
0.177
0.090
0.134
0.095
0.114
0.016
0.068
0.117
0.114
0.118
0.167
0.127
0.168
0.132
0.122
0.114
0.106
0.053
0.117
0.287
0.088
0.210
0.070
0.117
0.180
0.152
0.150
0.191
0.161
0.212
0.029
0.141
0.179
0.153
0.093
0.163
0.157
0.048
0.099
0.054
0.210
0.029
0.157
0.177
0.076
0.101
0.235
0.085
0.158
0.155
0.131
0.145
0.044
0.190
0.172
0.189
0.173
0.156
0.191
0.147
0.053
0.157
0.097
0.086
0.152
0.071
0.039
0.154
0.037
0.147
0.166
0.159
0.056
0.018
0.167
0.191
0.155
0.138
0.128
0.109
0.137
0.078
0.141
0.137
0.082
0.191
0.035
0.167
0.166
0.120
0.046
0.127
0.185
0.080
0.119
0.106
0.236
0.019
0.027
0.082
0.015
0.196
0.132
0.134
0.037
0.215
0.118
0.131
0.204
0.155
0.343
0.179
0.194
0.139
0.198
0.200
0.144
0.180
0.168
0.105
0.157
0.130
0.126
0.129
0.047
0.069
0.128
0.165
0.190
0.188
0.160
0.131
0.145
0.112
0.178
0.170
0.078
0.149
0.028
0.142
0.114
0.175
0.151
0.136
0.107
0.156
0.159
0.201
0.193
0.088
0.095
0.178
0.118
0.127
0.156
0.132
0.102
0.143
0.121
0.054
0.190
0.187
0.126
0.115
0.157
0.110
0.171
0.145
0.189
0.181
0.107
0.139
0.154
0.153
0.030
0.075
0.143
0.140
0.215
0.118
0.108
0.166
0.027
0.047
0.115
0.088
0.223
0.112
0.151
0.154
0.141
0.173
0.117
0.185
0.152
0.189
0.108
0.154
0.114
0.211
0.139
0.095
0.182
0.111
0.157
0.149
0.116
0.053
0.152
0.190
0.173
0.160
0.115
0.068
0.135
0.139
0.091
0.175
0.111
0.080
0.244
0.023
0.087
0.180
0.217
0.204
0.174
0.124
0.060
0.127
0.141
0.181
0.099
0.152
0.127
0.243
0.095
0.166
0.187
0.123
0.145
0.065
0.151
0.110
0.035
0.165
0.104
0.135
0.068
0.169
0.139
0.076
0.025
0.116
0.120
0.160
0.130
0.114
0.115
0.111
0.157
0.092
0.116
0.080
0.117
0.048
0.112
0.117
0.144
0.128
0.149
0.043
0.185
0.145
0.101
0.220
0.082
0.025
0.066
0.112
0.159
0.137
0.133
0.110
0.191
0.070
0.074
0.127
0.115
0.066
0.017
0.041
0.194
0.153
0.124
0.147
0.084
0.235
0.163
0.153
0.026
0.168
0.137
0.199
0.170
0.136
0.115
0.120
0.156
0.147
0.135
0.111
0.212
0.205
0.165
0.116
0.024
0.131
0.148
0.099
0.185
0.024
0.104
0.059
0.131
0.229
0.147
0.191
0.123
0.045
0.101
0.149
0.129
0.049
0.157
0.077
0.041
0.176
0.108
0.156
0.076
0.035
0.063
0.150
0.253
0.148
0.131
0.095
0.118
0.094
0.190
0.150
0.111
0.058
0.124
0.180
0.107
0.037
0.134
0.077
0.083
0.092
0.117
0.158
0.145
0.142
0.120
0.202
0.036
0.108
0.072
0.117
0.150
0.174
0.106
0.072
0.145
0.151
0.096
0.047
0.117
0.190
0.046
0.149
0.133
0.201
0.133
0.015
0.151
0.132
0.198
0.185
0.136
0.160
0.026
0.247
0.164
0.127
0.221
0.084
0.099
0.145
0.114
0.105
0.240
0.140
0.150
0.162
0.165
0.173
0.110
0.118
0.227
0.072
0.114
0.103
0.211
0.117
0.142
0.155
0.140
0.070
0.182
0.116
0.190
0.203
0.114
0.231
0.071
0.100
0.119
0.132
0.099
0.180
0.144
0.019
0.107
0.111
0.247
0.186
0.082
0.030
0.155
0.109
0.157
0.135
0.144
0.028
0.088
0.168
0.209
0.188
0.146
0.170
0.018
0.098
0.183
0.097
0.199
0.185
0.135
0.190
0.173
0.115
0.119
0.094
0.163
0.018
0.027
0.080
0.266
0.177
0.192
0.105
0.257
0.256
0.168
0.110
0.096
0.171
0.159
0.140
0.220
0.195
0.094
0.047
0.080
0.141
0.152
0.115
0.026
0.091
0.129
0.137
0.142
0.022
0.166
0.082
0.108
0.153
0.105
0.089
0.071
0.113
0.144
0.019
0.310
0.163
0.167
0.168
0.166
0.096
0.042
0.162
0.017
0.163
0.160
0.135
0.104
0.136
0.123
0.167
0.039
0.117
0.177
0.124
0.101
0.117
0.055
0.114
0.109
0.057
0.108
0.118
0.121
0.244
0.198
0.143
0.185
0.030
0.034
0.159
0.068
0.180
0.185
0.202
0.110
0.121
0.178
0.138
0.144
0.162
0.113
0.067
0.161
0.098
0.037
0.088
0.079
0.152
0.093
0.154
0.278
0.166
0.141
0.189
0.138
0.143
0.221
0.128
0.137
0.022
0.103
0.140
0.140
0.103
0.165
0.217
0.161
0.101
0.049
0.050
0.159
0.175
0.161
0.025
0.025
0.195
0.173
0.210
0.176
0.108
0.128
0.127
0.131
0.175
0.166
0.064
0.026
0.156
0.208
0.115
0.087
0.119
0.223
0.153
0.098
0.122
0.186
0.176
0.174
0.150
0.110
0.169
0.187
0.147
0.140
0.078
0.118
0.186
0.115
0.156
0.123
0.145
0.094
0.111
0.101
0.125
0.231
0.068
0.015
0.149
0.128
0.124
0.157
0.174
0.140
0.042
0.117
0.035
0.147
0.088
0.203
0.182
0.123
0.198
0.063
0.184
0.215
0.128
0.147
0.209
0.212
0.142
0.073
0.189
0.189
0.048
0.069
0.065
0.157
0.083
0.189
0.106
0.115
0.059
0.018
0.038
0.107
0.127
0.177
0.332
0.154
0.154
0.173
0.232
0.109
0.133
0.187
0.131
0.140
0.214
0.035
0.037
0.174
0.123
0.197
0.015
0.080
0.027
0.110
0.117
0.186
0.122
0.080
0.132
0.046
0.135
0.169
0.037
0.191
0.079
0.126
0.091
0.168
0.135
0.185
0.149
0.107
0.039
0.138
0.118
0.054
0.139
0.127
0.178
0.100
0.105
0.291
0.166
0.100
0.095
0.121
0.113
0.101
0.059
0.158
0.136
0.156
0.069
0.107
0.134
0.118
0.162
0.102
0.177
0.127
0.152
0.132
0.161
0.165
0.132
0.279
0.112
0.141
0.123
0.098
0.083
0.057
0.118
0.101
0.040
0.145
0.072
0.103
0.176
0.180
0.174
0.153
0.025
0.095
0.197
0.096
0.094
0.126
0.074
0.118
0.168
0.162
0.039
0.160
0.249
0.184
0.173
0.067
0.153
0.170
0.027
0.052
0.106
0.179
0.037
0.118
0.070
0.084
0.073
0.121
0.063
0.199
0.193
0.100
0.093
0.109
0.074
0.166
0.213
0.240
0.114
0.220
0.162
0.117
0.131
0.064
0.121
0.046
0.176
0.185
0.037
0.185
0.015
0.128
0.132
0.140
0.132
0.101
0.111
0.058
0.027
0.129
0.129
0.124
0.099
0.132
0.130
0.143
0.135
0.157
0.213
0.138
0.020
0.163
0.026
0.235
0.146
0.152
0.129
0.109
0.156
0.169
0.189
0.102
0.103
0.149
0.083
0.224
0.026
0.159
0.028
0.166
0.178
0.110
0.119
0.068
0.148
0.138
0.173
0.173
0.137
0.178
0.132
0.133
0.146
0.197
0.118
0.164
0.163
0.102
0.123
0.124
0.016
0.059
0.026
0.132
0.182
0.176
0.184
0.100
0.151
0.125
0.039
0.164
0.176
0.183
0.058
0.207
0.131
0.129
0.044
0.127
0.205
0.107
0.046
0.015
0.152
0.039
0.173
0.065
0.235
0.140
0.096
0.121
0.122
0.057
0.141
0.126
0.118
0.064
0.131
0.142
0.151
0.026
0.119
0.129
0.079
0.095
0.118
0.126
0.098
0.136
0.136
0.077
0.072
0.076
0.156
0.059
0.125
0.092
0.092
0.120
0.165
0.284
0.071
0.214
0.062
0.108
0.161
0.109
0.211
0.096
0.101
0.165
0.112
0.116
0.160
0.118
0.146
0.073
0.116
0.212
0.016
0.131
0.040
0.058
0.063
0.026
0.088
0.138
0.173
0.290
0.196
0.051
0.057
0.155
0.165
0.131
0.160
0.111
0.025
0.079
0.108
0.103
0.120
0.193
0.196
0.116
0.114
0.045
0.117
0.100
0.126
0.090
0.039
0.085
0.073
0.127
0.223
0.173
0.079
0.110
0.160
0.030
0.120
0.164
0.137
0.084
0.136
0.163
0.107
0.132
0.160
0.186
0.180
0.090
0.083
0.162
0.042
0.290
0.068
0.117
0.146
0.113
0.136
0.184
0.150
0.155
0.040
0.123
0.094
0.150
0.043
0.089
0.299
0.089
0.063
0.106
0.136
0.133
0.042
0.222
0.066
0.134
0.054
0.082
0.096
0.187
0.067
0.096
0.265
0.028
0.161
0.091
0.186
0.098
0.086
0.127
0.097
0.137
0.122
0.110
0.158
0.198
0.134
0.130
0.154
0.096
0.101
0.123
0.243
0.082
0.046
0.083
0.050
0.142
0.144
0.150
0.049
0.086
0.080
0.166
0.099
0.063
0.163
0.176
0.087
0.071
0.198
0.161
0.182
0.118
0.151
0.147
0.160
0.222
0.154
0.089
0.028
0.089
0.065
0.061
0.120
0.105
0.080
0.040
0.085
0.111
0.076
0.154
0.138
0.118
0.172
0.121
0.108
0.162
0.120
0.166
0.016
0.056
0.093
0.143
0.145
0.121
0.129
0.078
0.138
0.100
0.120
0.084
0.164
0.180
0.141
0.039
0.146
0.020
0.184
0.155
0.122
0.140
0.090
0.147
0.137
0.144
0.151
0.048
0.173
0.035
0.118
0.111
0.117
0.026
0.094
0.144
0.129
0.168
0.158
0.118
0.122
0.082
0.130
0.187
0.145
0.101
0.084
0.187
0.136
0.161
0.043
0.070
0.075
0.104
0.141
0.154
0.048
0.034
0.187
0.060
0.163
0.111
0.028
0.081
0.107
0.086
0.092
0.083
0.076
0.079
0.088
0.081
0.141
0.196
0.116
0.068
0.122
0.106
0.164
0.026
0.194
0.162
0.058
0.174
0.170
0.128
0.139
0.132
0.103
0.087
0.265
0.132
0.101
0.126
0.129
0.137
0.098
0.047
0.108
0.118
0.163
0.054
0.118
0.143
0.073
0.041
0.169
0.165
0.030
0.132
0.168
0.211
0.216
0.217
0.107
0.094
0.149
0.179
0.198
0.185
0.111
0.154
0.190
0.200
0.106
0.113
0.030
0.019
0.153
0.105
0.125
0.100
0.082
0.183
0.098
0.214
0.146
0.141
0.052
0.108
0.135
0.081
0.217
0.170
0.158
0.093
0.096
0.173
0.107
0.106
0.171
0.109
0.146
0.119
0.168
0.132
0.162
0.132
0.082
0.111
0.162
0.195
0.094
0.098
0.096
0.056
0.038
0.052
0.046
0.168
0.147
0.233
0.028
0.099
0.099
0.199
0.202
0.197
0.129
0.122
0.188
0.100
0.127
0.122
0.099
0.171
0.037
0.118
0.115
0.065
0.072
0.071
0.071
0.133
0.125
0.124
0.121
0.119
0.236
0.068
0.196
0.187
