0.092
0.105
0.048
0.068
0.038
0.037
0.091
0.100
0.095
0.072
0.177
0.026
0.110
0.104
0.116
0.100
0.107
0.118
0.173
0.156
0.180
0.133
0.083
0.105
0.139
0.087
0.185
0.082
0.080
0.146
0.060
0.149
0.044
0.121
0.180
0.100
0.077
0.120
0.115
0.126
0.204
0.159
0.112
0.099
0.102
0.180
0.185
0.173
0.113
0.144
0.132
0.108
0.079
0.029
0.109
0.064
0.142
0.095
0.063
0.134
0.195
0.158
0.160
0.119
0.111
0.211
0.069
0.160
0.173
0.043
0.123
0.067
0.167
0.134
0.144
0.185
0.120
0.053
0.098
0.071
0.059
0.204
0.035
0.092
0.125
0.184
0.196
0.059
0.161
0.079
0.103
0.049
0.135
0.127
0.141
0.139
0.158
0.154
0.177
0.214
0.236
0.116
0.146
0.189
0.133
0.122
0.108
0.024
0.151
0.172
0.153
0.251
0.179
0.065
0.075
0.200
0.092
0.056
0.129
0.042
0.119
0.016
0.139
0.116
0.088
0.045
0.169
0.158
0.129
0.090
0.110
0.043
0.049
0.146
0.170
0.135
0.071
0.139
0.135
0.165
0.112
0.152
0.132
0.080
0.053
0.140
0.153
0.152
0.133
0.081
0.091
0.125
0.177
0.117
0.124
0.131
0.227
0.036
0.274
0.170
0.083
0.075
0.134
0.134
0.178
0.115
0.046
0.035
0.147
0.114
0.143
0.052
0.029
0.158
0.115
0.132
0.091
0.159
0.104
0.037
0.098
0.118
0.058
0.144
0.033
0.065
0.050
0.069
0.056
0.067
0.022
0.118
0.191
0.222
0.059
0.189
0.174
0.123
0.093
0.054
0.085
0.146
0.146
0.120
0.131
0.109
0.110
0.088
0.132
0.145
0.136
0.078
0.161
0.039
0.193
0.135
0.132
0.145
0.070
0.169
0.139
0.215
0.144
0.200
0.116
0.088
0.099
0.126
0.061
0.147
0.162
0.186
0.114
0.067
0.176
0.244
0.159
0.112
0.197
0.122
0.038
0.176
0.194
0.181
0.213
0.153
0.185
0.131
0.156
0.159
0.078
0.023
0.018
0.060
0.149
0.157
0.087
0.173
0.120
0.157
0.027
0.083
0.109
0.114
0.103
0.141
0.182
0.172
0.167
0.101
0.154
0.136
0.175
0.184
0.172
0.176
0.146
0.016
0.039
0.087
0.064
0.157
0.119
0.163
0.236
0.194
0.176
0.154
0.162
0.117
0.118
0.033
0.271
0.037
0.018
0.122
0.159
0.017
0.206
0.091
0.174
0.123
0.227
0.098
0.176
0.041
0.160
0.189
0.326
0.170
0.146
0.130
0.135
0.120
0.100
0.102
0.186
0.172
0.186
0.169
0.187
0.105
0.159
0.138
0.027
0.149
0.248
0.095
0.132
0.188
0.203
0.106
0.204
0.124
0.113
0.068
0.122
0.139
0.194
0.136
0.017
0.130
0.165
0.024
0.144
0.085
0.025
0.181
0.044
0.181
0.067
0.154
0.153
0.150
0.135
0.059
0.127
0.137
0.069
0.018
0.058
0.041
0.147
0.193
0.110
0.108
0.084
0.071
0.187
0.107
0.026
0.073
0.045
0.108
0.179
0.017
0.095
0.024
0.159
0.110
0.138
0.140
0.044
0.237
0.066
0.120
0.110
0.118
0.068
0.118
0.026
0.161
0.025
0.094
0.088
0.088
0.170
0.035
0.141
0.019
0.142
0.180
0.027
0.177
0.228
0.128
0.129
0.110
0.095
0.101
0.071
0.024
0.137
0.124
0.064
0.165
0.123
0.215
0.148
0.111
0.147
0.092
0.159
0.208
0.149
0.146
0.078
0.143
0.110
0.124
0.065
0.128
0.151
0.152
0.111
0.027
0.073
0.164
0.145
0.096
0.102
0.244
0.015
0.133
0.039
0.057
0.094
0.073
0.208
0.166
0.090
0.075
0.159
0.110
0.129
0.209
0.034
0.136
0.202
0.260
0.087
0.128
0.064
0.148
0.199
0.019
0.189
0.194
0.089
0.032
0.132
0.171
0.183
0.056
0.193
0.081
0.162
0.066
0.094
0.144
0.078
0.084
0.205
0.025
0.133
0.110
0.127
0.136
0.126
0.086
0.042
0.228
0.180
0.179
0.106
0.120
0.153
0.129
0.025
0.032
0.111
0.140
0.153
0.024
0.090
0.149
0.067
0.179
0.172
0.143
0.135
0.185
0.239
0.042
0.173
0.109
0.057
0.104
0.168
0.093
0.130
0.149
0.160
0.153
0.139
0.150
0.158
0.124
0.034
0.117
0.119
0.141
0.131
0.145
0.021
0.170
0.157
0.185
0.078
0.096
0.176
0.137
0.066
0.027
0.131
0.097
0.139
0.146
0.112
0.081
0.075
0.071
0.141
0.102
0.081
0.083
0.072
0.164
0.052
0.110
0.217
0.148
0.131
0.036
0.207
0.181
0.149
0.155
0.027
0.168
0.067
0.155
0.074
0.134
0.179
0.115
0.180
0.172
0.172
0.180
0.201
0.226
0.048
0.179
0.099
0.161
0.160
0.158
0.049
0.116
0.121
0.188
0.122
0.285
0.168
0.047
0.156
0.097
0.180
0.183
0.186
0.187
0.115
0.123
0.188
0.048
0.124
0.083
0.127
0.079
0.194
0.111
0.095
0.100
0.173
0.139
0.164
0.079
0.146
0.135
0.129
0.181
0.098
0.099
0.075
0.111
0.076
0.186
0.137
0.103
0.157
0.152
0.232
0.148
0.174
0.151
0.037
0.016
0.109
0.138
0.155
0.145
0.121
0.117
0.081
0.110
0.165
0.165
0.186
0.190
0.105
0.097
0.111
0.144
0.083
0.128
0.125
0.155
0.117
0.109
0.181
0.183
0.183
0.183
0.185
0.097
0.159
0.159
0.133
0.134
0.133
0.144
0.206
0.193
0.138
0.116
0.183
0.131
0.133
0.203
0.178
0.192
0.108
0.076
0.211
0.271
0.165
0.059
0.065
0.237
0.069
0.162
0.125
0.177
0.102
0.015
0.174
0.086
0.171
0.103
0.102
0.172
0.194
0.111
0.128
0.075
0.135
0.103
0.074
0.204
0.208
0.182
0.135
0.164
0.018
0.055
0.134
0.134
0.197
0.104
0.027
0.099
0.110
0.110
0.163
0.091
0.132
0.083
0.164
0.161
0.173
0.114
0.284
0.158
0.142
0.107
0.156
0.122
0.041
0.121
0.063
0.119
0.049
0.126
0.181
0.194
0.097
0.115
0.096
0.111
0.120
0.170
0.066
0.141
0.039
0.223
0.106
0.173
0.086
0.150
0.093
0.149
0.175
0.144
0.106
0.186
0.176
0.153
0.026
0.081
0.084
0.197
0.155
0.160
0.209
0.112
0.256
0.220
0.243
0.175
0.235
0.240
0.153
0.110
0.139
0.142
0.086
0.187
0.081
0.121
0.168
0.127
0.184
0.144
0.174
0.018
0.172
0.042
0.115
0.233
0.156
0.177
0.111
0.109
0.084
0.111
0.159
0.136
0.064
0.196
0.136
0.151
0.096
0.088
0.101
0.056
0.131
0.132
0.132
0.131
0.094
0.183
0.167
0.068
0.183
0.028
0.085
0.132
0.059
0.125
0.105
0.079
0.157
0.029
0.184
0.121
0.082
0.174
0.187
0.174
0.112
0.053
0.271
0.139
0.162
0.220
0.122
0.181
0.107
0.170
0.078
0.183
0.118
0.108
0.168
0.153
0.043
0.115
0.125
0.133
0.112
0.125
0.099
0.015
0.159
0.122
0.108
0.098
0.132
0.112
0.092
0.165
0.111
0.098
0.074
0.134
0.128
0.077
0.139
0.150
0.095
0.132
0.206
0.102
0.093
0.179
0.150
0.120
0.228
0.102
0.042
0.171
0.028
0.172
0.130
0.168
0.155
0.111
0.212
0.099
0.104
0.217
0.065
0.089
0.178
0.183
0.132
0.069
0.083
0.068
0.188
0.245
0.116
0.056
0.091
0.149
0.151
0.104
0.170
0.197
0.162
0.178
0.160
0.169
0.132
0.098
0.110
0.141
0.097
0.112
0.085
0.104
0.025
0.074
0.033
0.217
0.047
0.142
0.119
0.130
0.184
0.160
0.142
0.136
0.125
0.238
0.172
0.132
0.143
0.188
0.174
0.186
0.211
0.182
0.063
0.130
0.108
0.070
0.142
0.121
0.121
0.322
0.065
0.129
0.222
0.066
0.124
0.074
0.023
0.199
0.110
0.246
0.108
0.166
0.035
0.091
0.168
0.165
0.087
0.107
0.146
0.160
0.144
0.093
0.169
0.202
0.185
0.070
0.103
0.126
0.129
0.141
0.145
0.060
0.154
0.095
0.071
0.117
0.017
0.046
0.084
0.072
0.144
0.161
0.129
0.176
0.017
0.107
0.070
0.149
0.108
0.133
0.162
0.296
0.059
0.177
0.178
0.165
0.178
0.207
0.131
0.054
0.069
0.139
0.092
0.173
0.074
0.116
0.107
0.143
0.165
0.211
0.123
0.017
0.139
0.214
0.110
0.155
0.212
0.117
0.104
0.050
0.108
0.171
0.087
0.141
0.181
0.087
0.130
0.165
0.123
0.131
0.168
0.073
0.133
0.057
0.152
0.142
0.079
0.016
0.125
0.136
0.191
0.102
0.145
0.126
0.023
0.141
0.132
0.040
0.193
0.148
0.161
0.213
0.145
0.041
0.123
0.093
0.208
0.082
0.086
0.108
0.100
0.160
0.140
0.124
0.194
0.121
0.147
0.161
0.130
0.099
0.015
0.211
0.138
0.128
0.046
0.183
0.076
0.078
0.104
0.192
0.157
0.184
0.050
0.138
0.177
0.044
0.151
0.143
0.147
0.138
0.065
0.181
0.135
0.120
0.129
0.088
0.105
0.108
0.161
0.151
0.185
0.129
0.112
0.150
0.151
0.042
0.103
0.092
0.126
0.122
0.143
0.181
0.068
0.201
0.127
0.148
0.098
0.168
0.139
0.099
0.069
0.091
0.174
0.038
0.135
0.038
0.162
0.051
0.152
0.076
0.039
0.105
0.105
0.139
0.184
0.104
0.123
0.150
0.182
0.143
0.107
0.017
0.113
0.083
0.158
0.065
0.123
0.140
0.148
0.151
0.147
0.124
0.053
0.063
0.159
0.024
0.121
0.076
0.095
0.154
0.135
0.124
0.098
0.055
0.145
0.116
0.165
0.171
0.287
0.118
0.193
0.113
0.224
0.145
0.017
0.158
0.157
0.060
0.175
0.150
0.185
0.109
0.146
0.099
0.109
0.129
0.142
0.145
0.137
0.132
0.171
0.173
0.187
0.191
0.067
0.081
0.101
0.209
0.109
0.068
0.148
0.127
0.137
0.061
0.169
0.132
0.048
0.093
0.016
0.067
0.094
0.173
0.118
0.185
0.153
0.140
0.164
0.045
0.063
0.078
0.083
0.131
0.120
0.096
0.094
0.149
0.168
0.066
0.087
0.083
0.165
0.183
0.038
0.122
0.110
0.152
0.116
0.228
0.067
0.234
0.174
0.132
0.223
0.031
0.186
0.154
0.127
0.163
0.157
0.027
0.115
0.189
0.261
0.187
0.108
0.112
0.098
0.225
0.142
0.124
0.158
0.115
0.327
0.136
0.197
0.124
0.063
0.065
0.072
0.169
0.111
0.219
0.181
0.066
0.067
0.181
0.072
0.067
0.142
0.078
0.211
0.147
0.199
0.097
0.191
0.129
0.134
0.110
0.257
0.190
0.041
0.019
0.057
0.089
0.125
0.106
0.167
0.070
0.161
0.179
0.050
0.090
0.048
0.109
0.094
0.122
0.134
0.094
0.143
0.037
0.119
0.147
0.096
0.076
0.160
0.188
0.222
0.147
0.161
0.242
0.031
0.090
0.176
0.049
0.019
0.029
0.153
0.120
0.151
0.058
0.201
0.107
0.139
0.095
0.127
0.152
0.149
0.123
0.160
0.075
0.103
0.026
0.149
0.052
0.185
0.130
0.127
0.097
0.090
0.108
0.122
0.029
0.206
0.084
0.112
0.190
0.113
0.033
0.128
0.090
0.122
0.093
0.077
0.148
0.182
0.142
0.161
0.033
0.122
0.135
0.096
0.217
0.231
0.129
0.105
0.150
0.097
0.133
0.110
0.138
0.203
0.147
0.157
0.323
0.043
0.054
0.086
0.025
0.018
0.264
0.168
0.127
0.173
0.169
0.201
0.089
0.123
0.111
0.039
0.069
0.102
0.177
0.132
0.029
0.077
0.180
0.142
0.049
0.217
0.114
0.148
0.080
0.160
0.045
0.066
0.236
0.193
0.111
0.214
0.190
0.150
0.103
0.087
0.051
0.122
0.123
0.133
0.107
0.120
0.156
0.106
0.107
0.142
0.166
0.190
0.151
0.101
0.205
0.131
0.210
0.113
0.219
0.119
0.091
0.178
0.176
0.156
0.152
0.209
0.130
0.145
0.129
0.210
0.147
0.148
0.099
0.125
0.197
0.206
0.141
0.107
0.137
0.175
0.115
0.109
0.186
0.115
0.047
0.142
0.121
0.201
0.052
0.096
0.024
0.171
0.040
0.136
0.126
0.166
0.278
0.122
0.129
0.127
0.136
0.113
0.124
0.194
0.155
0.142
0.137
0.080
0.098
0.093
0.086
0.144
0.115
0.089
0.174
0.127
0.108
0.150
0.078
0.103
0.050
0.109
0.133
0.149
0.090
0.038
0.057
0.107
0.069
0.178
0.092
0.149
0.143
0.187
0.161
0.125
0.069
0.197
0.064
0.217
0.187
0.120
0.099
0.181
0.237
0.168
0.180
0.146
0.126
0.129
0.172
0.043
0.117
0.162
0.144
0.110
0.116
0.185
0.070
0.069
0.043
0.145
0.127
0.122
0.200
0.124
0.124
0.130
0.123
0.218
0.116
0.200
0.050
0.227
0.099
0.071
0.024
0.165
0.052
0.103
0.134
0.175
0.137
0.192
0.073
0.074
0.022
0.128
0.092
0.115
0.134
0.123
0.111
0.147
0.180
0.180
0.206
0.142
0.207
0.208
0.096
0.146
0.148
0.066
0.151
0.141
0.128
0.203
0.168
0.048
0.127
0.168
0.183
0.177
0.175
0.061
0.218
0.028
0.123
0.097
0.182
0.183
0.095
0.045
0.126
0.198
0.183
0.184
0.142
0.081
0.056
0.215
0.144
0.117
0.086
0.197
0.069
0.149
0.053
0.219
0.132
0.134
0.174
0.176
0.184
0.182
0.106
0.201
0.179
0.183
0.172
0.183
0.104
0.023
0.121
0.084
0.074
0.075
0.146
0.169
0.115
0.151
0.168
0.155
0.047
0.134
0.133
0.183
0.179
0.210
0.108
0.174
0.127
0.070
0.161
0.126
0.124
0.064
0.076
0.100
0.187
0.139
0.154
0.103
0.090
0.047
0.149
0.225
0.149
0.136
0.048
0.103
0.115
0.090
0.126
0.210
0.126
0.156
0.284
0.185
0.144
0.195
0.122
0.120
0.156
0.165
0.187
0.044
0.044
0.120
0.181
0.165
0.164
0.102
0.116
0.111
0.123
0.062
0.140
0.132
0.022
0.189
0.048
0.120
0.132
0.102
0.165
0.182
0.183
0.128
0.175
0.175
0.170
0.161
0.121
0.154
0.049
0.121
0.179
0.182
0.179
0.230
0.175
0.182
0.100
0.199
0.118
0.100
0.153
0.171
0.096
0.174
0.231
0.145
0.048
0.095
0.108
0.118
0.119
0.192
0.143
0.153
0.154
0.154
0.097
0.066
0.133
0.087
0.125
0.174
0.101
0.066
0.175
0.217
0.173
0.171
0.053
0.113
0.181
0.110
0.109
0.127
0.124
0.168
0.093
0.121
0.131
0.197
0.061
0.092
0.107
0.176
0.136
0.169
0.183
0.208
0.025
0.100
0.102
0.163
0.186
0.175
0.184
0.193
0.193
0.189
0.187
0.186
0.188
0.198
0.199
0.196
0.156
0.185
0.196
0.129
0.126
0.138
0.142
0.130
0.121
0.122
0.131
0.153
0.151
0.144
0.038
0.026
0.135
0.148
0.029
0.180
0.125
0.121
0.131
