0.123
0.125
0.021
0.017
0.129
0.018
0.136
0.120
0.128
0.127
0.125
0.129
0.156
0.015
0.016
0.016
0.015
0.015
0.123
0.017
0.105
0.132
0.077
0.208
0.067
0.078
0.120
0.123
0.199
0.122
0.119
0.114
0.104
0.234
0.155
0.135
0.202
0.148
0.120
0.015
0.106
0.109
0.183
0.186
0.193
0.017
0.017
0.017
0.099
0.202
0.122
0.091
0.226
0.236
0.214
0.153
0.084
0.181
0.183
0.123
0.015
0.126
0.015
0.016
0.130
0.016
0.157
0.133
0.132
0.151
0.144
0.016
0.124
0.016
0.015
0.015
0.016
0.016
0.016
0.016
0.016
0.143
0.015
0.018
0.185
0.015
0.015
0.145
0.015
0.154
0.203
0.158
0.037
0.015
0.016
0.015
0.212
0.148
0.138
0.188
0.130
0.129
0.134
0.128
0.134
0.127
0.128
0.129
0.120
0.131
0.131
0.127
0.129
0.128
0.055
0.124
0.126
0.129
0.129
0.116
0.127
0.126
0.015
0.015
0.016
0.016
0.015
0.015
0.016
0.015
0.016
0.016
0.017
0.015
0.015
0.151
0.015
0.019
0.021
0.020
0.017
0.015
0.189
0.196
0.018
0.106
0.109
0.099
0.198
0.162
0.133
0.212
0.184
0.151
0.163
0.225
0.206
0.205
0.189
0.162
0.202
0.183
0.083
0.096
0.111
0.153
0.065
0.143
0.185
0.158
0.156
0.152
0.179
0.169
0.197
0.051
0.158
0.181
0.166
0.082
0.189
0.148
0.171
0.237
0.145
0.136
0.223
0.101
0.070
0.084
0.102
0.015
0.051
0.148
0.129
0.206
0.120
0.061
0.091
0.151
0.222
0.057
0.183
0.121
0.191
0.181
0.174
0.100
0.203
0.201
0.192
0.152
0.240
0.109
0.123
0.166
0.144
0.093
0.093
0.084
0.078
0.194
0.205
0.197
0.199
0.095
0.084
0.197
0.193
0.136
0.078
0.206
0.197
0.204
0.206
0.152
0.144
0.117
0.189
0.198
0.196
0.038
0.156
0.127
0.171
0.123
0.188
0.197
0.202
0.115
0.150
0.189
0.242
0.125
0.186
0.119
0.322
0.203
0.235
0.136
0.116
0.205
0.201
0.205
0.202
0.203
0.242
0.218
0.194
0.165
0.181
0.135
0.084
0.145
0.135
0.058
0.116
0.112
0.109
0.118
0.129
0.201
0.192
0.123
0.161
0.156
0.150
0.108
0.135
0.187
0.128
0.194
0.145
0.164
0.148
0.170
0.092
0.142
0.150
0.205
0.207
0.111
0.154
0.125
0.137
0.065
0.169
0.062
0.147
0.121
0.195
0.193
0.064
0.138
0.059
0.078
0.236
0.180
0.148
0.088
0.023
0.023
0.095
0.162
0.194
0.137
0.176
0.105
0.276
0.285
0.106
0.023
0.072
0.181
0.174
0.203
0.158
0.108
0.089
0.193
0.318
0.171
0.075
0.189
0.179
0.167
0.184
0.160
0.152
0.069
0.135
0.078
0.101
0.133
0.146
0.102
0.148
0.172
0.071
0.107
0.089
0.070
0.069
0.101
0.128
0.016
0.152
0.181
0.156
0.121
0.155
0.129
0.135
0.173
0.176
0.119
0.104
0.155
0.137
0.080
0.138
0.146
0.174
0.197
0.203
0.015
0.169
0.195
0.184
0.133
0.126
0.197
0.190
0.197
0.172
0.113
0.075
0.106
0.163
0.161
0.145
0.112
0.128
0.076
0.184
0.122
0.126
0.166
0.091
0.201
0.137
0.130
0.136
0.189
0.231
0.106
0.110
0.098
0.059
0.142
0.188
0.169
0.109
0.195
0.135
0.127
0.125
0.167
0.072
0.125
0.146
0.149
0.031
0.070
0.039
0.142
0.040
0.021
0.156
0.167
0.112
0.016
0.169
0.183
0.141
0.111
0.138
0.093
0.141
0.095
0.169
0.145
0.193
0.167
0.084
0.132
0.181
0.042
0.125
0.075
0.033
0.140
0.075
0.198
0.120
0.138
0.139
0.052
0.016
0.129
0.131
0.131
0.147
0.099
0.028
0.128
0.101
0.044
0.134
0.122
0.165
0.124
0.099
0.196
0.186
0.122
0.145
0.173
0.213
0.161
0.018
0.124
0.115
0.120
0.117
0.211
0.143
0.148
0.090
0.193
0.202
0.158
0.144
0.103
0.123
0.144
0.149
0.073
0.077
0.129
0.123
0.203
0.203
0.055
0.018
0.124
0.193
0.195
0.091
0.127
0.159
0.134
0.094
0.130
0.129
0.130
0.126
0.187
0.153
0.048
0.145
0.116
0.162
0.149
0.135
0.103
0.162
0.154
0.194
0.016
0.030
0.114
0.063
0.095
0.058
0.140
0.019
0.241
0.133
0.069
0.114
0.263
0.114
0.123
0.103
0.087
0.157
0.132
0.054
0.123
0.130
0.134
0.132
0.125
0.029
0.149
0.101
0.130
0.215
0.203
0.206
0.205
0.203
0.166
0.151
0.074
0.050
0.193
0.156
0.107
0.179
0.169
0.032
0.081
0.138
0.112
0.109
0.105
0.150
0.134
0.157
0.016
0.035
0.110
0.144
0.195
0.068
0.015
0.130
0.083
0.069
0.190
0.110
0.207
0.139
0.129
0.150
0.177
0.192
0.052
0.083
0.083
0.094
0.133
0.206
0.131
0.215
0.189
0.079
0.122
0.066
0.095
0.108
0.125
0.197
0.192
0.030
0.154
0.126
0.141
0.108
0.123
0.132
0.157
0.239
0.107
0.118
0.149
0.221
0.127
0.060
0.129
0.096
0.168
0.063
0.137
0.068
0.103
0.129
0.131
0.095
0.148
0.112
0.176
0.142
0.181
0.152
0.114
0.168
0.038
0.243
0.243
0.073
0.058
0.120
0.018
0.053
0.147
0.229
0.056
0.150
0.044
0.088
0.098
0.130
0.096
0.110
0.154
0.185
0.128
0.227
0.070
0.125
0.160
0.129
0.136
0.119
0.108
0.188
0.199
0.159
0.130
0.176
0.135
0.095
0.097
0.156
0.157
0.114
0.035
0.150
0.199
0.123
0.121
0.136
0.253
0.066
0.082
0.124
0.209
0.075
0.208
0.198
0.129
0.108
0.136
0.085
0.072
0.117
0.184
0.279
0.151
0.175
0.139
0.147
0.038
0.184
0.162
0.161
0.168
0.023
0.074
0.128
0.098
0.143
0.135
0.220
0.130
0.145
0.092
0.146
0.124
0.142
0.071
0.146
0.120
0.076
0.152
0.166
0.122
0.072
0.171
0.152
0.172
0.164
0.101
0.207
0.205
0.202
0.016
0.029
0.113
0.023
0.164
0.088
0.148
0.151
0.195
0.134
0.091
0.126
0.144
0.089
0.047
0.158
0.150
0.039
0.197
0.105
0.156
0.115
0.193
0.171
0.114
0.154
0.158
0.146
0.032
0.198
0.099
0.131
0.077
0.059
0.168
0.103
0.143
0.111
0.204
0.116
0.192
0.109
0.114
0.071
0.174
0.123
0.129
0.161
0.150
0.096
0.148
0.178
0.192
0.195
0.173
0.101
0.137
0.085
0.138
0.125
0.126
0.017
0.087
0.205
0.079
0.172
0.145
0.168
0.135
0.096
0.215
0.122
0.203
0.202
0.039
0.083
0.170
0.073
0.114
0.078
0.165
0.064
0.015
0.188
0.036
0.171
0.201
0.099
0.108
0.035
0.076
0.209
0.046
0.249
0.170
0.121
0.133
0.149
0.070
0.137
0.017
0.018
0.016
0.070
0.194
0.157
0.201
0.154
0.204
0.205
0.204
0.087
0.148
0.066
0.104
0.083
0.155
0.016
0.166
0.028
0.198
0.133
0.203
0.099
0.119
0.107
0.166
0.170
0.132
0.091
0.084
0.096
0.175
0.081
0.040
0.076
0.160
0.099
0.124
0.088
0.192
0.136
0.174
0.200
0.042
0.184
0.100
0.162
0.142
0.018
0.219
0.105
0.113
0.229
0.105
0.087
0.148
0.137
0.098
0.137
0.141
0.056
0.159
0.111
0.154
0.178
0.108
0.137
0.123
0.072
0.106
0.115
0.065
0.146
0.173
0.194
0.114
0.199
0.089
0.116
0.111
0.220
0.016
0.182
0.168
0.122
0.072
0.110
0.046
0.237
0.124
0.113
0.219
0.195
0.107
0.174
0.168
0.050
0.180
0.140
0.087
0.124
0.128
0.148
0.122
0.142
0.135
0.039
0.089
0.115
0.154
0.039
0.137
0.171
0.123
0.115
0.131
0.117
0.135
0.154
0.129
0.121
0.143
0.059
0.065
0.087
0.015
0.173
0.168
0.159
0.180
0.063
0.078
0.068
0.169
0.128
0.159
0.172
0.144
0.207
0.108
0.100
0.167
0.133
0.187
0.179
0.200
0.149
0.017
0.239
0.188
0.122
0.172
0.047
0.102
0.188
0.126
0.139
0.205
0.109
0.079
0.190
0.131
0.144
0.100
0.112
0.076
0.150
0.151
0.088
0.196
0.145
0.171
0.121
0.238
0.038
0.201
0.147
0.267
0.185
0.033
0.223
0.077
0.089
0.170
0.068
0.182
0.098
0.131
0.185
0.153
0.020
0.106
0.107
0.123
0.158
0.195
0.125
0.139
0.133
0.097
0.145
0.134
0.131
0.322
0.109
0.152
0.104
0.035
0.114
0.167
0.203
0.114
0.143
0.154
0.202
0.211
0.115
0.099
0.137
0.140
0.114
0.145
0.143
0.164
0.215
0.105
0.162
0.022
0.065
0.110
0.158
0.119
0.055
0.015
0.066
0.085
0.182
0.066
0.165
0.172
0.108
0.204
0.213
0.114
0.197
0.202
0.119
0.144
0.136
0.199
0.201
0.191
0.069
0.161
0.077
0.129
0.140
0.162
0.140
0.060
0.196
0.205
0.211
0.201
0.152
0.061
0.137
0.162
0.205
0.132
0.067
0.144
0.164
0.197
0.130
0.137
0.170
0.210
0.201
0.225
0.078
0.160
0.151
0.100
0.177
0.106
