0.114
0.150
0.092
0.201
0.159
0.203
0.223
0.200
0.128
0.211
0.129
0.037
0.108
0.121
0.152
0.118
0.122
0.124
0.047
0.127
0.142
0.158
0.125
0.170
0.146
0.077
0.172
0.172
0.153
0.163
0.238
0.196
0.016
0.067
0.067
0.031
0.174
0.214
0.206
0.115
0.140
0.189
0.110
0.189
0.105
0.118
0.149
0.083
0.041
0.106
0.120
0.160
0.165
0.100
0.152
0.126
0.121
0.122
0.126
0.129
0.189
0.207
0.193
0.136
0.071
0.091
0.064
0.126
0.128
0.017
0.115
0.193
0.067
0.135
0.111
0.158
0.198
0.199
0.180
0.116
0.015
0.110
0.086
0.142
0.017
0.071
0.111
0.176
0.130
0.015
0.165
0.061
0.051
0.191
0.109
0.133
0.152
0.158
0.189
0.177
0.047
0.189
0.219
0.113
0.138
0.114
0.073
0.148
0.074
0.117
0.072
0.140
0.244
0.164
0.151
0.119
0.091
0.136
0.075
0.171
0.072
0.128
0.034
0.203
0.156
0.192
0.076
0.211
0.174
0.085
0.097
0.187
0.240
0.063
0.134
0.121
0.142
0.144
0.160
0.174
0.175
0.092
0.143
0.081
0.134
0.221
0.171
0.238
0.154
0.138
0.155
0.131
0.052
0.115
0.125
0.110
0.047
0.077
0.037
0.104
0.102
0.141
0.147
0.166
0.193
0.073
0.122
0.225
0.111
0.190
0.128
0.061
0.234
0.052
0.135
0.124
0.223
0.265
0.165
0.044
0.111
0.124
0.052
0.192
0.119
0.132
0.050
0.089
0.147
0.167
0.122
0.021
0.189
0.204
0.114
0.037
0.024
0.074
0.083
0.183
0.165
0.117
0.203
0.021
0.131
0.189
0.089
0.114
0.142
0.080
0.115
0.097
0.089
0.113
0.163
0.142
0.115
0.145
0.145
0.109
0.053
0.112
0.207
0.129
0.098
0.167
0.088
0.192
0.139
0.114
0.212
0.090
0.153
0.166
0.128
0.152
0.064
0.172
0.126
0.079
0.105
0.074
0.174
0.124
0.123
0.110
0.115
0.081
0.227
0.117
0.103
0.164
0.146
0.123
0.081
0.123
0.085
0.197
0.095
0.060
0.151
0.168
0.123
0.150
0.117
0.120
0.148
0.034
0.185
0.145
0.083
0.210
0.097
0.204
0.184
0.097
0.095
0.146
0.132
0.098
0.194
0.099
0.192
0.151
0.100
0.069
0.134
0.166
0.150
0.152
0.217
0.116
0.140
0.163
0.027
0.132
0.027
0.187
0.101
0.120
0.167
0.178
0.170
0.157
0.078
0.055
0.188
0.177
0.102
0.126
0.190
0.128
0.088
0.153
0.033
0.108
0.187
0.178
0.156
0.199
0.087
0.097
0.129
0.188
0.156
0.118
0.121
0.090
0.235
0.135
0.045
0.135
0.182
0.172
0.157
0.133
0.038
0.230
0.128
0.017
0.140
0.139
0.075
0.204
0.208
0.076
0.185
0.108
0.134
0.098
0.186
0.163
0.166
0.148
0.135
0.162
0.142
0.155
0.126
0.202
0.151
0.131
0.180
0.198
0.145
0.146
0.130
0.170
0.204
0.025
0.040
0.147
0.111
0.171
0.165
0.142
0.148
0.187
0.055
0.142
0.071
0.103
0.153
0.102
0.066
0.141
0.166
0.114
0.170
0.145
0.016
0.043
0.076
0.115
0.039
0.130
0.154
0.136
0.176
0.059
0.032
0.031
0.072
0.129
0.066
0.146
0.039
0.156
0.021
0.015
0.127
0.103
0.146
0.133
0.109
0.177
0.060
0.157
0.189
0.188
0.116
0.125
0.134
0.122
0.033
0.023
0.078
0.137
0.215
0.155
0.118
0.231
0.155
0.168
0.131
0.121
0.074
0.146
0.038
0.106
0.189
0.151
0.172
0.087
0.155
0.205
0.160
0.124
0.125
0.199
0.132
0.088
0.190
0.167
0.153
0.158
0.138
0.150
0.163
0.150
0.132
0.221
0.024
0.068
0.077
0.196
0.151
0.149
0.072
0.036
0.093
0.100
0.159
0.143
0.108
0.205
0.139
0.016
0.123
0.156
0.111
0.076
0.149
0.076
0.129
0.086
0.104
0.094
0.058
0.176
0.134
0.050
0.198
0.110
0.214
0.205
0.163
0.039
0.126
0.084
0.085
0.095
0.196
0.093
0.044
0.183
0.196
0.148
0.078
0.166
0.069
0.114
0.192
0.149
0.070
0.257
0.067
0.152
0.191
0.118
0.065
0.159
0.185
0.159
0.111
0.153
0.203
0.168
0.154
0.081
0.147
0.016
0.147
0.171
0.137
0.146
0.153
0.114
0.134
0.084
0.055
0.128
0.132
0.122
0.059
0.125
0.100
0.045
0.082
0.139
0.162
0.142
0.173
0.202
0.017
0.134
0.093
0.157
0.129
0.091
0.117
0.170
0.115
0.129
0.161
0.186
0.069
0.186
0.151
0.217
0.145
0.160
0.017
0.166
0.018
0.204
0.129
0.143
0.024
0.087
0.144
0.149
0.193
0.194
0.198
0.125
0.137
0.104
0.134
0.104
0.161
0.125
0.125
0.165
0.193
0.112
0.194
0.154
0.174
0.200
0.209
0.205
0.204
0.202
0.192
0.189
0.193
0.150
0.016
0.017
0.178
0.125
0.151
0.100
0.135
0.095
0.154
0.114
0.200
0.201
0.142
0.020
0.028
0.203
0.144
0.147
0.141
0.214
0.191
0.188
0.016
0.188
0.016
0.119
0.098
0.103
0.223
0.133
0.155
0.131
0.188
0.122
0.203
0.106
0.242
0.065
0.234
0.274
0.127
0.204
0.113
0.249
0.084
0.139
0.200
0.158
0.203
0.208
0.223
0.102
0.017
0.155
0.098
0.081
0.114
0.110
0.195
0.174
0.059
0.082
0.171
0.123
0.114
0.120
0.175
0.127
0.127
0.308
0.158
0.216
0.075
0.157
0.240
0.128
0.166
0.168
0.238
0.200
0.115
0.212
0.201
0.144
0.119
0.195
0.206
0.081
0.193
0.156
0.172
0.176
0.189
0.193
0.201
0.199
0.199
0.177
0.170
0.171
0.224
0.194
0.180
0.071
0.162
0.215
0.071
0.134
0.138
0.204
0.202
0.209
0.206
0.139
0.133
0.137
0.109
0.191
0.203
0.311
0.168
0.225
0.194
0.118
0.135
0.187
0.084
0.173
0.149
0.200
0.208
0.140
0.110
0.158
0.285
0.129
0.156
0.187
0.166
0.173
0.177
0.142
0.048
0.075
0.215
0.155
0.068
0.086
0.152
0.101
0.133
0.146
0.102
0.148
0.171
0.071
0.089
0.071
0.068
0.137
0.067
0.128
0.199
0.081
0.202
0.200
0.196
0.160
0.149
0.118
0.202
0.124
0.144
0.203
0.195
0.172
0.137
0.202
0.200
0.104
0.195
0.119
0.137
0.152
0.167
0.066
0.173
0.116
0.162
0.150
0.123
0.193
0.071
0.144
0.234
0.201
0.167
0.106
0.137
0.098
0.138
0.058
0.111
0.129
0.193
0.040
0.123
0.102
0.145
0.106
0.144
0.203
0.141
0.181
0.184
0.249
0.085
0.098
0.110
0.052
0.111
0.018
0.037
0.090
0.058
0.018
0.088
0.138
0.140
0.138
0.103
0.117
0.150
0.061
0.035
0.149
0.111
0.142
0.112
0.146
0.047
0.020
0.203
0.016
0.146
0.125
0.136
0.169
0.069
0.153
0.200
0.108
0.087
0.132
0.183
0.199
0.182
0.062
0.185
0.113
0.187
0.204
0.160
0.100
0.087
0.194
0.189
0.165
0.105
0.083
0.017
0.206
0.191
0.120
0.039
0.092
0.176
0.219
0.124
0.157
0.205
0.196
0.186
0.166
0.164
0.113
0.115
0.115
0.203
0.083
0.104
0.111
0.111
0.140
0.165
0.094
0.130
0.079
0.152
0.101
0.090
0.118
0.111
0.179
0.032
0.134
0.095
0.183
0.146
0.084
0.149
0.121
0.147
0.130
0.070
0.159
0.074
0.074
0.048
0.151
0.081
0.067
0.105
0.121
0.162
0.185
0.032
0.073
0.080
0.026
0.167
0.179
0.203
0.138
0.113
0.184
0.212
0.062
0.191
0.127
0.126
0.111
0.069
0.016
0.102
0.174
0.016
0.035
0.189
0.205
0.172
0.160
0.084
0.063
0.132
0.191
0.040
0.115
0.121
0.178
0.081
0.105
0.160
0.226
0.198
0.188
0.125
0.107
0.138
0.170
0.015
0.140
0.112
0.193
0.118
0.230
0.202
0.078
0.098
0.158
0.197
0.192
0.107
0.096
0.194
0.209
0.170
0.119
0.103
0.142
0.138
0.118
0.092
0.163
0.171
0.166
0.195
0.194
0.152
0.138
0.119
0.130
0.072
0.068
0.098
0.147
0.158
0.161
0.094
0.084
0.091
0.098
0.149
0.171
0.092
0.157
0.105
0.127
0.151
0.163
0.028
0.087
0.058
0.080
0.017
0.017
0.154
0.016
0.064
0.123
0.153
0.111
0.083
0.128
0.151
0.156
0.062
0.166
0.015
0.150
0.198
0.148
0.082
0.149
0.142
0.146
0.147
0.133
0.152
0.160
0.226
0.129
0.172
0.162
0.204
0.196
0.213
0.197
0.138
0.108
0.094
0.137
0.100
0.077
0.157
0.137
0.087
0.174
0.123
0.111
0.015
0.185
0.322
0.071
0.167
0.147
0.150
0.222
0.152
0.107
0.186
0.109
0.100
0.055
0.069
0.076
0.127
0.167
0.038
0.151
0.077
0.117
0.060
0.128
0.189
0.213
0.126
0.202
0.158
0.109
0.196
0.090
0.131
0.140
0.078
0.214
0.138
0.087
0.114
0.112
0.161
0.069
0.138
0.186
0.155
0.155
0.151
0.153
0.136
0.145
0.164
0.104
0.164
0.016
0.152
0.095
0.142
0.140
0.198
0.174
0.062
0.157
0.079
0.152
0.203
0.202
