0.124
0.042
0.235
0.160
0.146
0.112
0.132
0.107
0.131
0.166
0.070
0.111
0.021
0.100
0.176
0.131
0.095
0.160
0.107
0.133
0.153
0.144
0.113
0.076
0.204
0.161
0.147
0.171
0.204
0.130
0.173
0.153
0.187
0.047
0.156
0.093
0.134
0.164
0.209
0.142
0.152
0.144
0.111
0.058
0.150
0.052
0.032
0.156
0.133
0.107
0.154
0.134
0.189
0.173
0.099
0.140
0.185
0.157
0.027
0.183
0.055
0.162
0.073
0.090
0.079
0.164
0.139
0.164
0.180
0.099
0.153
0.040
0.110
0.194
0.159
0.186
0.105
0.102
0.134
0.226
0.071
0.076
0.079
0.078
0.190
0.256
0.053
0.095
0.039
0.151
0.162
0.171
0.099
0.118
0.015
0.074
0.034
0.073
0.126
0.159
0.078
0.248
0.085
0.124
0.147
0.120
0.204
0.217
0.119
0.154
0.119
0.205
0.180
0.181
0.154
0.181
0.212
0.087
0.051
0.105
0.232
0.129
0.101
0.054
0.169
0.121
0.114
0.149
0.187
0.016
0.229
0.146
0.141
0.179
0.073
0.112
0.079
0.112
0.107
0.109
0.101
0.121
0.054
0.025
0.079
0.017
0.112
0.066
0.219
0.103
0.091
0.081
0.099
0.121
0.158
0.160
0.230
0.020
0.124
0.123
0.191
0.084
0.119
0.244
0.266
0.110
0.015
0.129
0.155
0.044
0.016
0.157
0.200
0.039
0.189
0.106
0.126
0.125
0.101
0.106
0.089
0.152
0.132
0.170
0.160
0.122
0.126
0.166
0.041
0.055
0.130
0.172
0.082
0.139
0.178
0.129
0.119
0.063
0.094
0.099
0.028
0.174
0.137
0.234
0.204
0.103
0.168
0.180
0.153
0.101
0.165
0.066
0.072
0.110
0.164
0.026
0.177
0.094
0.122
0.155
0.115
0.179
0.129
0.132
0.105
0.180
0.175
0.166
0.029
0.137
0.167
0.169
0.157
0.216
0.178
0.166
0.128
0.121
0.233
0.179
0.222
0.175
0.110
0.098
0.212
0.148
0.111
0.164
0.136
0.180
0.164
0.094
0.193
0.182
0.163
0.156
0.170
0.141
0.149
0.131
0.126
0.117
0.185
0.145
0.082
0.090
0.176
0.113
0.137
0.091
0.111
0.105
0.180
0.181
0.169
0.183
0.181
0.133
0.080
0.151
0.173
0.182
0.135
0.093
0.130
0.081
0.105
0.147
0.148
0.121
0.030
0.104
0.046
0.166
0.155
0.089
0.192
0.215
0.218
0.215
0.232
0.155
0.150
0.049
0.117
0.096
0.145
0.205
0.196
0.147
0.162
0.159
0.126
0.159
0.035
0.164
0.024
0.158
0.090
0.197
0.123
0.112
0.078
0.075
0.174
0.183
0.194
0.157
0.190
0.094
0.090
0.093
0.111
0.091
0.142
0.142
0.144
0.142
0.142
0.146
0.143
0.142
0.142
0.142
0.149
0.142
0.142
0.024
0.124
0.124
0.149
0.027
0.223
0.201
0.176
0.094
0.181
0.027
0.025
0.025
0.026
0.027
0.025
0.212
0.105
0.159
0.189
0.025
0.028
0.179
0.063
0.066
0.077
0.205
0.189
0.079
0.139
0.073
0.146
0.116
0.072
0.069
0.069
0.174
0.103
0.157
0.189
0.171
0.138
0.165
0.181
0.120
0.096
0.147
0.228
0.194
0.134
0.133
0.083
0.133
0.130
0.105
0.118
0.157
0.157
0.161
0.171
0.155
0.090
0.075
0.015
0.120
0.064
0.098
0.189
0.199
0.186
0.054
0.017
0.149
0.141
0.121
0.176
0.097
0.027
0.137
0.201
0.111
0.080
0.216
0.237
0.208
0.152
0.213
0.142
0.102
0.082
0.118
0.101
0.088
0.116
0.080
0.016
0.192
0.116
0.111
0.128
0.188
0.144
0.177
0.071
0.178
0.181
0.050
0.142
0.075
0.116
0.102
0.020
0.038
0.028
0.034
0.031
0.030
0.051
0.058
0.177
0.188
0.178
0.026
0.158
0.066
0.158
0.024
0.117
0.092
0.094
0.195
0.126
0.096
0.080
0.110
0.078
0.157
0.223
0.107
0.052
0.165
0.170
0.136
0.076
0.201
0.193
0.205
0.132
0.146
0.234
0.148
0.131
0.124
0.130
0.115
0.037
0.145
0.089
0.075
0.173
0.136
0.117
0.212
0.132
0.084
0.150
0.123
0.116
0.138
0.112
0.179
0.137
0.183
0.170
0.183
0.124
0.089
0.105
0.103
0.143
0.120
0.116
0.159
0.095
0.141
0.034
0.095
0.085
0.109
0.100
0.106
0.077
0.135
0.119
0.097
0.202
0.068
0.147
0.110
0.112
0.155
0.116
0.108
0.136
0.171
0.133
0.226
0.129
0.036
0.114
0.150
0.143
0.143
0.193
0.102
0.112
0.163
0.157
0.117
0.105
0.144
0.107
0.137
0.150
0.126
0.126
0.085
0.095
0.204
0.181
0.142
0.027
0.106
0.031
0.217
0.107
0.153
0.165
0.113
0.106
0.078
0.106
0.153
0.131
0.064
0.090
0.038
0.177
0.148
0.139
0.155
0.089
0.128
0.153
0.170
0.146
0.134
0.124
0.115
0.134
0.240
0.113
0.068
0.067
0.072
0.118
0.111
0.131
0.143
0.314
0.232
0.128
0.018
0.091
0.201
0.124
0.189
0.071
0.148
0.145
0.231
0.054
0.208
0.091
0.137
0.113
0.128
0.108
0.163
0.076
0.091
0.077
0.168
0.146
0.197
0.129
0.116
0.231
0.044
0.170
0.135
0.162
0.072
0.236
0.154
0.095
0.171
0.186
0.119
0.198
0.204
0.133
0.150
0.131
0.192
0.131
0.203
0.098
0.126
0.145
0.157
0.183
0.119
0.159
0.117
0.151
0.112
0.145
0.102
0.070
0.127
0.126
0.104
0.220
0.150
0.136
0.217
0.026
0.126
0.143
0.184
0.112
0.124
0.198
0.135
0.147
0.119
0.202
0.143
0.105
0.141
0.023
0.083
0.151
0.081
0.078
0.107
0.152
0.126
0.087
0.026
0.174
0.078
0.206
0.097
0.098
0.132
0.178
0.148
0.056
0.143
0.092
0.187
0.116
0.048
0.029
0.126
0.179
0.102
0.114
0.166
0.117
0.151
0.209
0.130
0.091
0.129
0.106
0.039
0.070
0.169
0.102
0.135
0.107
0.100
0.033
0.141
0.130
0.111
0.171
0.118
0.159
0.214
0.096
0.232
0.103
0.110
0.160
0.088
0.080
0.135
0.094
0.114
0.108
0.108
0.164
0.105
0.105
0.177
0.167
0.184
0.202
0.125
0.139
0.042
0.151
0.119
0.155
0.048
0.253
0.195
0.135
0.045
0.180
0.217
0.143
0.128
0.159
0.190
0.083
0.118
0.037
0.121
0.196
0.133
0.064
0.138
0.092
0.141
0.087
0.213
0.075
0.021
0.146
0.173
0.136
0.151
0.040
0.042
0.074
0.220
0.100
0.099
0.117
0.134
0.076
0.064
0.110
0.195
0.183
0.115
0.037
0.136
0.052
0.189
0.062
0.154
0.171
0.148
0.079
0.136
0.116
0.131
0.076
0.104
0.024
0.126
0.092
0.354
0.120
0.085
0.202
0.118
0.117
0.175
0.132
0.134
0.128
0.213
0.076
0.053
0.080
0.185
0.113
0.219
0.181
0.159
0.120
0.144
0.172
0.169
0.118
0.118
0.168
0.115
0.184
0.178
0.174
0.192
0.145
0.145
0.098
0.089
0.128
0.103
0.118
0.158
0.197
0.173
0.128
0.131
0.018
0.058
0.125
0.102
0.179
0.129
0.090
0.017
0.156
0.104
0.157
0.120
0.099
0.149
0.080
0.208
0.112
0.028
0.080
0.189
0.120
0.211
0.203
0.115
0.023
0.197
0.017
0.092
0.118
0.091
0.123
0.036
0.055
0.061
0.104
0.154
0.180
0.158
0.084
0.144
0.167
0.071
0.075
0.165
0.077
0.099
0.141
0.141
0.135
0.153
0.097
0.183
0.190
0.144
0.123
0.126
0.054
0.146
0.157
0.170
0.135
0.191
0.175
0.129
0.116
0.179
0.015
0.153
0.068
0.156
0.176
0.104
0.103
0.156
0.123
0.103
0.077
0.129
0.181
0.125
0.048
0.138
0.085
0.056
0.132
0.171
0.228
0.104
0.089
0.127
0.163
0.118
0.088
0.214
0.165
0.162
0.185
0.146
0.056
0.075
0.148
0.129
0.129
0.129
0.126
0.123
0.123
0.163
0.026
0.168
0.090
0.189
0.051
0.105
0.162
0.151
0.070
0.047
0.123
0.113
0.118
0.112
0.127
0.095
0.143
0.178
0.185
0.144
0.102
0.205
0.107
0.172
0.157
0.119
0.139
0.106
0.136
0.050
0.194
0.176
0.145
0.203
0.210
0.015
0.060
0.132
0.150
0.195
0.185
0.176
0.054
0.165
0.166
0.120
0.123
0.072
0.095
0.083
0.292
0.153
0.160
0.150
0.154
0.036
0.157
0.020
0.155
0.016
0.150
0.199
0.170
0.160
0.280
0.104
0.054
0.108
0.118
0.213
0.170
0.186
0.078
0.044
0.150
0.309
0.287
0.159
0.194
0.073
0.046
0.144
0.152
0.138
0.187
0.065
0.122
0.156
0.125
0.255
0.119
0.193
0.142
0.148
0.141
0.148
0.150
0.153
0.143
0.137
0.142
0.142
0.151
0.156
0.155
0.152
0.147
0.144
0.147
0.141
0.163
0.044
0.155
0.155
0.156
0.122
0.131
0.105
0.116
0.148
0.173
0.195
0.076
0.076
0.227
0.109
0.113
0.067
0.111
0.076
0.143
0.165
0.135
0.072
0.151
0.160
0.147
0.130
0.150
0.148
0.150
0.158
0.111
0.185
0.101
0.119
0.053
0.209
0.101
0.195
0.157
0.062
0.196
0.243
0.121
0.134
0.048
0.105
0.115
0.107
0.146
0.113
0.087
0.191
0.140
0.017
0.173
0.136
0.188
0.304
0.129
0.156
0.135
0.097
0.169
0.175
0.081
0.178
0.105
0.067
0.181
0.105
0.165
0.158
0.157
0.158
0.131
0.166
0.163
0.174
0.082
0.018
0.165
0.164
0.179
0.151
0.129
0.125
0.048
0.110
0.082
0.080
0.153
0.136
0.156
0.136
0.180
0.139
0.216
0.070
0.134
0.191
0.095
0.170
0.140
0.038
0.041
0.188
0.107
0.105
0.163
0.078
0.140
0.106
0.098
0.196
0.148
0.177
0.106
0.151
0.099
0.100
0.140
0.027
0.123
0.187
0.157
0.155
0.157
0.079
0.173
0.104
0.188
0.041
0.035
0.093
0.223
0.130
0.016
0.180
0.052
0.114
0.143
0.170
0.093
0.092
0.127
0.179
0.087
0.146
0.069
0.061
0.101
0.038
0.155
0.095
0.022
0.114
0.126
0.198
0.133
0.157
0.046
0.245
0.148
0.148
0.120
0.141
0.043
0.168
0.160
0.117
0.192
0.209
0.117
0.053
0.044
0.115
0.149
0.075
0.140
0.166
0.200
0.102
0.093
0.155
0.116
0.027
0.157
0.119
0.192
0.158
0.098
0.021
0.181
0.132
0.169
0.110
0.145
0.177
0.133
0.237
0.057
0.159
0.134
0.060
0.043
0.071
0.016
0.072
0.108
0.131
0.151
0.179
0.156
0.220
0.164
0.063
0.073
0.170
0.019
0.148
0.174
0.085
0.071
0.044
0.144
0.065
0.167
0.167
0.066
0.044
0.146
0.164
0.147
0.162
0.151
0.116
0.098
0.144
0.158
0.208
0.157
0.076
0.122
0.179
0.026
0.176
0.023
0.115
0.134
0.139
0.095
0.056
0.085
0.176
0.141
0.154
0.163
0.160
0.180
0.143
0.077
0.274
0.148
0.071
0.161
0.160
0.174
0.051
0.203
0.169
0.080
0.180
0.177
0.146
0.137
0.131
0.131
0.146
0.138
0.165
0.158
0.154
0.344
0.158
0.082
0.214
0.143
0.085
0.158
0.190
0.108
0.169
0.168
0.078
0.141
0.030
0.171
0.143
0.161
0.186
0.188
0.062
0.117
0.038
0.206
0.091
0.092
0.186
0.125
0.136
0.030
0.142
0.248
0.093
0.210
0.143
0.075
0.068
0.078
0.117
0.099
0.169
0.155
0.162
0.160
0.164
0.015
0.136
0.204
0.083
0.152
0.099
0.145
0.125
0.115
0.180
0.049
0.181
0.213
0.127
0.113
0.114
0.161
0.163
0.101
0.170
0.168
0.166
0.111
0.132
0.137
0.117
0.182
0.118
0.152
0.147
0.083
0.169
0.137
0.168
0.194
0.174
0.182
0.148
0.145
0.149
0.154
0.145
0.153
0.146
0.144
0.146
0.144
0.120
0.137
0.133
0.182
0.146
0.142
0.124
0.156
0.100
