0.193
0.080
0.145
0.191
0.211
0.193
0.153
0.144
0.226
0.054
0.279
0.183
0.133
0.100
0.188
0.137
0.225
0.113
0.144
0.166
0.092
0.148
0.129
0.168
0.149
0.107
0.141
0.017
0.114
0.191
0.200
0.127
0.153
0.248
0.228
0.121
0.202
0.108
0.168
0.272
0.103
0.114
0.212
0.150
0.087
0.104
0.107
0.037
0.047
0.152
0.130
0.081
0.197
0.080
0.153
0.078
0.084
0.051
0.030
0.166
0.157
0.175
0.197
0.110
0.133
0.199
0.202
0.201
0.238
0.231
0.179
0.058
0.186
0.175
0.133
0.145
0.177
0.110
0.122
0.187
0.213
0.128
0.052
0.150
0.115
0.081
0.132
0.043
0.146
0.072
0.157
0.148
0.118
0.149
0.138
0.147
0.153
0.167
0.155
0.061
0.086
0.165
0.148
0.118
0.149
0.173
0.103
0.200
0.062
0.104
0.221
0.222
0.212
0.178
0.188
0.206
0.194
0.152
0.068
0.133
0.167
0.109
0.128
0.206
0.201
0.321
0.159
0.146
0.241
0.214
0.101
0.136
0.217
0.194
0.148
0.129
0.110
0.212
0.107
0.129
0.152
0.090
0.132
0.163
0.094
0.140
0.171
0.076
0.100
0.147
0.235
0.088
0.070
0.189
0.142
0.160
0.223
0.213
0.124
0.197
0.128
0.177
0.079
0.082
0.167
0.133
0.017
0.209
0.050
0.214
0.177
0.149
0.233
0.150
0.183
0.151
0.091
0.149
0.138
0.153
0.136
0.183
0.047
0.121
0.169
0.094
0.162
0.165
0.106
0.020
0.125
0.234
0.130
0.143
0.158
0.142
0.130
0.130
0.190
0.138
0.190
0.128
0.135
0.180
0.122
0.063
0.106
0.184
0.113
0.020
0.201
0.131
0.096
0.203
0.166
0.195
0.126
0.171
0.119
0.044
0.067
0.061
0.145
0.206
0.144
0.180
0.138
0.147
0.141
0.102
0.090
0.066
0.105
0.148
0.171
0.022
0.209
0.062
0.170
0.151
0.121
0.149
0.162
0.124
0.031
0.155
0.117
0.119
0.189
0.189
0.201
0.133
0.190
0.094
0.089
0.068
0.167
0.136
0.182
0.194
0.200
0.199
0.228
0.242
0.102
0.149
0.191
0.068
0.191
0.190
0.182
0.103
0.144
0.153
0.015
0.169
0.073
0.156
0.182
0.059
0.109
0.150
0.140
0.059
0.106
0.121
0.215
0.194
0.203
0.116
0.071
0.050
0.062
0.242
0.124
0.196
0.146
0.227
0.018
0.192
0.155
0.174
0.226
0.115
0.168
0.048
0.068
0.111
0.202
0.164
0.103
0.140
0.120
0.156
0.160
0.195
0.251
0.232
0.149
0.081
0.017
0.161
0.127
0.146
0.137
0.147
0.206
0.064
0.168
0.180
0.161
0.164
0.142
0.080
0.158
0.089
0.173
0.054
0.225
0.074
0.195
0.222
0.020
0.199
0.069
0.190
0.155
0.079
0.036
0.103
0.209
0.242
0.192
0.176
0.120
0.195
0.124
0.157
0.237
0.167
0.224
0.032
0.075
0.131
0.147
0.155
0.156
0.131
0.182
0.052
0.146
0.154
0.150
0.025
0.081
0.044
0.147
0.094
0.081
0.213
0.064
0.065
0.207
0.158
0.178
0.048
0.062
0.022
0.131
0.050
0.018
0.169
0.148
0.079
0.082
0.127
0.160
0.174
0.167
0.153
0.163
0.135
0.071
0.198
0.113
0.020
0.021
0.121
0.058
0.108
0.118
0.224
0.311
0.044
0.166
0.108
0.155
0.094
0.179
0.191
0.194
0.187
0.192
0.094
0.067
0.038
0.135
0.155
0.125
0.162
0.119
0.226
0.016
0.179
0.109
0.134
0.203
0.126
0.077
0.041
0.015
0.179
0.135
0.079
0.217
0.040
0.124
0.117
0.190
0.081
0.237
0.057
0.148
0.189
0.153
0.145
0.133
0.146
0.131
0.131
0.159
0.201
0.145
0.128
0.122
0.195
0.192
0.183
0.134
0.015
0.152
0.047
0.041
0.167
0.110
0.206
0.157
0.044
0.149
0.117
0.103
0.072
0.033
0.042
0.176
0.106
0.113
0.119
0.176
0.137
0.093
0.089
0.197
0.181
0.175
0.158
0.148
0.137
0.167
0.177
0.015
0.199
0.195
0.123
0.106
0.167
0.077
0.129
0.156
0.279
0.097
0.101
0.175
0.148
0.098
0.079
0.100
0.199
0.118
0.163
0.131
0.148
0.140
0.170
0.114
0.210
0.122
0.118
0.101
0.150
0.145
0.108
0.072
0.117
0.119
0.190
0.050
0.156
0.071
0.107
0.150
0.237
0.228
0.093
0.189
0.081
0.137
0.140
0.201
0.190
0.126
0.153
0.153
0.126
0.178
0.065
0.069
0.080
0.084
0.054
0.026
0.158
0.205
0.110
0.140
0.238
0.124
0.125
0.180
0.179
0.081
0.181
0.032
0.100
0.114
0.121
0.111
0.167
0.205
0.201
0.203
0.194
0.187
0.206
0.123
0.176
0.140
0.196
0.044
0.076
0.087
0.200
0.201
0.074
0.168
0.243
0.183
0.119
0.234
0.231
0.217
0.221
0.235
0.219
0.204
0.163
0.145
0.109
0.099
0.201
0.085
0.033
0.201
0.193
0.135
0.231
0.131
0.139
0.216
0.191
0.137
0.140
0.141
0.148
0.144
0.128
0.144
0.036
0.144
0.033
0.127
0.227
0.184
0.096
0.202
0.200
0.199
0.195
0.051
0.093
0.021
0.241
0.072
0.207
0.140
0.155
0.265
0.091
0.160
0.145
0.086
0.165
0.016
0.155
0.179
0.057
0.159
0.134
0.147
0.056
0.062
0.143
0.082
0.135
0.087
0.058
0.021
0.128
0.167
0.210
0.147
0.124
0.080
0.165
0.147
0.133
0.221
0.089
0.073
0.169
0.106
0.166
0.204
0.189
0.195
0.207
0.203
0.120
0.193
0.087
0.114
0.156
0.070
0.161
0.237
0.245
0.141
0.150
0.105
0.174
0.150
0.180
0.016
0.102
0.131
0.162
0.151
0.096
0.033
0.153
0.198
0.149
0.178
0.081
0.107
0.151
0.195
0.202
0.092
0.125
0.147
0.124
0.227
0.093
0.126
0.233
0.235
0.134
0.080
0.038
0.131
0.201
0.143
0.079
0.127
0.130
0.172
0.192
0.256
0.076
0.153
0.105
0.218
0.127
0.104
0.148
0.113
0.179
0.235
0.233
0.182
0.107
0.123
0.051
0.066
0.273
0.162
0.157
0.137
0.088
0.090
0.125
0.099
0.116
0.134
0.197
0.071
0.201
0.184
0.117
0.150
0.017
0.114
0.108
0.225
0.072
0.226
0.155
0.027
0.197
0.118
0.066
0.193
0.129
0.088
0.240
0.213
0.191
0.169
0.061
0.243
0.204
