0.152
0.046
0.140
0.093
0.017
0.120
0.141
0.145
0.017
0.114
0.154
0.142
0.124
0.229
0.118
0.180
0.171
0.169
0.109
0.176
0.173
0.016
0.170
0.112
0.144
0.125
0.240
0.192
0.113
0.135
0.062
0.017
0.133
0.116
0.031
0.169
0.084
0.153
0.141
0.161
0.147
0.205
0.169
0.081
0.138
0.082
0.020
0.063
0.168
0.161
0.158
0.177
0.109
0.151
0.066
0.144
0.161
0.087
0.058
0.128
0.202
0.091
0.154
0.146
0.173
0.104
0.068
0.087
0.122
0.199
0.041
0.196
0.137
0.214
0.124
0.069
0.034
0.181
0.179
0.250
0.145
0.078
0.195
0.050
0.141
0.117
0.119
0.167
0.029
0.136
0.161
0.191
0.106
0.051
0.130
0.147
0.079
0.075
0.138
0.134
0.134
0.080
0.115
0.126
0.165
0.056
0.064
0.053
0.122
0.182
0.057
0.174
0.157
0.205
0.134
0.061
0.142
0.149
0.201
0.137
0.125
0.123
0.139
0.053
0.167
0.087
0.206
0.138
0.201
0.074
0.071
0.146
0.174
0.157
0.146
0.018
0.147
0.135
0.145
0.172
0.101
0.204
0.150
0.239
0.241
0.123
0.167
0.190
0.199
0.143
0.122
0.168
0.137
0.095
0.101
0.102
0.083
0.077
0.015
0.182
0.185
0.183
0.193
0.077
0.127
0.082
0.110
0.099
0.204
0.205
0.243
0.201
0.201
0.232
0.187
0.190
0.186
0.174
0.189
0.144
0.122
0.062
0.194
0.121
0.194
0.140
0.136
0.132
0.019
0.029
0.153
0.091
0.161
0.113
0.090
0.016
0.158
0.158
0.112
0.126
0.170
0.131
0.139
0.111
0.051
0.161
0.203
0.174
0.161
0.148
0.138
0.125
0.181
0.114
0.113
0.188
0.176
0.199
0.079
0.077
0.115
0.135
0.234
0.143
0.324
0.143
0.135
0.090
0.094
0.157
0.194
0.074
0.204
0.226
0.133
0.161
0.242
0.131
0.121
0.108
0.090
0.204
0.199
0.212
0.200
0.128
0.077
0.115
0.163
0.111
0.137
0.116
0.124
0.101
0.104
0.080
0.048
0.100
0.125
0.195
0.091
0.194
0.145
0.017
0.073
0.157
0.202
0.237
0.223
0.200
0.132
0.147
0.058
0.070
0.137
0.190
0.228
0.110
0.088
0.189
0.212
0.197
0.167
0.157
0.195
0.113
0.145
0.196
0.152
0.110
0.170
0.190
0.071
0.070
0.192
0.142
0.089
0.151
0.088
0.082
0.191
0.083
0.119
0.145
0.156
0.184
0.197
0.182
0.097
0.141
0.238
0.210
0.148
0.137
0.240
0.017
0.084
0.198
0.102
0.221
0.112
0.283
0.138
0.145
0.177
0.195
0.189
0.023
0.198
0.042
0.072
0.153
0.165
0.167
0.189
0.082
0.131
0.108
0.092
0.126
0.190
0.195
0.099
0.188
0.024
0.156
0.192
0.128
0.149
0.164
0.204
0.202
0.187
0.202
0.107
0.200
0.200
0.155
0.112
0.140
0.167
0.199
0.215
0.128
0.186
0.155
0.152
0.069
0.138
0.091
0.150
0.101
0.133
0.148
0.070
0.016
0.150
0.097
0.188
0.149
0.204
0.120
0.149
0.082
0.048
0.155
0.070
0.275
0.171
0.124
0.070
0.173
0.207
0.057
0.161
0.116
0.207
0.195
0.157
0.083
0.105
0.098
0.143
0.155
0.207
0.168
0.202
0.152
0.190
0.135
0.142
0.100
0.163
0.119
0.158
0.064
0.089
0.135
0.081
0.133
0.119
0.055
0.095
0.246
0.144
0.124
0.162
0.038
0.151
0.093
0.103
0.193
0.182
0.183
0.126
0.155
0.133
0.067
0.061
0.061
0.170
0.153
0.137
0.080
0.102
0.254
0.145
0.130
0.016
0.111
0.104
0.102
0.171
0.224
0.147
0.143
0.124
0.172
0.123
0.138
0.189
0.129
0.136
0.165
0.128
0.168
0.186
0.015
0.138
0.064
0.036
0.183
0.149
0.064
0.190
0.101
0.240
0.263
0.112
0.185
0.141
0.176
0.115
0.112
0.119
0.160
0.127
0.145
0.126
0.204
0.174
0.076
0.053
0.126
0.162
0.107
0.205
0.017
0.209
0.075
0.116
0.116
0.084
0.172
0.056
0.072
0.137
0.045
0.125
0.123
0.120
0.148
0.084
0.217
0.145
0.157
0.151
0.164
0.125
0.109
0.150
0.145
0.142
0.146
0.029
0.068
0.123
0.112
0.119
0.182
0.087
0.126
0.235
0.125
0.112
0.152
0.242
0.187
0.171
0.169
0.170
0.134
0.101
0.122
0.148
0.038
0.162
0.225
0.176
0.051
0.152
0.121
0.151
0.184
0.163
0.100
0.147
0.108
0.157
0.123
0.146
0.106
0.115
0.147
0.044
0.045
0.122
0.119
0.061
0.131
0.053
0.107
0.040
0.144
0.200
0.086
0.108
0.133
0.141
0.135
0.150
0.077
0.139
0.138
0.077
0.169
0.187
0.145
0.143
0.084
0.150
0.089
0.181
0.121
0.083
0.103
0.017
0.237
0.126
0.115
0.237
0.145
0.152
0.095
0.113
0.130
0.033
0.077
0.075
0.099
0.115
0.089
0.150
0.148
0.117
0.104
0.171
0.052
0.110
0.178
0.069
0.074
0.097
0.085
0.132
0.153
0.079
0.121
0.087
0.065
0.066
0.138
0.130
0.135
0.125
0.052
0.205
0.136
0.160
0.112
0.137
0.187
0.028
0.139
0.101
0.151
0.200
0.205
0.082
0.109
0.186
0.187
0.184
0.178
0.121
0.168
0.053
0.183
0.081
0.169
0.102
0.103
0.140
0.073
0.104
0.101
0.122
0.099
0.105
0.172
0.170
0.039
0.209
0.061
0.086
0.084
0.073
0.119
0.137
0.177
0.047
0.063
0.165
0.144
0.153
0.065
0.078
0.084
0.157
0.153
0.200
0.152
0.175
0.159
0.208
0.119
0.033
0.169
0.140
0.226
0.089
0.133
0.069
0.217
0.076
0.170
0.128
0.220
0.070
0.122
0.061
0.059
0.019
0.059
0.084
0.049
0.259
0.122
0.033
0.166
0.072
0.185
0.154
0.103
0.131
0.122
0.146
0.137
0.113
0.169
0.067
0.036
0.127
0.128
0.134
0.155
0.038
0.066
0.117
0.140
0.078
0.136
0.132
0.114
0.166
0.037
0.114
0.103
0.119
0.063
0.151
0.134
0.046
0.144
0.188
0.092
0.215
0.114
0.233
0.054
0.071
0.066
0.110
0.024
0.111
0.237
0.120
0.187
0.117
0.079
0.259
0.171
0.104
0.220
0.161
0.190
0.114
0.186
0.153
0.150
0.113
0.093
0.120
0.199
0.116
0.195
0.113
0.108
0.144
0.146
0.101
0.228
0.029
0.122
0.197
0.033
0.219
0.080
0.161
0.087
0.192
0.092
0.098
0.084
0.078
0.209
0.194
0.100
0.097
0.110
0.069
0.147
0.159
0.073
0.120
0.159
0.070
0.137
0.072
0.136
0.156
0.117
0.200
0.192
0.151
0.194
0.180
0.061
0.144
0.118
0.074
0.080
0.027
0.069
0.191
0.243
0.119
0.110
0.134
0.214
0.108
0.023
0.197
0.173
0.114
0.123
0.190
0.188
0.165
0.112
0.136
0.169
0.064
0.104
0.101
0.200
0.139
0.022
0.175
0.221
0.169
0.070
0.194
0.138
0.072
0.147
0.084
0.094
0.094
0.201
0.035
0.123
0.093
0.145
0.037
0.150
0.188
0.044
0.091
0.165
0.067
0.125
0.151
0.097
0.150
0.166
0.017
0.077
0.064
0.039
0.158
0.086
0.152
0.096
0.182
0.170
0.211
0.035
0.135
0.237
0.154
0.110
0.121
0.126
0.151
0.224
0.075
0.082
0.098
0.189
0.019
0.142
0.136
0.127
0.137
0.139
0.016
0.159
0.124
0.018
0.088
0.015
0.127
0.133
0.210
0.165
0.026
0.139
0.092
0.205
0.164
0.167
0.101
0.037
0.146
0.084
0.118
0.133
0.019
0.171
0.020
0.181
0.162
0.142
0.106
0.164
0.184
0.158
0.061
0.049
0.207
0.138
0.085
0.134
0.196
0.075
0.206
0.115
0.200
0.218
0.101
0.198
0.176
0.203
0.203
0.093
0.069
0.154
0.165
0.153
0.105
0.140
0.161
0.123
0.023
0.200
0.074
0.059
0.113
0.161
0.045
0.120
0.174
0.210
0.106
0.104
0.181
0.141
0.076
0.111
0.101
0.170
0.134
0.102
0.067
0.069
0.067
0.195
0.159
0.139
0.078
0.144
0.065
0.095
0.198
0.145
0.084
0.162
0.161
0.115
0.141
