0.712
0.693
0.732
0.701
0.738
0.662
0.677
0.715
0.765
0.733
0.682
0.684
0.669
0.649
0.758
0.730
0.743
0.667
0.793
0.718
0.681
0.717
0.759
0.684
0.732
0.752
0.694
0.778
0.667
0.694
0.634
0.714
0.695
0.660
0.755
0.806
0.719
0.669
0.740
0.625
0.725
0.766
0.684
0.684
0.794
0.676
0.706
0.662
0.756
0.744
0.709
0.730
0.753
0.736
0.751
0.667
0.642
0.714
0.738
0.671
0.782
0.714
0.746
0.697
0.703
0.802
0.707
0.738
0.707
0.672
0.649
0.707
0.702
0.684
0.780
0.676
0.701
0.668
0.719
0.707
0.715
0.646
0.631
0.777
0.739
0.776
0.710
0.744
0.666
0.757
0.680
0.690
0.738
0.710
0.747
0.662
0.708
0.698
0.729
0.698
0.734
0.801
0.731
0.673
0.714
0.702
0.661
0.717
0.769
0.672
0.665
0.676
0.698
0.720
0.719
0.729
0.685
0.685
0.714
0.810
0.676
0.826
0.735
0.665
0.673
0.726
0.774
0.807
0.695
0.685
0.809
0.783
0.662
0.795
0.680
0.681
0.718
0.724
0.698
0.735
0.653
0.735
0.731
0.742
0.683
0.730
0.702
0.746
0.782
0.696
0.718
0.764
0.753
0.691
0.714
0.711
0.699
0.710
0.678
0.638
0.668
0.731
0.707
0.763
0.724
0.755
0.651
0.714
0.723
0.765
0.727
0.678
0.699
0.761
0.638
0.741
0.681
0.714
0.702
0.679
0.707
0.823
0.718
0.753
0.671
0.695
0.652
0.777
0.724
0.714
0.814
0.697
0.672
0.714
0.701
0.704
0.731
0.704
0.729
0.662
0.692
0.762
0.699
0.678
0.689
0.688
0.739
0.751
0.787
0.663
0.734
0.713
0.710
0.675
0.780
0.714
0.660
0.704
0.813
0.763
0.667
0.759
0.691
0.703
0.679
0.748
0.680
0.751
0.691
0.747
0.706
0.696
0.743
0.723
0.738
0.761
0.708
0.655
0.723
0.725
0.714
0.668
0.696
0.693
0.707
0.698
0.693
0.782
0.709
0.708
0.761
0.685
0.770
0.799
0.751
0.752
0.702
0.663
0.781
0.728
0.738
0.669
0.716
0.705
0.718
0.670
0.765
0.784
0.687
0.691
0.722
0.688
0.779
0.696
0.732
0.648
0.751
0.773
0.679
0.690
0.682
0.738
0.758
0.720
0.710
0.706
0.722
0.757
0.714
0.717
0.741
0.714
0.703
0.794
0.690
0.719
0.777
0.729
0.687
0.740
0.668
0.687
0.669
0.667
0.672
0.684
0.696
0.695
0.637
0.672
0.710
0.729
0.761
0.706
0.647
0.679
0.771
0.722
0.785
0.732
0.660
0.737
0.738
0.686
0.726
0.709
0.718
0.730
0.720
0.678
0.743
0.693
0.737
0.712
0.677
0.710
0.803
0.687
0.670
0.688
0.778
0.741
0.685
0.718
0.649
0.723
0.691
0.722
0.781
0.743
0.698
0.715
0.733
0.781
0.627
0.774
0.781
0.695
0.737
0.671
0.736
0.689
0.713
0.779
0.791
0.720
0.676
0.694
0.779
0.745
0.706
0.711
0.679
0.675
0.741
0.699
0.718
0.786
0.750
0.719
0.713
0.667
0.662
0.753
0.682
0.745
0.771
0.713
0.652
0.799
0.768
0.687
0.672
0.717
0.781
0.644
0.682
0.726
0.686
0.696
0.747
0.668
0.716
0.752
0.718
0.721
0.703
0.677
0.745
0.795
0.661
0.769
0.664
0.696
0.727
0.755
0.700
0.655
0.655
0.673
0.762
0.659
0.682
0.748
0.687
0.679
0.718
0.698
0.683
0.729
0.704
0.758
0.736
0.704
0.761
0.710
0.698
0.767
0.696
0.684
0.751
0.722
0.656
0.681
0.673
0.701
0.677
0.715
0.782
0.736
0.637
0.664
0.807
0.688
0.694
0.702
0.681
0.751
0.756
0.671
0.711
0.636
0.674
0.694
0.721
0.664
0.672
0.724
0.677
0.723
0.762
0.728
0.683
0.658
0.773
0.726
0.701
0.690
0.805
0.714
0.780
0.791
0.792
0.712
0.722
0.769
0.739
0.676
0.740
0.781
0.757
0.734
0.721
0.744
0.669
0.722
0.780
0.814
0.781
0.669
0.732
0.713
0.702
0.688
0.741
0.725
0.702
0.704
0.648
0.727
0.698
0.648
0.659
0.695
0.638
0.739
0.724
0.677
0.675
0.710
0.684
0.733
0.787
0.684
0.678
0.666
0.661
0.695
0.715
0.698
0.684
0.692
0.675
0.742
0.685
0.661
0.804
0.727
0.733
0.683
0.694
0.702
0.645
0.678
0.680
0.720
0.682
0.646
0.672
0.671
0.676
0.641
0.654
0.677
0.715
0.737
0.678
0.656
0.693
0.660
0.783
0.775
0.678
0.763
0.737
0.666
0.676
0.660
0.666
0.715
0.702
0.679
0.722
0.649
0.675
0.748
0.681
0.789
0.706
0.732
0.693
0.731
0.703
0.706
0.717
0.672
0.690
0.671
0.716
0.681
0.679
0.717
0.735
0.690
0.670
0.709
0.693
0.739
0.712
0.711
0.715
0.718
0.769
0.806
0.662
0.670
0.690
0.704
0.668
0.701
0.680
0.710
0.719
0.794
0.639
0.636
0.751
0.753
0.770
0.760
0.662
0.667
0.754
0.651
0.681
0.694
0.715
0.647
0.649
0.684
0.708
0.687
0.711
0.692
0.700
0.689
0.670
0.722
0.673
0.803
0.693
0.704
0.752
0.688
0.683
0.722
0.788
0.689
0.684
0.712
0.798
0.688
0.667
0.683
0.686
0.735
0.670
0.684
0.662
0.643
0.724
0.683
0.699
0.799
0.779
0.714
0.654
0.692
0.699
0.724
0.745
0.687
0.644
0.827
0.761
0.672
0.751
0.798
0.661
0.652
0.617
0.667
0.680
0.718
0.769
0.667
0.694
0.707
0.645
0.639
0.767
0.691
0.669
0.704
0.699
0.738
0.739
0.746
0.709
0.671
0.749
0.705
0.680
0.690
0.653
0.723
0.786
0.698
0.683
0.673
0.695
0.671
0.699
0.814
0.692
0.684
0.727
0.698
0.649
0.731
0.673
0.693
0.660
0.705
0.718
0.802
0.711
0.730
0.751
0.675
0.711
0.672
0.743
0.706
0.750
0.651
0.716
0.750
0.699
0.684
0.667
0.671
0.671
0.716
0.761
0.800
0.670
0.804
0.737
0.703
0.681
0.664
0.681
0.799
0.675
0.731
0.715
0.726
0.656
0.662
0.717
0.722
0.687
0.715
0.753
0.736
0.717
0.726
0.810
0.674
0.739
0.679
0.717
0.750
0.644
0.743
0.697
0.672
0.687
0.645
0.761
0.691
0.758
0.651
0.648
0.694
0.700
0.677
0.695
0.697
0.807
0.705
0.680
0.665
0.702
0.689
0.706
0.743
0.737
0.702
0.797
0.683
0.791
0.635
0.675
0.663
0.658
0.689
0.681
0.689
0.807
0.772
0.740
0.692
0.692
0.694
0.707
0.692
0.775
0.738
0.781
0.747
0.647
0.677
0.639
0.670
0.707
0.751
0.759
0.688
0.687
0.739
0.679
0.689
0.757
0.664
0.650
0.674
0.693
0.736
0.672
0.697
0.704
0.750
0.715
0.661
0.733
0.713
0.659
0.738
0.781
0.658
0.669
0.694
0.675
0.669
0.663
0.705
0.686
0.704
0.755
0.676
0.732
0.782
0.813
0.717
0.724
0.784
0.655
0.834
0.726
0.697
0.706
0.785
0.738
0.696
0.659
0.701
0.713
0.670
0.785
0.743
0.687
0.807
0.670
0.688
0.704
0.736
0.684
0.759
0.656
0.713
0.762
0.674
0.655
0.705
0.762
0.702
0.675
0.652
0.653
0.707
0.713
0.678
0.749
0.725
0.709
0.727
0.791
0.661
0.748
0.733
0.739
0.698
0.674
0.737
0.702
0.731
0.681
0.693
0.687
0.714
0.716
0.812
0.715
0.709
0.777
0.692
0.659
0.707
0.683
0.694
0.681
0.687
0.670
0.661
0.774
0.730
0.603
0.673
0.700
0.660
0.725
0.690
0.687
0.685
0.684
0.674
0.666
0.765
0.694
0.685
0.725
0.667
0.704
0.708
0.722
0.678
0.733
0.705
0.638
0.664
0.735
0.713
0.774
0.814
0.671
0.774
0.725
0.705
0.643
0.723
0.692
0.691
0.715
0.671
0.813
0.742
0.690
0.675
0.682
0.721
0.697
0.726
0.678
0.702
0.687
0.713
0.708
0.702
0.670
0.671
0.670
0.736
0.740
0.802
0.671
0.664
0.668
0.672
0.660
0.668
0.674
0.674
0.679
0.664
0.673
0.710
0.662
0.712
0.751
0.692
0.648
0.690
0.713
0.630
0.707
0.685
0.751
0.691
0.696
0.666
0.702
0.761
0.687
0.677
0.687
0.775
0.722
0.695
0.747
0.682
0.700
0.649
0.771
0.712
0.716
0.725
0.726
0.804
0.685
0.741
0.747
0.720
0.712
0.728
0.745
0.690
0.679
0.676
0.709
0.688
0.767
0.694
0.804
0.747
0.685
0.741
0.632
0.733
0.706
0.726
0.735
0.735
0.789
0.746
0.848
0.740
0.719
0.733
0.786
0.773
0.779
0.647
0.687
0.748
0.728
0.634
0.685
0.712
0.674
0.685
0.718
0.762
0.684
0.701
0.662
0.749
0.639
0.754
0.686
0.691
0.713
0.661
0.736
0.791
0.684
0.720
0.688
0.737
0.671
0.655
0.668
0.678
0.729
0.764
0.674
0.709
0.659
0.695
0.678
0.763
0.729
0.672
0.699
0.662
0.761
0.786
0.658
0.748
0.715
0.761
0.698
0.713
0.714
0.641
0.656
0.780
0.699
0.681
0.667
0.671
0.713
0.716
0.740
0.688
0.682
0.679
0.713
0.688
0.670
0.713
0.709
0.676
0.698
0.685
0.685
0.703
0.688
0.693
0.735
0.735
0.680
0.675
0.707
0.707
0.728
0.730
0.730
0.698
0.704
0.734
0.692
0.698
0.826
0.742
0.707
0.807
0.664
0.698
0.789
0.721
0.730
0.704
0.697
0.649
0.706
0.675
0.797
0.690
0.730
0.800
0.731
0.785
0.696
0.662
0.774
0.715
0.795
0.691
0.743
0.714
0.726
0.721
0.719
0.676
0.734
0.679
0.736
0.680
0.680
0.701
0.815
0.771
0.707
0.639
0.651
0.724
0.786
0.684
0.798
0.731
0.657
0.648
0.689
0.706
0.716
0.698
0.700
0.770
0.699
0.687
0.688
0.693
0.676
0.718
0.708
0.675
0.730
0.761
0.805
0.658
0.720
0.681
0.671
0.692
0.729
0.795
0.756
0.661
0.676
0.781
0.718
0.703
0.768
0.706
0.764
0.792
0.681
0.690
0.762
0.748
0.711
0.701
0.715
0.698
0.748
0.707
0.689
0.790
0.700
0.684
0.698
0.681
0.660
0.673
0.796
0.742
0.666
0.672
0.674
0.772
0.673
0.777
0.690
0.710
0.711
0.735
0.695
0.682
0.699
0.719
0.712
0.695
0.794
0.805
0.726
0.640
0.747
0.644
0.707
0.684
0.707
0.706
0.764
0.784
0.716
0.667
0.735
0.705
0.683
0.683
0.673
0.690
0.720
0.686
0.803
0.810
0.670
0.776
0.734
0.719
0.643
0.738
0.690
0.643
0.736
0.686
0.666
0.708
0.753
0.757
0.711
0.745
0.709
0.700
0.652
0.666
0.674
0.718
0.688
0.715
0.655
0.708
0.686
0.689
0.658
0.720
0.756
0.699
0.709
0.728
0.705
0.718
0.710
0.695
0.719
0.704
0.706
0.798
0.718
0.661
0.665
0.771
0.715
0.719
0.694
0.726
0.713
0.806
0.812
0.744
0.643
0.709
0.695
0.716
0.667
0.703
0.746
0.670
0.757
0.699
0.731
0.701
0.704
0.780
0.677
0.684
0.673
0.705
0.731
0.716
0.709
0.673
0.697
0.694
0.778
0.710
0.725
0.721
0.726
0.686
0.685
0.693
0.698
0.708
0.753
0.705
0.697
0.683
0.758
0.718
0.708
0.676
0.674
0.685
0.681
0.681
0.685
0.686
0.682
0.685
0.696
0.682
0.686
0.676
0.685
0.674
0.683
0.675
0.806
0.689
0.664
0.705
0.683
0.701
0.708
0.685
0.712
0.706
0.714
0.798
0.674
0.739
0.678
0.776
0.732
0.704
0.744
0.785
0.684
0.690
0.707
0.712
0.718
0.687
0.777
0.695
0.677
0.699
0.832
0.706
0.736
0.739
0.695
0.702
0.772
0.648
0.734
0.717
0.690
0.654
0.766
0.757
0.709
0.809
0.715
0.686
0.711
0.697
0.714
0.647
0.690
0.697
0.727
0.682
0.690
0.710
0.719
0.814
0.779
0.698
0.649
0.717
0.727
0.687
0.675
0.703
0.698
0.707
0.789
0.686
0.786
0.685
0.703
0.731
0.681
0.733
0.676
0.661
0.687
0.658
0.708
0.681
0.686
0.752
0.708
0.660
0.725
0.664
0.717
0.809
0.685
0.743
0.706
0.770
0.728
0.668
0.692
0.665
0.753
0.715
0.744
0.655
0.732
0.673
0.660
0.689
0.748
0.683
0.663
0.662
0.676
0.751
0.708
0.741
0.710
0.717
0.719
0.641
0.742
0.823
0.661
0.687
0.696
0.677
0.711
0.646
0.684
0.688
0.718
0.733
0.682
0.652
0.744
0.743
0.799
0.672
0.721
0.747
0.702
0.664
0.666
0.596
0.732
0.703
0.696
0.700
0.693
0.688
0.720
0.690
0.727
0.733
0.732
0.693
0.693
0.659
0.670
0.768
0.693
0.636
0.729
0.663
0.692
0.763
0.721
0.680
0.665
0.675
0.670
0.797
0.697
0.718
0.723
0.660
0.674
0.670
0.745
0.672
0.686
0.666
0.774
0.727
0.721
0.684
0.750
0.782
0.721
0.715
0.714
0.696
0.718
0.723
0.670
0.671
0.714
0.790
0.704
0.713
0.808
0.679
0.699
0.715
0.727
0.789
0.667
0.648
0.724
0.777
0.752
0.695
0.827
0.680
0.690
0.625
0.647
0.662
0.679
0.687
0.688
0.695
0.697
0.713
0.715
0.661
0.653
0.690
0.695
0.698
0.730
0.695
0.705
0.647
0.653
0.709
0.683
0.697
0.766
0.749
0.728
0.703
0.705
0.727
0.689
0.764
0.743
0.684
0.683
0.753
0.773
0.713
0.700
0.722
0.659
0.683
0.671
0.686
0.691
0.697
0.730
0.698
0.750
0.701
0.759
0.786
0.681
0.678
0.687
0.727
0.759
0.703
0.717
0.719
0.680
0.690
0.655
0.747
0.699
0.730
0.704
0.657
0.816
0.703
0.687
0.679
0.719
0.692
0.646
0.653
0.679
0.766
0.691
0.808
0.803
0.640
0.697
0.700
0.691
0.698
0.695
0.705
0.780
0.747
0.729
0.699
0.724
0.768
0.680
0.701
0.700
0.671
0.759
0.727
0.756
0.692
0.715
0.691
0.765
0.718
0.653
0.705
0.685
0.684
0.705
0.686
0.695
0.695
0.680
0.654
0.698
0.726
0.689
0.703
0.660
0.718
0.718
0.652
0.670
0.688
0.719
0.649
0.735
0.687
0.775
0.724
0.726
0.859
0.671
0.692
0.643
0.685
0.724
0.748
0.685
0.692
0.651
0.654
0.796
0.714
0.771
0.682
0.786
0.717
0.720
0.706
0.695
0.716
0.726
0.750
0.757
0.782
0.676
0.669
0.754
0.720
0.650
0.697
0.715
0.655
0.645
0.653
0.657
0.636
0.652
0.623
0.655
0.668
0.658
0.650
0.831
0.669
0.712
0.794
0.632
0.659
0.697
0.666
0.697
0.697
0.695
0.794
0.799
0.639
