0.688
0.788
0.640
0.757
0.802
0.659
0.691
0.689
0.812
0.673
0.688
0.713
0.691
0.657
0.709
0.672
0.650
0.653
0.677
0.702
0.686
0.817
0.675
0.680
0.715
0.700
0.688
0.652
0.730
0.691
0.699
0.806
0.668
0.735
0.860
0.735
0.694
0.699
0.708
0.687
0.704
0.659
0.742
0.738
0.727
0.690
0.834
0.799
0.719
0.702
0.689
0.710
0.698
0.700
0.692
0.714
0.687
0.770
0.791
0.709
0.654
0.738
0.700
0.713
0.682
0.739
0.770
0.686
0.699
0.714
0.798
0.708
0.714
0.705
0.709
0.797
0.787
0.670
0.674
0.699
0.710
0.726
0.623
0.773
0.695
0.715
0.727
0.675
0.823
0.715
0.702
0.669
0.697
0.793
0.716
0.704
0.716
0.773
0.658
0.703
0.750
0.624
0.724
0.735
0.720
0.798
0.752
0.778
0.710
0.698
0.789
0.662
0.650
0.712
0.706
0.763
0.743
0.740
0.657
0.643
0.760
0.755
0.698
0.762
0.696
0.750
0.668
0.649
0.720
0.749
0.809
0.687
0.746
0.700
0.737
0.834
0.750
0.693
0.698
0.689
0.732
0.623
0.716
0.672
0.665
0.773
0.742
0.701
0.716
0.692
0.716
0.766
0.723
0.752
0.744
0.739
0.752
0.758
0.825
0.709
0.716
0.708
0.674
0.754
0.730
0.756
0.695
0.743
0.633
0.636
0.668
0.630
0.619
0.654
0.632
0.637
0.637
0.690
0.648
0.692
0.728
0.761
0.636
0.712
0.630
0.707
0.717
0.669
0.828
0.807
0.729
0.690
0.678
0.727
0.748
0.813
0.690
0.689
0.726
0.757
0.716
0.675
0.643
0.758
0.782
0.692
0.635
0.719
0.690
0.718
0.680
0.750
0.654
0.703
0.737
0.629
0.707
0.734
0.752
0.763
0.746
0.704
0.667
0.702
0.646
0.652
0.709
0.782
0.716
0.685
0.696
0.820
0.628
0.707
0.716
0.687
0.671
0.707
0.733
0.700
0.755
0.636
0.626
0.647
0.634
0.758
0.755
0.727
0.697
0.769
0.710
0.685
0.647
0.717
0.709
0.756
0.807
0.709
0.761
0.621
0.747
0.629
0.731
0.822
0.772
0.728
0.649
0.635
0.668
0.653
0.754
0.734
0.794
0.722
0.713
0.705
0.631
0.742
0.755
0.672
0.615
0.638
0.726
0.730
0.655
0.716
0.689
0.661
0.683
0.700
0.683
0.661
0.711
0.710
0.701
0.733
0.759
0.676
0.736
0.755
0.658
0.674
0.754
0.731
0.664
0.658
0.633
0.669
0.704
0.686
0.651
0.700
0.688
0.719
0.674
0.826
0.768
0.715
0.722
0.672
0.709
0.699
0.699
0.703
0.736
0.629
0.636
0.801
0.638
0.819
0.765
0.665
0.651
0.716
0.730
0.714
0.694
0.738
0.778
0.720
0.696
0.691
0.717
0.694
0.815
0.693
0.670
0.679
0.665
0.637
0.655
0.657
0.672
0.675
0.697
0.661
0.681
0.678
0.751
0.707
0.650
0.700
0.660
0.700
0.710
0.678
0.672
0.708
0.720
0.702
0.747
0.721
0.756
0.694
0.701
0.802
0.651
0.781
0.662
0.656
0.660
0.757
0.672
0.746
0.776
0.657
0.779
0.692
0.714
0.696
0.706
0.715
0.717
0.789
0.718
0.694
0.665
0.674
0.718
0.732
0.749
0.722
0.698
0.740
0.702
0.741
0.712
0.661
0.677
0.708
0.683
0.738
0.662
0.697
0.642
0.801
0.718
0.694
0.770
0.695
0.716
0.792
0.748
0.708
0.672
0.694
0.724
0.792
0.677
0.694
0.750
0.688
0.714
0.688
0.747
0.631
0.708
0.765
0.749
0.778
0.619
0.664
0.703
0.747
0.732
0.659
0.704
0.743
0.809
0.717
0.694
0.709
0.684
0.653
0.711
0.679
0.673
0.681
0.655
0.691
0.682
0.724
0.740
0.668
0.723
0.687
0.710
0.813
0.680
0.758
0.797
0.715
0.741
0.712
0.710
0.730
0.662
0.701
0.701
0.703
0.663
0.692
0.714
0.727
0.678
0.679
0.715
0.677
0.736
0.630
0.681
0.753
0.775
0.709
0.671
0.731
0.707
0.796
0.671
0.756
0.680
0.762
0.750
0.714
0.712
0.731
0.756
0.750
0.657
0.716
0.726
0.677
0.703
0.679
0.684
0.689
0.650
0.727
0.734
0.723
0.669
0.709
0.667
0.744
0.813
0.767
0.743
0.721
0.716
0.707
0.735
0.749
0.673
0.697
0.723
0.676
0.674
0.676
0.700
0.695
0.721
0.707
0.728
0.731
0.686
0.814
0.664
0.648
0.667
0.780
0.672
0.728
0.654
0.709
0.739
0.756
0.685
0.746
0.709
0.702
0.704
0.756
0.729
0.696
0.780
0.783
0.697
0.674
0.704
0.731
0.793
0.701
0.787
0.702
0.694
0.755
0.756
0.703
0.734
0.712
0.710
0.752
0.717
0.720
0.740
0.705
0.736
0.716
0.674
0.645
0.688
0.755
0.650
0.677
0.715
0.708
0.804
0.667
0.751
0.690
0.664
0.679
0.701
0.724
0.692
0.720
0.816
0.690
0.752
0.738
0.720
0.774
0.698
0.648
0.714
0.686
0.671
0.775
0.687
0.719
0.716
0.710
0.734
0.748
0.681
0.685
0.777
0.728
0.645
0.807
0.785
0.705
0.693
0.720
0.720
0.776
0.674
0.739
0.672
0.718
0.749
0.725
0.802
0.717
0.727
0.708
0.635
0.656
0.766
0.704
0.737
0.677
0.708
0.697
0.730
0.717
0.813
0.679
0.762
0.687
0.713
0.722
0.707
0.782
0.691
0.719
0.729
0.763
0.713
0.675
0.712
0.800
0.704
0.766
0.737
0.736
0.672
0.747
0.709
0.721
0.771
0.757
0.663
0.659
0.664
0.690
0.737
0.677
0.670
0.692
0.634
0.687
0.661
0.673
0.669
0.699
0.816
0.701
0.704
0.683
0.731
0.730
0.750
0.683
0.767
0.618
0.658
0.676
0.767
0.719
0.758
0.697
0.833
0.766
0.702
0.785
0.712
0.697
0.820
0.692
0.790
0.667
0.655
0.691
0.731
0.723
0.674
0.698
0.708
0.675
0.751
0.819
0.748
0.695
0.719
0.697
0.817
0.733
0.723
0.668
0.736
0.709
0.713
0.719
0.683
0.788
0.706
0.794
0.713
0.765
0.675
0.716
0.772
0.705
0.704
0.742
0.705
0.713
0.657
0.757
0.704
0.726
0.689
0.863
0.709
0.653
0.705
0.663
0.726
0.742
0.672
0.674
0.719
0.668
0.652
0.713
0.697
0.638
0.671
0.654
0.691
0.734
0.689
0.690
0.723
0.707
0.677
0.744
0.700
0.714
0.731
0.690
0.817
0.704
0.654
0.805
0.678
0.778
0.693
0.750
0.680
0.729
0.691
0.716
0.687
0.680
0.673
0.746
0.698
0.725
0.760
0.683
0.653
0.700
0.734
0.744
0.751
0.752
0.773
0.745
0.712
0.688
0.699
0.703
0.745
0.673
0.708
0.792
0.684
0.707
0.701
0.787
0.806
0.716
0.659
0.659
0.689
0.715
0.699
0.678
0.707
0.810
0.686
0.689
0.707
0.702
0.643
0.702
0.668
0.755
0.687
0.659
0.792
0.736
0.747
0.631
0.686
0.805
0.661
0.693
0.725
0.766
0.697
0.691
0.685
0.703
0.787
0.728
0.718
0.684
0.804
0.721
0.734
0.649
0.782
0.663
0.681
0.800
0.698
0.733
0.745
0.721
0.713
0.758
0.697
0.701
0.814
0.742
0.783
0.789
0.691
0.748
0.728
0.744
0.688
0.668
0.706
0.803
0.738
0.667
0.678
0.726
0.734
0.713
0.703
0.666
0.782
0.729
0.741
0.720
0.821
0.668
0.747
0.751
0.700
0.693
0.819
0.710
0.704
0.813
0.682
0.814
0.733
0.706
0.709
0.683
0.800
0.689
0.752
0.696
0.679
0.681
0.747
0.786
0.726
0.720
0.683
0.739
0.839
0.689
0.821
0.643
0.752
0.747
0.774
0.708
0.719
0.677
0.795
0.761
0.670
0.695
0.804
0.693
0.682
0.760
0.693
0.680
0.687
0.633
0.766
0.717
0.731
0.626
0.635
0.719
0.762
0.664
0.709
0.669
0.786
0.677
0.727
0.699
0.837
0.637
0.760
0.769
0.716
0.682
0.797
0.713
0.669
0.671
0.737
0.727
0.664
0.705
0.803
0.707
0.718
0.735
0.696
0.711
0.798
0.762
0.754
0.629
0.731
0.703
0.717
0.707
0.769
0.735
0.656
0.695
0.769
0.729
0.712
0.690
0.720
