0.726
0.794
0.787
0.744
0.795
0.805
0.726
0.728
0.780
0.773
0.726
0.804
0.776
0.723
0.718
0.690
0.692
0.708
0.680
0.657
0.684
0.703
0.705
0.718
0.658
0.695
0.721
0.686
0.737
0.694
0.780
0.700
0.752
0.687
0.690
0.640
0.743
0.702
0.702
0.714
0.654
0.726
0.706
0.731
0.743
0.657
0.654
0.658
0.710
0.742
0.669
0.693
0.754
0.804
0.713
0.708
0.661
0.763
0.774
0.693
0.659
0.705
0.716
0.694
0.707
0.700
0.738
0.657
0.674
0.786
0.745
0.773
0.655
0.691
0.696
0.693
0.692
0.802
0.690
0.770
0.781
0.687
0.815
0.710
0.691
0.654
0.730
0.781
0.723
0.783
0.710
0.790
0.731
0.723
0.768
0.768
0.724
0.662
0.662
0.669
0.691
0.711
0.665
0.674
0.665
0.714
0.716
0.803
0.723
0.669
0.712
0.710
0.675
0.768
0.731
0.737
0.756
0.750
0.803
0.802
0.702
0.820
0.698
0.701
0.769
0.778
0.659
0.695
0.681
0.645
0.740
0.815
0.781
0.664
0.705
0.669
0.767
0.721
0.720
0.644
0.711
0.669
0.708
0.740
0.765
0.685
0.666
0.695
0.681
0.762
0.767
0.721
0.640
0.694
0.697
0.717
0.737
0.786
0.671
0.678
0.773
0.792
0.653
0.690
0.678
0.724
0.752
0.809
0.693
0.712
0.680
0.769
0.805
0.653
0.745
0.724
0.728
0.738
0.724
0.794
0.740
0.741
0.775
0.665
0.793
0.770
0.766
0.774
0.778
0.700
0.812
0.714
0.670
0.650
0.811
0.683
0.729
0.696
0.759
0.753
0.644
0.660
0.718
0.690
0.682
0.725
0.745
0.742
0.721
0.697
0.704
0.649
0.708
0.815
0.664
0.697
0.694
0.702
0.752
0.722
0.683
0.682
0.690
0.690
0.735
0.734
0.720
0.660
0.722
0.716
0.688
0.707
0.686
0.772
0.671
0.666
0.708
0.738
0.712
0.680
0.796
0.709
0.682
0.752
0.672
0.703
0.663
0.727
0.705
0.673
0.797
0.807
0.810
0.718
0.728
0.696
0.741
0.693
0.750
0.687
0.812
0.729
0.714
0.711
0.708
0.712
0.676
0.700
0.719
0.695
0.668
0.697
0.670
0.701
0.686
0.689
0.728
0.822
0.774
0.731
0.774
0.743
0.730
0.715
0.669
0.677
0.728
0.689
0.757
0.701
0.699
0.822
0.687
0.794
0.793
0.769
0.671
0.797
0.656
0.750
0.699
0.724
0.646
0.702
0.667
0.806
0.711
0.684
0.649
0.668
0.696
0.701
0.704
0.686
0.706
0.732
0.658
0.686
0.655
0.680
0.662
0.748
0.736
0.733
0.795
0.698
0.659
0.738
0.731
0.650
0.680
0.734
0.734
0.713
0.721
0.745
0.723
0.676
0.705
0.634
0.810
0.665
0.689
0.814
0.661
0.717
0.807
0.690
0.772
0.685
0.779
0.711
0.693
0.711
0.708
0.711
0.705
0.711
0.766
0.805
0.772
0.790
0.648
0.664
0.750
0.769
0.760
0.797
0.653
0.717
0.810
0.737
0.779
0.728
0.685
0.830
0.726
0.795
0.737
0.696
0.718
0.687
0.789
0.678
0.755
0.709
0.736
0.697
0.764
0.709
0.796
0.641
0.799
0.777
0.783
0.733
0.695
0.806
0.707
0.824
0.702
0.688
0.798
0.702
0.688
0.688
0.655
0.704
0.710
0.730
0.758
0.803
0.736
0.736
0.678
0.679
0.726
0.683
0.688
0.709
0.686
0.671
0.720
0.660
0.670
0.695
0.774
0.716
0.731
0.732
0.752
0.692
0.697
0.703
0.711
0.809
0.752
0.722
0.707
0.692
0.721
0.647
0.839
0.728
0.798
0.714
0.697
0.767
0.689
0.683
0.673
0.734
0.684
0.698
0.670
0.686
0.798
0.726
0.711
0.709
0.769
0.704
0.701
0.705
0.683
0.826
0.669
0.665
0.724
0.799
0.715
0.672
0.656
0.752
0.665
0.752
0.678
0.774
0.731
0.691
0.746
0.754
0.666
0.797
0.688
0.677
0.682
0.702
0.663
0.735
0.793
0.674
0.669
0.669
0.699
0.723
0.693
0.744
0.814
0.803
0.733
0.708
0.720
0.819
0.639
0.672
0.798
0.721
0.677
0.702
0.738
0.667
0.699
0.781
0.698
0.713
0.782
0.757
0.684
0.641
0.696
0.647
0.695
0.700
0.718
0.687
0.678
0.692
0.793
0.681
0.749
0.792
0.699
0.704
0.790
0.665
0.691
0.677
0.767
0.711
0.685
0.711
0.711
0.805
0.728
0.664
0.713
0.714
0.700
0.709
0.768
0.726
0.658
0.749
0.716
0.760
0.803
0.715
0.737
0.726
0.675
0.715
0.712
0.798
0.689
0.699
0.683
0.726
0.795
0.692
0.720
0.693
0.728
0.689
0.705
0.742
0.690
0.668
0.670
0.791
0.694
0.685
0.780
0.701
0.726
0.697
0.693
0.666
0.740
0.722
0.744
0.663
0.715
0.696
0.681
0.796
0.716
0.754
0.665
0.680
0.667
0.653
0.710
0.722
0.741
0.729
0.706
0.649
0.704
0.669
0.646
0.762
0.735
0.733
0.722
0.687
0.688
0.761
0.706
0.674
0.697
0.702
0.738
0.750
0.747
0.716
0.758
0.681
0.672
0.707
0.685
0.685
0.681
0.712
0.638
0.684
0.806
0.820
0.758
0.653
0.657
0.647
0.681
0.731
0.733
0.715
0.657
0.662
0.667
0.669
0.727
0.743
0.725
0.678
0.758
0.683
0.687
0.702
0.687
0.734
0.674
0.668
0.665
0.672
0.664
0.658
0.729
0.727
0.679
0.716
0.736
0.685
0.661
0.686
0.693
0.693
0.675
0.668
0.671
0.663
0.711
0.666
0.700
0.734
0.634
0.674
0.710
0.786
0.716
0.716
0.761
0.658
0.688
0.685
0.766
0.823
0.688
0.735
0.631
0.797
0.696
0.723
0.688
0.733
0.732
0.744
0.686
0.743
0.734
0.661
0.665
0.681
0.703
0.670
0.812
0.730
0.695
0.707
0.712
0.749
0.809
0.737
0.722
0.726
0.649
0.775
0.743
0.787
0.691
0.698
0.674
0.732
0.696
0.706
0.675
0.739
0.682
0.712
0.806
0.705
0.782
0.718
0.789
0.736
0.664
0.669
0.733
0.719
0.713
0.689
0.680
0.725
0.720
0.686
0.793
0.665
0.739
0.677
0.673
0.733
0.749
0.732
0.702
0.726
0.750
0.695
0.640
0.722
0.813
0.769
0.690
0.662
0.725
0.721
0.695
0.734
0.685
0.721
0.698
0.694
0.695
0.715
0.713
0.730
0.686
0.697
0.707
0.667
0.743
0.728
0.653
0.742
0.661
0.688
0.683
0.847
0.677
0.779
0.703
0.716
0.694
0.689
0.731
0.703
0.731
0.697
0.709
0.679
0.774
0.678
0.658
0.692
0.738
0.736
0.721
0.791
0.724
0.681
0.693
0.688
0.743
0.656
0.674
0.770
0.673
0.809
0.738
0.663
0.799
0.678
0.707
0.723
0.694
0.794
0.716
0.734
0.669
0.696
0.689
0.680
0.652
0.767
0.689
0.668
0.680
0.648
0.691
0.658
0.756
0.725
0.763
0.682
0.706
0.723
0.702
0.668
0.772
0.705
0.686
0.696
0.735
0.695
0.745
0.847
0.687
0.687
0.720
0.731
0.697
0.739
0.722
0.688
0.710
0.764
0.748
0.649
0.683
0.688
0.654
0.700
0.753
0.670
0.719
0.748
0.750
0.677
0.713
0.704
0.700
0.730
0.808
0.672
0.799
0.682
0.692
0.675
0.746
0.693
0.628
0.790
0.688
0.674
0.761
0.809
0.673
0.687
0.678
0.760
0.722
0.770
0.733
0.616
0.686
0.778
0.742
0.692
0.747
0.727
0.642
0.685
0.686
0.759
0.709
0.739
0.665
0.745
0.680
0.690
0.729
0.708
0.710
0.735
0.806
0.775
0.792
0.662
0.792
0.695
0.693
0.675
0.705
0.681
0.700
0.687
0.701
0.660
0.658
0.708
0.735
0.671
0.714
0.673
0.665
0.686
0.744
0.709
0.718
0.754
0.702
0.693
0.738
0.693
0.802
0.722
0.691
0.748
0.725
0.753
0.806
0.687
0.715
0.739
0.749
0.672
0.802
0.753
0.698
0.682
0.789
0.734
0.665
0.695
0.668
0.701
0.676
0.681
0.677
0.769
0.715
0.691
0.666
0.705
0.690
0.730
0.729
0.644
0.747
0.701
0.802
0.790
0.760
0.761
0.672
0.695
0.715
0.663
0.811
0.678
0.790
0.660
0.718
0.676
0.735
0.701
0.771
0.682
0.688
0.688
0.682
0.711
0.694
0.770
0.764
0.695
0.757
0.653
0.678
0.709
0.721
0.722
0.675
0.649
0.723
0.850
0.736
0.650
0.746
0.749
0.649
0.700
0.708
0.773
0.712
0.746
0.765
0.653
0.673
0.748
0.715
0.670
0.706
0.675
0.691
0.804
0.711
0.765
0.680
0.697
0.803
0.803
0.689
0.693
0.655
0.715
0.703
0.705
0.807
0.735
0.671
0.805
0.682
0.706
0.661
0.640
0.691
0.795
0.697
0.735
0.665
0.724
0.757
0.766
0.730
0.713
0.696
0.735
0.657
0.711
0.739
0.683
0.694
0.715
0.815
0.637
0.758
0.674
0.788
0.676
0.757
0.761
0.727
0.670
0.653
0.673
0.779
0.691
0.702
0.802
0.679
0.756
0.683
0.712
0.773
0.664
0.702
0.654
0.682
0.646
0.699
0.740
0.641
0.720
0.702
0.774
0.709
0.718
0.723
0.782
0.728
0.725
0.717
0.693
0.697
0.656
0.751
0.705
0.719
0.701
0.729
0.640
0.720
0.725
0.741
0.720
0.687
0.782
0.686
0.813
0.693
0.731
0.684
0.756
0.796
0.726
0.715
0.698
0.667
0.726
0.688
0.674
0.666
0.673
0.704
0.819
0.735
0.755
0.671
0.738
0.751
0.702
0.649
0.748
0.758
0.706
0.750
0.768
0.678
0.810
0.675
0.727
0.768
0.705
0.701
0.773
0.698
0.761
0.663
0.728
0.691
0.687
0.648
0.723
0.667
0.723
0.675
0.641
0.811
0.692
0.683
0.733
0.665
0.688
0.675
0.730
0.712
0.725
0.734
0.716
0.730
0.698
0.723
0.689
0.744
0.691
0.668
0.664
0.721
0.740
0.741
0.690
0.759
0.743
0.646
0.683
0.706
0.754
0.687
0.725
0.778
0.735
0.819
0.769
0.768
0.689
0.731
0.682
0.679
0.709
0.684
0.807
0.792
0.709
0.746
0.712
0.673
0.781
0.734
0.745
0.670
0.787
0.727
0.758
0.658
0.670
0.797
0.705
0.748
0.694
0.741
0.733
0.765
0.677
0.656
0.660
0.698
0.788
0.662
0.692
0.729
0.673
0.715
0.803
0.696
0.657
0.667
0.644
0.716
0.722
0.763
0.705
0.678
0.747
0.663
0.716
0.651
0.739
0.638
0.742
0.711
0.785
0.763
0.655
0.757
0.665
0.651
0.761
0.743
0.702
0.770
0.720
0.632
0.724
0.716
0.686
0.674
0.771
0.645
0.708
0.700
0.744
0.691
0.639
0.807
0.833
0.773
0.777
0.703
0.724
0.708
0.622
0.717
0.663
0.784
0.769
0.797
0.712
0.765
0.701
0.754
0.732
0.674
0.777
0.707
0.687
0.758
0.749
0.698
0.715
0.674
0.696
0.688
0.676
0.807
0.732
0.688
0.777
0.835
0.799
0.748
0.699
0.671
0.771
0.693
0.713
0.691
0.784
0.699
0.663
0.713
0.705
0.694
0.760
0.702
0.810
0.668
0.774
0.668
0.697
0.713
0.754
0.733
0.701
0.709
0.808
0.664
0.739
0.741
0.667
0.708
0.797
0.668
0.768
0.735
0.744
0.803
0.710
0.677
0.691
0.702
0.813
0.714
0.722
0.718
0.657
0.628
0.718
0.706
0.677
0.738
0.708
0.767
0.672
0.667
0.687
0.683
0.652
0.811
0.762
0.751
0.796
0.798
0.670
0.680
0.706
0.693
0.652
0.668
0.782
0.703
0.721
0.800
0.761
0.738
0.684
0.691
0.804
0.756
0.722
0.711
0.780
0.659
0.716
0.696
0.714
0.678
0.772
0.715
0.674
0.686
0.706
0.749
0.656
0.678
0.755
0.765
0.792
0.698
0.701
0.707
0.721
0.691
0.687
0.712
0.697
0.685
0.691
0.690
0.671
0.740
0.644
0.698
0.659
0.699
0.635
0.721
0.731
0.677
0.696
0.712
0.705
0.686
0.717
0.686
0.710
0.710
0.703
0.698
0.766
0.711
0.681
0.704
0.706
0.771
0.733
0.687
0.714
0.721
0.678
0.686
0.796
0.734
0.690
0.672
0.726
0.762
0.819
0.669
0.776
0.692
0.706
0.674
0.643
0.707
0.699
0.729
0.677
0.721
0.706
0.673
0.691
0.668
0.682
0.683
0.707
0.728
0.765
0.695
0.696
0.729
0.670
0.715
0.700
0.714
0.684
0.704
0.772
0.739
0.703
0.729
0.726
0.779
0.767
0.724
0.745
0.697
0.734
0.702
0.702
0.685
0.654
0.712
0.775
0.687
0.765
0.659
0.653
0.714
0.699
0.652
0.644
0.715
0.725
0.692
0.700
0.673
0.674
0.776
0.707
0.667
0.720
0.731
0.730
0.699
0.805
0.781
0.781
0.684
0.698
0.728
0.699
0.671
0.659
0.689
0.724
0.680
0.717
0.742
0.841
0.666
0.734
0.758
0.805
0.685
0.778
0.763
0.692
0.660
0.705
0.669
0.727
0.741
0.811
0.699
0.714
0.687
0.717
0.684
0.726
0.732
0.689
0.666
0.664
0.678
0.667
0.677
0.747
0.709
0.712
0.722
0.748
0.690
0.684
0.698
0.671
0.806
0.669
0.699
0.684
0.689
0.680
0.777
0.709
0.811
0.719
0.776
0.691
0.681
0.763
0.801
0.676
0.677
0.679
0.688
0.697
0.749
0.702
0.744
0.674
0.702
0.708
0.670
0.771
0.690
0.757
0.693
0.691
0.636
0.716
0.654
0.684
0.685
0.712
0.713
0.685
0.672
0.688
0.689
0.739
0.813
0.684
0.672
0.732
0.765
0.691
0.702
0.690
0.677
0.694
0.665
0.787
0.691
0.744
0.682
0.684
0.678
0.715
0.645
0.749
0.769
0.706
0.728
0.749
0.747
0.739
0.696
0.696
0.689
0.693
0.764
0.743
0.772
0.671
0.677
0.690
0.715
0.776
0.764
0.744
0.748
0.668
0.647
0.667
0.673
0.701
0.695
0.701
0.673
0.675
0.705
0.692
0.675
0.670
0.803
0.780
0.681
0.660
0.684
0.665
0.761
0.701
0.711
0.726
0.779
0.705
0.700
0.835
0.707
0.778
0.688
0.724
0.769
0.692
0.650
0.656
0.736
0.705
0.665
0.719
0.698
0.701
0.684
0.785
0.698
0.692
0.679
0.682
0.717
0.666
0.665
0.716
0.646
0.701
0.770
0.684
0.687
0.767
0.644
0.675
0.717
0.781
0.771
0.727
0.710
0.718
0.638
0.684
0.681
0.678
0.686
0.748
0.718
0.695
0.763
0.693
0.668
0.767
0.718
0.666
0.662
0.677
0.681
0.756
0.709
0.656
0.726
0.721
0.710
0.713
0.699
0.754
0.706
0.706
0.693
0.752
0.750
0.719
0.702
0.709
0.658
0.672
0.644
0.811
0.737
0.726
0.668
0.685
0.675
0.666
0.649
0.648
0.667
0.656
0.656
0.662
0.640
0.645
0.655
0.690
0.656
0.666
0.684
0.706
0.674
0.685
0.692
0.704
0.692
0.678
0.674
0.661
0.673
0.790
0.797
0.757
0.680
0.797
0.655
0.690
0.691
0.684
