0.801
0.766
0.718
0.709
0.677
0.671
0.725
0.647
0.651
0.679
0.717
0.667
0.686
0.679
0.705
0.705
0.795
0.672
0.719
0.839
0.748
0.730
0.695
0.754
0.685
0.700
0.677
0.686
0.692
0.700
0.645
0.658
0.698
0.706
0.649
0.755
0.729
0.722
0.671
0.688
0.703
0.687
0.769
0.823
0.697
0.659
0.740
0.661
0.766
0.751
0.671
0.705
0.778
0.676
0.696
0.696
0.717
0.773
0.682
0.690
0.665
0.799
0.695
0.660
0.672
0.671
0.728
0.659
0.758
0.753
0.702
0.651
0.706
0.749
0.701
0.767
0.654
0.710
0.699
0.692
0.749
0.853
0.710
0.691
0.764
0.746
0.701
0.727
0.751
0.689
0.652
0.693
0.701
0.704
0.751
0.648
0.646
0.696
0.726
0.771
0.737
0.717
0.703
0.704
0.713
0.705
0.731
0.699
0.726
0.742
0.669
0.813
0.710
0.760
0.677
0.796
0.687
0.722
0.722
0.641
0.687
0.665
0.720
0.685
0.729
0.676
0.644
0.709
0.701
0.698
0.615
0.692
0.703
0.720
0.654
0.701
0.681
0.674
0.766
0.652
0.695
0.749
0.686
0.637
0.662
0.726
0.688
0.675
0.823
0.680
0.647
0.698
0.721
0.687
0.728
0.778
0.693
0.681
0.681
0.652
0.721
0.713
0.735
0.708
0.700
0.713
0.640
0.681
0.681
0.695
0.781
0.695
0.653
0.741
0.739
0.752
0.709
0.682
0.713
0.681
0.675
0.745
0.662
0.696
0.692
0.620
0.667
0.741
0.654
0.792
0.641
0.716
0.675
0.701
0.736
0.718
0.725
0.738
0.785
0.695
0.649
0.654
0.704
0.687
0.731
0.785
0.716
0.688
0.788
0.729
0.731
0.665
0.746
0.734
0.730
0.738
0.749
0.742
0.763
0.723
0.808
0.819
0.697
0.821
0.680
0.808
0.717
0.699
0.706
0.670
0.697
0.766
0.714
0.651
0.666
0.670
0.666
0.707
0.723
0.697
0.743
0.730
0.704
0.739
0.719
0.705
0.730
0.805
0.658
0.717
0.668
0.692
0.700
0.738
0.693
0.695
0.655
0.815
0.786
0.690
0.681
0.725
0.666
0.688
0.783
0.748
0.778
0.658
0.758
0.671
0.723
0.793
0.659
0.671
0.702
0.695
0.706
0.789
0.688
0.761
0.709
0.739
0.779
0.690
0.728
0.715
0.735
0.842
0.760
0.652
0.686
0.695
0.706
0.650
0.787
0.650
0.739
0.694
0.710
0.746
0.762
0.699
0.698
0.778
0.746
0.705
0.687
0.778
0.722
0.699
0.685
0.710
0.734
0.757
0.729
0.679
0.666
0.661
0.696
0.702
0.687
0.666
0.731
0.753
0.693
0.680
0.641
0.658
0.632
0.704
0.728
0.738
0.706
0.691
0.698
0.808
0.656
0.762
0.789
0.788
0.707
0.665
0.746
0.702
0.661
0.766
0.637
0.816
0.766
0.691
0.734
0.683
0.719
0.748
0.686
0.821
0.707
0.798
0.654
0.697
0.713
0.655
0.649
0.641
0.782
0.804
0.672
0.729
0.662
0.750
0.657
0.735
0.654
0.793
0.667
0.738
0.704
0.742
0.698
0.767
0.694
0.729
0.734
0.700
0.646
