0.680
0.675
0.809
0.808
0.667
0.826
0.698
0.696
0.673
0.678
0.675
0.714
0.711
0.829
0.832
0.828
0.833
0.829
0.681
0.803
0.746
0.719
0.696
0.702
0.723
0.690
0.736
0.681
0.678
0.697
0.724
0.678
0.745
0.698
0.720
0.717
0.675
0.657
0.689
0.817
0.712
0.719
0.662
0.688
0.678
0.795
0.802
0.802
0.733
0.678
0.687
0.730
0.659
0.672
0.634
0.718
0.647
0.705
0.710
0.658
0.829
0.764
0.824
0.803
0.715
0.830
0.732
0.696
0.700
0.682
0.701
0.811
0.685
0.813
0.822
0.819
0.813
0.819
0.823
0.813
0.816
0.668
0.827
0.804
0.720
0.821
0.815
0.706
0.828
0.747
0.632
0.649
0.802
0.824
0.832
0.827
0.701
0.668
0.695
0.688
0.679
0.676
0.673
0.678
0.712
0.665
0.677
0.675
0.692
0.675
0.677
0.671
0.675
0.672
0.758
0.682
0.674
0.677
0.675
0.700
0.679
0.675
0.828
0.828
0.833
0.831
0.819
0.820
0.813
0.821
0.829
0.811
0.812
0.819
0.819
0.684
0.822
0.810
0.809
0.805
0.808
0.822
0.727
0.703
0.830
0.713
0.720
0.724
0.636
0.652
0.716
0.651
0.699
0.676
0.702
0.669
0.674
0.627
0.635
0.671
0.692
0.701
0.674
0.732
0.717
0.693
0.760
0.714
0.663
0.674
0.645
0.743
0.695
0.705
0.716
0.801
0.657
0.674
0.638
0.715
0.655
0.668
0.675
0.669
0.721
0.713
0.659
0.737
0.715
0.738
0.721
0.827
0.760
0.709
0.723
0.662
0.684
0.766
0.701
0.658
0.665
0.766
0.702
0.711
0.661
0.690
0.682
0.733
0.636
0.637
0.637
0.709
0.655
0.785
0.712
0.762
0.724
0.753
0.750
0.750
0.760
0.648
0.627
0.672
0.623
0.750
0.750
0.697
0.624
0.681
0.760
0.709
0.701
0.629
0.626
0.694
0.665
0.739
0.634
0.640
0.629
0.791
0.743
0.680
0.716
0.702
0.634
0.636
0.626
0.683
0.750
0.626
0.673
0.674
0.708
0.733
0.639
0.619
0.663
0.737
0.689
0.629
0.637
0.636
0.632
0.640
0.674
0.713
0.692
0.653
0.657
0.726
0.747
0.704
0.760
0.783
0.748
0.703
0.766
0.739
0.759
0.611
0.631
0.649
0.722
0.737
0.722
0.736
0.756
0.642
0.768
0.716
0.735
0.670
0.667
0.670
0.764
0.711
0.697
0.629
0.633
0.690
0.713
0.711
0.705
0.795
0.655
0.785
0.714
0.707
0.711
0.626
0.773
0.709
0.772
0.754
0.645
0.738
0.652
0.732
0.803
0.804
0.746
0.689
0.664
0.686
0.745
0.730
0.690
0.694
0.707
0.819
0.772
0.679
0.648
0.688
0.733
0.723
0.682
0.671
0.651
0.691
0.687
0.661
0.720
0.728
0.702
0.676
0.672
0.706
0.725
0.713
0.723
0.753
0.673
0.707
0.701
0.689
0.712
0.759
0.757
0.707
0.713
0.719
0.694
0.806
0.677
0.649
0.678
0.761
0.679
0.762
0.695
0.719
0.704
0.697
0.694
0.737
0.700
0.688
0.651
0.676
0.711
0.659
0.622
0.825
0.721
0.656
0.713
0.750
0.749
0.642
0.697
0.714
0.696
0.693
0.770
0.715
0.691
0.678
0.694
0.717
0.677
0.753
0.708
0.752
0.718
0.709
0.763
0.618
0.721
0.740
0.737
0.641
0.656
0.723
0.755
0.767
0.769
0.746
0.685
0.700
0.757
0.694
0.747
0.677
0.645
0.699
0.783
0.702
0.724
0.650
0.805
0.753
0.772
0.658
0.813
0.825
0.693
0.656
0.736
0.812
0.664
0.661
0.728
0.711
0.672
0.743
0.676
0.735
0.743
0.656
0.715
0.724
0.732
0.675
0.693
0.804
0.682
0.766
0.824
0.749
0.788
0.693
0.685
0.688
0.754
0.773
0.810
0.672
0.671
0.667
0.669
0.749
0.862
0.678
0.741
0.804
0.678
0.697
0.713
0.730
0.724
0.688
0.677
0.706
0.695
0.706
0.718
0.730
0.800
0.735
0.742
0.736
0.755
0.622
0.703
0.719
0.753
0.691
0.622
0.685
0.697
0.744
0.722
0.665
0.666
0.765
0.761
0.707
0.717
0.644
0.640
0.791
0.792
0.740
0.629
0.711
0.721
0.724
0.733
0.721
0.705
0.678
0.675
0.673
0.681
0.676
0.665
0.805
0.715
0.751
0.723
0.681
0.710
0.727
0.694
0.685
0.708
0.801
0.809
0.683
0.755
0.729
0.785
0.704
0.800
0.675
0.710
0.790
0.695
0.674
0.711
0.719
0.725
0.725
0.739
0.715
0.812
0.724
0.727
0.703
0.670
0.738
0.814
0.689
0.747
0.713
0.677
0.619
0.626
0.635
0.625
0.706
0.666
0.702
0.795
0.670
0.699
0.719
0.696
0.728
0.830
0.742
0.744
0.747
0.729
0.738
0.673
0.722
0.668
0.830
0.794
0.727
0.688
0.714
0.713
0.810
0.670
0.766
0.756
0.674
0.771
0.685
0.708
0.714
0.655
0.692
0.673
0.775
0.782
0.734
0.755
0.702
0.707
0.703
0.661
0.680
0.741
0.679
0.752
0.743
0.708
0.718
0.703
0.674
0.799
0.676
0.668
0.700
0.715
0.718
0.745
0.684
0.661
0.724
0.699
0.745
0.708
0.701
0.784
0.712
0.728
0.674
0.710
0.706
0.735
0.738
0.714
0.677
0.775
0.701
0.706
0.654
0.755
0.653
0.692
0.716
0.700
0.780
0.669
0.655
0.726
0.776
0.697
0.817
0.773
0.657
0.698
0.711
0.666
0.809
0.709
0.675
0.705
0.720
0.746
0.698
0.665
0.737
0.696
0.757
0.714
0.691
0.659
0.704
0.686
0.734
0.645
0.632
0.714
0.704
0.677
0.748
0.732
0.743
0.650
0.735
0.697
0.794
0.714
0.673
0.678
0.718
0.696
0.664
0.783
0.734
0.692
0.729
0.666
0.673
0.679
0.719
0.680
0.723
0.763
0.772
0.763
0.734
0.625
0.682
0.671
0.692
0.654
0.792
0.700
0.741
0.684
0.685
0.814
0.692
0.700
0.718
0.668
0.711
0.676
0.721
0.737
0.741
0.720
0.728
0.656
0.698
0.706
0.692
0.743
0.673
0.713
0.706
0.684
0.612
0.752
0.702
0.716
0.717
0.674
0.624
0.619
0.826
0.818
0.719
0.823
0.677
0.742
0.646
0.663
0.705
0.708
0.704
0.723
0.711
0.745
0.776
0.709
0.656
0.808
0.636
0.718
0.712
0.725
0.634
0.680
0.790
0.749
0.749
0.700
0.866
0.635
0.765
0.754
0.769
0.698
0.666
0.742
0.680
0.678
0.640
0.690
0.667
0.721
0.719
0.763
0.680
0.706
0.705
0.744
0.766
0.767
0.682
0.695
0.652
0.700
0.719
0.787
0.724
0.752
0.697
0.701
0.694
0.813
0.767
0.699
0.777
0.678
0.722
0.677
0.729
0.745
0.680
0.714
0.616
0.628
0.812
0.720
0.677
0.765
0.682
0.694
0.654
0.747
0.817
0.634
0.789
0.712
0.660
0.723
0.712
0.810
0.747
0.674
0.789
0.699
0.735
0.709
0.709
0.676
0.769
0.739
0.826
0.807
0.815
0.705
0.664
0.703
0.683
0.678
0.644
0.715
0.633
0.750
0.711
0.727
0.699
0.766
0.673
0.818
0.714
0.807
0.708
0.734
0.656
0.733
0.706
0.745
0.741
0.751
0.719
0.759
0.722
0.749
0.685
0.728
0.799
0.802
0.729
0.715
0.748
0.774
0.644
0.696
0.720
0.734
0.780
0.704
0.738
0.676
0.634
0.838
0.652
0.750
0.708
0.729
0.716
0.628
0.676
0.694
0.703
0.711
0.675
0.801
0.700
0.692
0.680
0.724
0.723
0.696
0.704
0.708
0.797
0.682
0.763
0.688
0.686
0.676
0.675
0.672
0.723
0.716
0.763
0.678
0.821
0.660
0.687
0.763
0.715
0.713
0.765
0.669
0.721
0.726
0.633
0.715
0.714
0.720
0.658
0.784
0.649
0.720
0.680
0.732
0.733
0.698
0.684
0.679
0.717
0.816
0.741
0.825
0.683
0.790
0.677
0.718
0.694
0.694
0.729
0.683
0.692
0.668
0.718
0.691
0.656
0.768
0.769
0.682
0.825
0.690
0.662
0.706
0.674
0.756
0.753
0.749
0.682
0.683
0.698
0.643
0.689
0.698
0.706
0.688
0.717
0.702
0.700
0.696
0.692
0.673
0.844
0.672
0.697
0.718
0.676
0.780
0.702
0.719
0.716
0.651
0.665
0.721
0.722
0.674
0.714
0.664
0.740
0.703
0.737
0.688
0.673
0.756
0.632
0.716
0.746
0.724
0.669
0.797
0.687
0.676
0.701
0.711
0.804
0.682
0.681
0.739
0.706
0.748
0.666
0.771
0.715
0.700
0.676
0.838
0.741
0.715
0.713
0.676
0.706
0.710
0.695
0.688
0.716
0.688
0.743
0.702
0.652
0.706
0.721
0.762
0.788
0.699
0.709
0.638
0.749
0.696
0.673
0.621
0.661
0.739
0.743
0.699
0.696
0.737
0.673
0.745
0.711
0.698
0.784
0.665
0.806
0.802
0.753
0.737
0.706
0.768
0.830
0.732
0.749
0.717
0.801
0.713
0.656
0.697
0.633
0.679
0.756
0.654
0.656
0.723
0.736
0.652
0.676
0.688
0.680
0.779
0.691
0.717
0.697
0.741
0.684
0.674
0.789
0.632
0.675
0.645
0.659
0.672
0.779
0.696
0.697
0.626
0.735
0.700
0.699
0.696
0.656
0.699
0.680
0.687
0.690
0.647
0.632
0.629
0.683
0.697
0.722
0.728
0.719
