0.701
0.709
0.701
0.721
0.687
0.680
0.716
0.671
0.637
0.655
0.722
0.664
0.689
0.669
0.654
0.649
0.686
0.667
0.650
0.654
0.712
0.665
0.677
0.709
0.656
0.657
0.668
0.699
0.655
0.757
0.686
0.686
0.718
0.689
0.676
0.703
0.723
0.629
0.684
0.663
0.693
0.710
0.656
0.694
0.678
0.672
0.690
0.644
0.652
0.731
0.679
0.668
0.685
0.709
0.696
0.708
0.723
0.698
0.646
0.688
0.659
0.646
0.684
0.711
0.672
0.652
0.670
0.695
0.668
0.738
0.679
0.653
0.685
0.640
0.655
0.679
0.670
0.685
0.635
0.623
0.690
0.699
0.698
0.681
0.630
0.700
0.662
0.663
0.662
0.671
0.657
0.724
0.684
0.719
0.687
0.699
0.630
0.657
0.677
0.701
0.739
0.650
0.694
0.627
0.683
0.653
0.642
0.662
0.654
0.717
0.685
0.655
0.654
0.655
0.682
0.678
0.693
0.663
0.679
0.662
0.712
0.669
0.658
0.714
0.720
0.738
0.660
0.735
0.612
0.651
0.737
0.651
0.620
0.675
0.700
0.663
0.648
0.654
0.671
0.649
0.644
0.655
0.634
0.666
0.672
0.660
0.679
0.714
0.706
0.673
0.709
0.698
0.703
0.686
0.646
0.638
0.676
0.641
0.704
0.666
0.643
0.679
0.649
0.746
0.676
0.744
0.656
0.665
0.658
0.662
0.680
0.686
0.705
0.710
0.650
0.651
0.721
0.687
0.666
0.687
0.634
0.697
0.684
0.626
0.676
0.641
0.707
0.681
0.678
0.642
0.681
0.666
0.638
0.671
0.707
0.644
0.698
0.689
0.682
0.631
0.651
0.714
0.684
0.650
0.729
0.678
0.657
0.656
0.663
0.653
0.676
0.681
0.687
0.628
0.697
0.647
0.657
0.705
0.660
