0.701
0.690
0.684
0.767
0.707
0.758
0.737
0.763
0.682
0.704
0.659
0.789
0.759
0.781
0.779
0.736
0.645
0.804
0.686
0.627
0.728
0.734
0.713
0.798
0.704
0.775
0.685
0.680
0.760
0.720
0.705
0.706
0.799
0.799
0.797
0.645
0.727
0.716
0.722
0.745
0.711
0.715
0.700
0.701
0.778
0.788
0.699
0.641
0.803
0.705
0.718
0.732
0.753
0.767
0.740
0.736
0.696
0.667
0.663
0.720
0.691
0.667
0.703
0.693
0.711
0.685
0.649
0.756
0.658
0.675
0.718
0.676
0.687
0.795
0.726
0.729
0.701
0.655
0.796
0.672
0.706
0.794
0.725
0.740
0.660
0.708
0.700
0.763
0.686
0.695
0.752
0.719
0.703
0.650
0.677
0.690
0.764
0.663
0.725
0.746
0.770
0.650
0.693
0.686
0.658
0.804
0.719
0.658
0.685
0.737
0.711
0.715
0.713
0.706
0.765
0.692
0.762
0.717
0.764
0.652
0.747
0.802
0.692
0.717
0.727
0.652
0.810
0.780
0.760
0.706
0.789
0.702
0.828
0.713
0.706
0.737
0.660
0.710
0.735
0.664
0.713
0.679
0.739
0.703
0.690
0.700
0.688
0.717
0.695
0.693
0.665
0.717
0.747
0.766
0.699
0.715
0.660
0.726
0.746
0.685
0.675
0.716
0.686
0.693
0.725
0.742
0.763
0.776
0.685
0.699
0.774
0.751
0.788
0.709
0.795
0.681
0.705
0.701
0.735
0.775
0.705
0.768
0.703
0.685
0.681
0.808
0.756
0.696
0.751
0.687
0.689
0.697
0.721
0.645
0.696
0.758
0.709
0.759
0.775
0.738
0.743
0.681
0.801
0.654
0.650
0.695
0.638
0.716
0.752
0.664
0.777
0.700
0.685
0.665
0.675
0.749
0.739
0.704
0.730
0.669
0.736
0.681
0.797
0.668
0.770
0.655
0.671
0.615
0.717
0.657
0.703
0.697
0.734
0.705
0.712
0.803
0.760
0.817
0.682
0.729
0.675
0.725
0.748
0.737
0.685
0.674
0.744
0.715
0.739
0.712
0.736
0.728
0.691
0.672
0.708
0.694
0.697
0.745
0.695
0.729
0.769
0.813
0.726
0.728
0.762
0.723
0.709
0.717
0.741
0.691
0.717
0.730
0.729
0.690
0.712
0.772
0.694
0.721
0.694
0.689
0.710
0.737
0.756
0.736
0.658
0.726
0.697
0.723
0.718
0.757
0.710
0.788
0.699
0.782
0.709
0.734
0.724
0.700
0.787
0.765
0.681
0.731
0.743
0.701
0.716
0.650
0.673
0.659
0.684
0.772
0.772
0.694
0.733
0.715
0.787
0.780
0.779
0.667
0.628
0.767
0.691
0.728
0.739
0.829
0.789
0.672
0.676
0.767
0.692
0.711
0.694
0.752
0.719
0.739
0.725
0.722
0.694
0.722
0.734
0.737
0.716
0.705
0.710
0.689
0.708
0.711
0.707
0.734
0.699
0.681
0.733
0.742
0.683
0.746
0.662
0.662
0.690
0.648
0.673
0.712
0.781
0.731
0.714
0.700
0.712
0.813
0.698
0.674
0.721
0.727
0.692
0.790
0.679
0.656
0.695
0.724
0.768
0.658
0.687
0.729
0.810
0.769
0.783
0.725
0.687
0.678
0.684
0.649
0.745
0.690
0.766
0.670
0.694
0.687
0.692
0.731
0.721
0.714
0.688
0.739
0.707
0.742
0.745
0.682
0.687
0.706
0.713
0.719
0.657
0.710
0.767
0.716
0.774
0.692
0.702
0.734
0.696
0.771
0.734
0.703
0.678
0.679
0.728
0.727
0.713
0.718
0.760
0.794
0.679
0.725
0.748
0.721
0.763
0.707
0.696
0.679
0.675
0.721
0.802
0.691
0.669
0.765
0.704
0.728
0.710
0.708
0.757
0.716
0.675
0.741
0.733
0.647
0.751
0.698
0.666
0.839
0.653
0.686
0.825
0.698
0.673
0.692
0.679
0.712
0.684
0.726
0.699
0.740
0.667
0.704
0.687
0.688
0.683
0.702
0.737
0.714
0.651
0.730
0.738
0.691
0.663
0.690
0.774
0.763
0.711
0.748
0.631
0.756
0.686
0.686
0.676
0.681
0.694
0.775
0.709
0.799
0.690
0.784
0.720
0.738
0.723
0.706
0.709
0.738
0.722
0.678
0.708
0.705
0.692
0.707
0.716
0.684
0.689
0.780
0.771
0.770
0.760
0.758
0.740
0.673
0.742
0.762
0.729
0.732
0.765
0.767
0.661
0.708
0.741
0.795
0.713
0.678
0.797
0.730
0.714
0.716
0.658
0.749
0.701
0.705
0.787
0.734
0.783
0.727
0.694
0.818
0.716
0.688
0.767
0.760
0.770
0.688
0.796
0.750
0.694
0.688
0.723
0.744
0.693
0.735
0.802
0.734
0.683
0.716
0.741
0.732
0.678
0.713
0.781
0.699
0.691
0.707
0.670
0.706
0.693
0.671
0.753
0.706
0.692
0.758
0.745
0.743
0.815
0.722
0.675
0.784
0.678
0.684
0.776
0.683
0.705
0.733
0.697
0.708
0.658
0.713
0.728
0.716
0.706
0.715
0.701
0.685
0.721
0.668
0.751
0.688
0.691
0.735
0.706
0.706
0.719
0.669
0.775
0.704
0.726
0.715
0.681
0.687
0.787
0.799
0.673
0.684
0.678
0.671
0.712
0.714
0.690
0.732
0.720
0.636
0.704
0.830
0.766
0.745
0.750
0.700
0.824
0.686
0.662
0.810
0.655
0.703
0.788
0.773
0.774
0.741
0.777
0.669
0.762
0.803
0.736
0.774
0.608
0.691
0.721
0.739
0.719
0.714
0.733
0.658
0.701
0.716
0.648
0.663
0.705
0.660
0.717
0.650
0.612
0.646
0.697
0.705
0.677
0.721
0.659
0.672
0.724
0.716
0.650
0.664
0.661
0.796
0.760
0.651
0.674
0.647
0.752
0.721
0.666
0.705
0.662
0.668
0.666
0.663
0.676
0.650
0.719
0.680
0.653
0.646
0.707
0.774
0.717
0.708
0.647
0.705
0.677
0.785
0.701
0.672
0.692
0.718
0.651
0.711
0.716
0.666
0.708
0.687
0.679
0.732
0.782
0.801
0.680
0.714
0.700
0.757
0.751
0.722
0.756
0.742
0.802
0.680
0.706
0.779
0.682
0.734
0.799
0.711
0.792
0.697
0.738
0.800
0.701
0.721
0.737
0.802
0.737
0.734
0.674
0.655
0.658
0.663
0.753
0.720
0.718
0.791
0.686
0.687
0.771
0.765
0.690
0.675
0.659
0.721
0.741
0.741
0.654
0.673
0.728
0.701
0.711
0.731
0.653
0.673
0.791
0.655
0.658
0.708
0.643
0.731
0.781
0.708
0.665
0.724
0.680
0.662
0.715
0.692
0.690
0.674
0.703
0.704
0.742
0.703
0.679
0.681
0.641
0.686
0.711
0.689
0.731
0.620
0.695
0.712
0.676
0.716
0.673
0.676
0.714
0.684
0.712
0.692
0.699
0.765
0.681
0.721
0.715
0.775
0.709
0.689
0.794
0.714
0.669
0.773
0.804
0.745
0.687
0.680
0.808
0.715
0.753
0.721
0.733
0.687
0.697
0.710
0.782
0.697
0.666
0.755
0.713
0.760
0.749
0.657
0.717
0.709
0.727
0.722
0.720
0.706
0.709
0.695
0.735
0.773
0.819
0.674
0.666
0.701
0.664
0.754
0.664
0.760
0.666
0.742
0.722
0.706
0.676
0.702
0.704
0.676
0.766
0.746
0.669
0.714
0.667
0.765
0.660
0.802
0.762
0.690
0.665
0.693
0.655
0.702
0.700
0.773
0.681
0.652
0.799
0.749
0.702
0.625
0.793
0.716
0.707
0.695
0.654
0.743
0.671
0.731
0.738
0.647
0.691
0.681
0.690
0.676
0.693
0.726
0.686
0.754
0.656
0.698
0.750
0.698
0.724
0.695
0.808
0.750
0.796
0.697
0.706
0.758
0.705
0.810
0.724
0.725
0.708
0.706
0.677
0.654
0.710
0.774
0.703
0.668
0.743
0.671
0.648
0.785
0.676
0.751
0.787
0.699
0.670
0.695
0.680
0.699
0.779
0.793
0.715
0.737
0.707
0.774
0.666
0.658
0.722
0.764
0.679
0.729
0.698
0.699
0.730
0.655
0.762
0.749
0.698
0.714
0.670
0.767
0.654
0.700
0.769
0.695
0.661
0.698
0.656
0.718
0.699
0.692
0.769
0.804
0.782
0.698
0.725
0.701
0.744
0.674
0.683
0.685
0.711
0.698
0.694
0.690
0.700
0.728
0.797
0.710
0.706
0.720
0.720
0.718
0.673
0.670
0.668
0.667
0.677
0.686
0.688
0.687
0.665
0.665
0.679
0.663
0.655
0.660
0.755
0.686
0.738
0.797
0.684
0.795
0.750
0.676
0.681
0.673
0.738
0.662
0.728
0.663
0.800
0.775
0.707
0.648
0.688
0.710
0.802
0.678
0.736
0.720
0.768
0.760
0.666
0.678
0.738
0.763
0.713
0.810
0.714
0.683
0.658
0.711
0.677
0.705
0.653
0.696
0.712
0.666
0.647
0.673
0.765
0.675
0.741
0.711
0.721
0.690
0.720
0.699
0.705
0.634
0.668
0.741
0.701
0.692
0.723
0.684
0.666
0.687
0.670
0.654
0.645
0.661
0.675
0.675
0.660
0.768
0.756
0.707
0.784
0.676
0.687
0.699
0.709
0.697
0.715
0.717
0.688
0.658
0.691
0.674
0.709
0.708
0.678
0.653
0.702
0.651
0.822
0.654
0.795
0.701
0.694
0.732
0.691
0.762
0.699
0.785
0.730
0.677
0.775
0.811
0.807
0.729
0.686
0.692
0.766
0.702
0.667
0.768
0.689
0.719
0.752
0.702
0.676
0.720
0.678
0.667
0.653
0.691
0.718
0.689
0.728
0.780
0.716
0.719
0.676
0.727
0.781
0.717
0.794
0.710
0.718
0.796
0.691
0.659
0.700
0.719
0.693
0.803
0.800
0.704
0.670
0.676
0.765
0.732
0.763
0.732
0.715
0.712
0.737
0.720
0.745
0.787
0.799
0.707
0.714
0.635
0.715
0.710
0.698
0.683
0.697
0.709
0.675
0.690
0.682
0.733
0.686
0.750
0.711
0.763
0.706
0.700
0.679
0.692
0.696
0.712
0.705
0.702
0.730
0.709
0.660
0.673
0.729
0.708
0.657
0.656
0.663
0.714
0.631
0.688
0.732
0.715
0.708
0.806
0.711
0.674
0.710
0.649
0.714
0.699
0.686
0.668
0.656
0.710
0.702
0.708
0.761
0.690
0.678
0.664
0.710
0.665
0.697
0.704
0.720
0.754
0.737
0.687
0.754
0.640
0.657
0.734
0.647
0.804
0.688
0.723
0.691
0.664
0.734
0.712
0.711
0.802
0.704
0.675
0.658
0.659
0.742
0.690
0.656
0.671
0.750
0.723
0.722
0.740
0.664
0.656
0.710
0.743
0.793
0.678
0.726
0.762
0.662
0.680
0.728
0.737
0.675
0.694
0.810
0.718
0.719
0.704
0.677
0.695
0.652
0.643
0.651
0.651
0.698
0.816
0.695
0.767
0.757
0.776
0.710
0.699
0.670
0.663
0.669
0.707
0.692
0.738
0.726
0.748
0.755
0.732
0.721
0.686
0.656
0.712
0.691
0.731
0.736
0.709
0.734
0.687
0.714
0.679
0.746
0.740
0.727
0.733
0.739
0.695
0.707
0.677
0.729
0.720
0.808
0.713
0.790
0.647
0.691
0.672
0.669
0.702
0.801
0.772
0.690
0.681
0.680
0.706
0.703
0.702
0.711
0.790
0.688
0.717
0.682
0.667
0.677
0.685
0.616
0.690
0.711
0.677
0.710
0.725
0.700
0.779
0.715
0.702
0.729
0.707
0.700
0.718
0.687
0.660
0.712
0.723
0.665
0.746
0.702
0.663
0.781
0.742
0.768
0.679
0.675
0.703
0.736
0.722
0.706
0.713
0.710
0.783
0.789
0.667
0.722
0.725
0.682
0.683
0.744
0.651
0.647
0.684
0.742
0.711
0.711
0.690
0.694
0.687
0.688
0.777
0.681
0.715
0.778
0.665
0.669
0.741
0.749
0.688
0.709
0.695
0.694
0.692
0.734
0.701
0.669
0.716
0.734
0.725
0.763
0.805
0.738
0.666
0.733
0.698
0.692
0.722
0.740
0.677
0.687
0.720
0.804
0.798
0.730
0.700
0.708
0.700
0.663
0.681
0.653
0.642
0.706
0.684
0.690
0.692
0.684
0.687
0.706
0.679
0.674
0.724
0.715
0.738
0.635
0.741
0.745
0.680
0.730
0.771
0.669
0.668
0.736
0.728
0.743
0.722
0.709
0.662
0.771
0.682
0.773
0.676
0.682
0.703
0.658
0.674
0.724
0.674
0.637
0.655
0.649
0.650
0.700
0.637
0.711
0.714
0.671
0.656
0.733
0.744
0.657
0.717
0.717
0.704
0.671
0.666
0.654
0.716
0.707
0.745
0.814
0.650
0.724
0.676
0.656
0.771
0.695
0.697
0.721
0.806
0.766
0.696
0.674
0.695
0.764
0.660
0.674
0.749
0.768
0.716
0.687
0.695
0.686
0.678
0.806
0.694
0.669
0.697
0.749
0.739
0.730
0.709
0.734
0.810
0.789
0.712
0.699
0.713
0.723
0.692
0.697
0.717
0.757
0.648
0.666
0.668
0.674
0.736
0.806
0.710
0.731
0.716
0.733
0.681
0.691
0.725
0.807
0.709
0.803
0.711
0.670
0.771
0.682
0.752
0.798
0.641
0.673
0.717
0.686
0.744
0.797
0.707
0.749
0.739
0.802
0.784
0.721
0.771
0.649
0.753
0.702
0.749
0.732
0.714
0.751
0.682
0.726
0.709
0.699
0.727
0.673
0.690
0.665
0.717
0.668
0.635
0.663
0.723
0.680
0.646
0.688
0.703
0.701
0.686
0.726
0.722
0.733
0.763
0.835
0.755
0.720
0.717
0.703
0.656
0.693
0.645
0.712
0.717
0.722
0.721
0.766
0.725
0.651
0.752
0.696
0.664
0.702
0.651
0.661
0.678
0.694
0.683
0.684
0.811
0.688
0.716
0.694
0.772
0.670
0.682
0.780
0.731
0.792
0.699
0.805
0.659
0.725
0.766
0.707
0.623
0.774
0.660
0.728
0.703
0.704
0.787
0.651
0.666
0.641
0.661
0.714
0.679
0.689
0.778
0.704
0.761
0.749
0.696
0.754
0.807
0.667
0.787
0.715
0.681
0.698
0.777
0.805
0.695
0.669
0.695
0.731
0.686
0.749
0.703
0.737
0.699
0.704
0.748
0.669
0.804
0.697
0.681
0.713
0.786
0.708
0.672
0.722
0.703
0.732
0.667
0.807
0.806
0.772
0.841
0.659
0.688
0.681
0.800
0.654
0.738
0.675
0.716
0.684
0.675
0.705
0.644
0.696
0.656
0.667
0.714
0.673
0.706
0.727
0.708
0.707
0.685
0.704
0.773
0.709
0.719
0.675
0.668
0.716
0.649
0.683
0.659
0.729
0.667
0.657
0.689
0.682
0.805
0.711
0.718
0.670
0.704
0.758
0.689
0.749
0.693
0.667
0.661
0.755
0.707
0.645
0.690
0.670
0.690
0.696
0.739
0.697
0.704
0.754
0.664
0.657
0.696
0.728
0.671
0.754
0.699
0.707
0.720
0.727
0.729
0.691
0.704
0.663
0.809
0.691
0.672
0.671
0.721
0.737
0.700
0.676
0.804
0.787
0.702
0.736
0.678
0.703
0.689
0.662
0.670
0.674
0.736
0.665
0.710
0.691
0.683
0.738
0.724
0.715
0.745
0.738
0.651
0.695
0.680
0.699
0.707
0.757
0.664
0.657
0.677
0.667
0.731
0.740
0.695
0.650
0.721
0.674
0.713
0.775
0.655
0.809
0.738
0.719
0.657
0.655
0.683
0.695
0.755
0.644
0.698
0.703
0.721
0.725
0.710
0.658
0.738
0.702
0.686
0.707
0.693
0.771
0.665
0.722
0.784
0.675
0.715
0.686
0.786
0.697
0.672
0.719
0.809
0.715
0.694
0.691
0.715
0.696
0.708
0.711
0.683
0.732
0.702
0.716
0.675
0.779
0.721
0.743
0.720
0.703
0.693
0.788
0.664
0.689
0.738
0.677
0.701
0.802
0.764
0.735
0.673
0.757
0.723
0.738
0.669
0.734
0.715
0.711
0.763
0.778
0.815
0.796
0.652
0.638
0.725
0.717
0.742
0.666
0.677
0.723
0.790
0.692
0.754
0.661
0.649
0.734
0.701
0.759
0.668
0.682
0.684
0.688
0.694
0.657
0.703
0.710
0.807
0.714
0.710
0.728
0.712
0.806
0.734
0.754
0.711
0.676
0.653
0.653
0.754
0.775
0.727
0.692
0.662
0.773
0.704
0.751
0.776
0.682
0.730
0.708
0.793
0.785
0.779
0.724
0.670
0.679
0.715
0.726
0.747
0.769
0.676
0.703
0.702
0.763
0.698
0.650
0.742
0.793
0.714
0.758
0.757
0.730
0.714
0.686
0.701
0.673
0.702
0.714
0.811
0.656
0.774
0.721
0.673
0.672
0.728
0.766
0.688
0.686
0.727
0.772
0.736
0.666
0.788
0.690
0.690
0.710
0.706
0.819
0.719
0.731
0.662
0.669
0.754
0.666
0.797
0.674
0.678
0.715
0.669
0.735
0.735
0.697
0.732
0.724
0.718
0.648
0.722
0.703
0.668
0.704
0.768
0.728
0.667
0.768
0.771
0.754
0.688
0.726
0.655
0.724
0.701
0.740
0.697
0.768
0.665
0.634
0.715
0.644
0.728
0.731
0.735
0.699
0.736
0.739
0.674
0.838
0.719
0.716
0.702
0.664
0.755
0.810
0.739
0.707
0.758
0.755
0.705
0.790
0.752
0.714
0.646
0.655
0.712
0.695
0.812
0.677
0.649
0.762
0.684
0.665
0.700
0.701
0.690
0.718
0.685
0.704
0.665
0.804
0.795
0.769
0.663
0.665
0.665
0.706
0.654
0.649
0.634
0.710
0.733
0.684
0.733
0.706
0.683
0.658
0.723
0.777
0.715
0.672
0.669
0.743
0.799
0.732
0.727
0.694
0.712
0.805
0.668
0.713
0.736
0.677
0.718
0.751
0.751
0.749
0.737
0.838
0.655
0.668
0.676
0.658
0.667
0.740
0.776
0.681
0.828
0.651
0.649
0.710
0.732
0.678
0.714
0.686
0.799
0.711
0.647
0.703
0.704
0.692
0.772
0.706
0.749
0.768
0.693
0.720
0.729
0.702
0.671
0.669
0.672
0.807
0.778
0.699
0.744
0.725
0.715
0.709
0.755
0.742
0.650
0.734
0.714
0.717
0.756
0.766
0.653
0.764
0.786
0.724
0.738
0.704
0.730
0.668
0.654
0.670
0.686
0.667
0.656
0.712
0.655
0.690
0.681
0.806
0.747
0.677
0.685
0.727
0.716
0.631
0.692
0.723
0.788
0.790
0.728
0.723
0.683
0.810
0.808
0.641
0.642
0.697
0.687
0.703
0.710
0.702
0.691
0.674
0.675
0.795
0.806
0.738
0.641
0.712
0.720
0.691
0.656
0.705
0.715
0.691
0.689
0.700
0.690
0.763
0.713
0.630
0.666
0.690
0.711
0.768
0.693
0.679
0.715
0.681
0.684
0.745
0.738
0.730
0.721
0.708
0.659
0.766
0.824
0.728
0.713
0.680
0.693
0.720
0.714
0.791
0.710
0.782
0.702
0.727
0.667
0.677
0.739
0.700
0.778
0.667
0.639
0.714
0.678
0.700
0.690
0.744
0.771
0.682
0.670
0.777
0.712
0.780
0.645
0.676
0.676
0.725
0.708
0.773
0.804
0.794
0.747
0.669
0.715
0.681
0.686
0.668
0.708
0.680
0.714
0.745
0.661
0.671
0.731
0.650
0.803
0.804
0.674
0.690
0.665
0.837
0.767
0.802
0.735
0.710
0.667
0.709
0.718
0.706
0.785
0.702
0.697
0.795
0.672
0.746
0.741
0.736
0.635
0.716
0.642
0.664
0.746
0.806
0.695
0.703
0.786
0.637
0.700
0.681
0.748
0.755
0.650
0.710
0.716
0.755
0.701
0.723
0.717
0.721
0.675
0.744
0.716
0.763
0.734
0.734
0.699
0.703
0.767
0.679
0.653
0.692
0.739
0.694
0.679
0.744
0.671
0.737
0.732
0.703
0.724
0.736
0.720
0.718
0.706
0.793
0.661
0.762
0.761
0.652
0.648
0.720
0.700
0.803
0.701
0.718
0.774
0.759
0.734
0.743
0.751
0.692
0.693
0.788
0.675
0.673
0.712
0.660
0.790
0.707
0.710
0.795
0.821
0.736
0.699
0.809
0.720
0.732
0.666
0.753
0.693
0.741
0.688
0.739
0.722
0.737
0.703
0.767
0.692
0.690
0.681
0.723
0.681
0.691
0.753
0.787
0.772
0.710
0.788
0.678
0.675
0.813
0.688
0.826
0.729
0.689
0.721
0.714
0.753
0.732
0.726
0.799
0.717
0.672
0.735
0.742
0.693
0.680
0.701
0.685
0.684
0.665
0.709
0.837
0.676
0.801
0.640
0.661
0.707
0.683
0.654
0.712
0.701
0.686
0.760
0.650
0.735
0.753
0.676
0.797
0.671
0.804
0.705
0.661
0.708
0.697
0.764
0.702
0.647
0.698
0.726
0.722
0.695
0.731
0.669
0.665
0.645
0.704
0.702
0.718
0.668
0.721
0.673
0.819
0.730
0.804
0.726
0.696
0.675
0.685
0.736
0.698
0.676
0.807
0.681
0.741
0.692
0.778
0.686
0.673
0.686
0.794
0.735
0.695
0.692
0.789
0.813
0.713
0.796
0.733
0.772
0.762
0.689
0.728
0.667
0.704
0.768
0.700
0.688
0.679
0.785
0.708
0.702
0.705
0.803
0.733
0.707
0.713
0.738
0.680
0.711
0.744
0.683
0.762
0.761
0.707
0.703
0.731
0.703
0.712
0.739
0.776
0.699
0.714
0.649
0.719
0.654
0.754
0.708
0.686
0.724
0.715
0.645
0.752
0.755
0.728
0.722
0.666
0.706
0.683
0.664
0.721
0.699
0.804
0.684
0.778
0.770
0.775
0.797
0.729
0.732
0.677
0.658
0.675
0.771
0.735
0.657
0.739
0.714
0.737
0.699
0.811
0.766
0.701
0.711
0.738
0.644
0.685
0.720
0.695
0.784
0.711
0.701
0.712
0.742
0.803
0.677
0.765
0.748
0.703
0.710
0.765
0.724
0.656
0.797
0.740
0.692
0.719
0.733
0.688
0.690
0.697
0.740
0.659
0.693
0.703
0.737
0.729
0.747
0.788
0.687
0.744
0.709
0.698
0.750
0.713
0.651
0.692
0.683
0.811
0.718
0.701
0.687
0.778
0.729
0.658
0.702
0.778
0.697
0.711
0.698
0.789
0.667
0.751
0.665
0.747
0.764
0.653
0.641
0.755
0.679
0.678
0.798
0.729
0.722
0.690
0.764
0.736
0.672
0.716
0.696
0.725
0.730
0.677
0.676
0.692
0.729
0.694
0.740
0.657
0.730
0.668
0.771
0.761
0.783
0.801
0.694
0.667
0.710
0.793
0.734
0.676
0.687
0.768
0.762
0.676
0.667
0.763
0.792
0.707
0.730
0.647
0.701
0.715
0.747
0.676
0.673
0.706
0.758
0.792
0.753
0.771
0.697
0.752
0.731
0.741
0.788
0.727
0.681
0.718
0.672
0.745
0.724
0.718
0.704
0.737
0.730
0.737
0.683
0.830
0.775
0.732
0.670
0.749
0.745
0.730
0.712
0.729
0.693
0.700
0.813
0.695
0.718
0.695
0.802
0.689
0.805
0.680
0.693
0.699
0.663
0.727
0.698
0.694
0.687
0.729
0.793
0.694
0.783
0.704
0.746
0.703
0.799
0.702
0.683
0.668
0.670
0.737
0.760
0.747
0.740
0.699
0.725
0.707
0.731
0.662
0.707
0.737
0.650
0.787
0.744
0.719
0.741
0.786
0.694
0.813
0.797
0.674
0.742
0.752
0.720
0.795
0.762
0.726
0.727
0.759
0.746
0.715
0.714
0.754
0.754
0.675
0.679
0.759
0.776
0.718
0.725
0.701
0.802
0.724
0.674
0.739
0.638
0.681
0.685
0.683
0.696
0.718
0.739
0.690
0.704
0.738
0.728
0.719
0.710
0.714
0.776
0.705
0.728
0.700
0.774
0.712
0.688
0.756
0.801
0.683
0.667
0.806
0.735
0.685
0.699
0.698
0.687
0.741
0.685
0.707
0.725
0.763
0.665
0.749
0.709
0.674
0.673
0.718
0.741
0.798
0.811
0.715
0.659
0.744
0.735
0.696
0.690
0.720
0.743
0.699
0.704
0.787
0.719
0.716
0.698
0.650
0.699
0.690
0.770
0.764
0.681
0.758
0.724
0.689
0.707
0.721
0.720
0.682
0.658
0.678
0.685
0.757
0.699
0.703
0.680
0.738
0.729
0.730
0.786
0.794
0.766
0.790
0.684
0.715
0.664
0.804
0.781
0.772
0.645
0.655
0.655
0.693
0.682
0.659
0.704
0.686
0.677
0.723
0.676
0.790
0.725
0.729
0.726
0.713
0.709
0.722
0.692
0.697
0.681
0.699
0.695
0.636
0.727
0.684
0.667
