0.699
0.768
0.695
0.687
0.683
0.686
0.665
0.704
0.689
0.784
0.690
0.703
0.709
0.738
0.723
0.757
0.680
0.731
0.737
0.684
0.745
0.710
0.718
0.695
0.700
0.745
0.678
0.795
0.768
0.631
0.625
0.713
0.729
0.704
0.689
0.741
0.637
0.747
0.720
0.701
0.762
0.768
0.675
0.722
0.740
0.717
0.746
0.811
0.748
0.716
0.739
0.772
0.620
0.729
0.698
0.769
0.729
0.737
0.779
0.680
0.659
0.725
0.677
0.759
0.699
0.619
0.613
0.617
0.635
0.624
0.705
0.813
0.680
0.688
0.681
0.712
0.706
0.706
0.706
0.693
0.628
0.725
0.801
0.752
0.732
0.751
0.659
0.793
0.685
0.720
0.649
0.712
0.716
0.693
0.728
0.672
0.674
0.689
0.673
0.754
0.753
0.690
0.664
0.711
0.663
0.690
0.729
0.615
0.793
0.730
0.658
0.674
0.637
0.641
0.668
0.644
0.670
0.700
0.707
0.754
0.639
0.717
0.723
0.627
0.625
0.662
0.667
0.681
0.635
0.644
0.710
0.706
0.624
0.630
0.747
0.699
0.694
0.612
0.732
0.718
0.649
0.730
0.692
0.650
0.765
0.667
0.698
0.715
0.701
0.696
0.704
0.654
0.783
0.661
0.699
0.705
0.741
0.643
0.694
0.661
0.640
0.694
0.762
0.721
0.690
0.715
0.831
0.625
0.790
0.631
0.660
0.680
0.661
0.677
0.702
0.639
0.733
0.687
0.713
0.648
0.689
0.655
0.773
0.700
0.677
0.702
0.665
0.705
0.739
0.833
0.709
0.623
0.726
0.689
0.686
0.709
0.714
0.719
0.694
0.677
0.640
0.749
0.702
0.726
0.702
0.771
0.706
0.673
0.719
0.831
0.657
0.709
0.727
0.667
0.639
0.620
0.696
0.677
0.705
0.812
0.761
0.770
0.700
0.694
0.758
0.654
0.718
0.722
0.725
0.698
0.743
0.761
0.725
0.704
0.654
0.864
0.633
0.736
0.661
0.705
0.725
0.680
0.747
0.691
0.810
0.656
0.725
0.691
0.627
0.635
0.643
0.682
0.700
0.795
0.733
0.780
0.680
0.682
0.678
0.627
0.622
0.621
0.691
0.667
0.754
0.642
0.706
0.731
0.640
0.646
0.709
0.732
0.687
0.689
0.813
0.680
0.777
0.679
0.671
0.823
0.725
0.646
0.716
0.792
0.786
0.702
0.650
0.691
0.695
0.734
0.773
0.777
0.784
0.673
0.734
0.638
0.711
0.672
0.820
0.672
0.732
0.687
0.645
0.677
0.716
0.797
0.775
0.726
0.659
0.706
0.710
0.658
0.717
0.726
0.641
0.690
0.684
0.661
0.676
0.742
0.855
0.690
0.721
0.688
0.707
0.681
0.645
0.776
0.673
0.705
0.680
0.670
0.743
0.745
0.685
0.771
0.676
0.776
0.673
0.711
0.701
0.654
0.835
0.638
0.757
0.673
0.731
0.682
0.797
0.753
0.652
0.622
0.640
0.662
0.684
0.630
0.699
0.735
0.671
0.731
0.634
0.798
0.725
0.712
0.688
0.682
0.714
0.720
0.694
0.793
0.675
0.666
0.680
0.813
0.755
0.763
0.673
0.762
0.767
0.693
0.766
0.788
0.679
0.689
0.686
0.786
0.756
0.856
0.704
0.791
0.801
0.685
0.649
0.745
0.733
0.730
0.648
0.686
0.655
0.688
0.684
0.716
0.794
0.689
0.694
0.851
0.865
0.694
0.767
0.693
0.728
0.663
0.668
0.801
0.709
0.751
0.692
0.706
0.656
0.636
0.637
0.638
0.652
0.725
0.736
0.799
0.656
0.686
0.705
0.683
0.710
0.685
0.823
0.651
0.738
0.712
0.675
0.689
0.766
0.801
0.817
0.716
0.715
0.753
0.663
0.794
0.725
0.735
0.636
0.777
0.678
0.794
0.660
0.703
0.692
0.674
0.713
0.712
0.713
0.722
0.674
0.707
0.683
0.687
0.735
0.630
0.646
0.718
0.690
0.812
0.716
0.797
0.792
0.710
0.715
0.713
0.668
0.813
0.714
0.714
0.717
0.712
0.803
0.801
0.647
0.699
0.720
0.693
0.660
0.684
0.673
0.703
0.721
0.682
0.672
0.706
0.693
0.698
0.661
0.675
0.847
0.622
0.626
0.719
0.724
0.681
0.774
0.718
0.763
0.643
0.734
0.692
0.685
0.720
0.781
0.667
0.755
0.635
0.718
0.705
0.728
0.720
0.729
0.654
0.755
0.703
0.710
0.725
0.703
0.655
0.646
0.772
0.731
0.726
0.713
0.679
0.789
0.726
0.751
0.705
0.688
0.626
0.623
0.761
0.654
0.767
0.695
0.697
0.681
0.664
0.736
0.650
0.658
0.698
0.652
0.742
0.739
0.713
0.725
0.816
0.805
0.675
0.654
0.759
0.687
0.629
0.753
0.738
0.706
0.687
0.760
0.682
0.799
0.735
0.718
0.739
0.698
0.656
0.625
0.613
0.639
0.625
0.624
0.622
0.726
0.639
0.686
0.676
0.804
0.728
0.712
0.626
0.625
0.710
0.701
0.707
0.680
0.683
0.624
0.632
0.630
0.644
0.621
0.621
0.656
0.738
0.678
0.710
0.747
0.706
0.744
0.806
0.628
0.649
0.690
0.665
0.701
0.709
0.628
0.635
0.694
0.703
0.696
0.712
0.683
0.691
0.665
0.815
0.661
0.790
0.729
0.737
0.681
0.742
0.625
0.627
0.636
0.642
0.790
0.759
0.839
0.662
0.758
0.688
0.687
0.707
0.681
0.759
0.692
0.700
0.786
0.678
0.814
0.648
0.656
0.766
0.703
0.741
0.647
0.778
0.770
0.696
0.727
0.708
0.734
0.775
0.822
0.738
0.677
0.672
0.702
0.699
0.719
0.677
0.664
0.725
0.670
0.722
0.781
0.696
0.721
0.726
0.615
0.625
0.631
0.634
0.624
0.704
0.688
0.765
0.723
0.641
0.753
0.752
0.664
0.666
0.700
0.670
0.735
0.664
0.667
0.640
0.821
0.708
0.680
0.723
0.652
0.758
0.793
0.648
0.665
0.669
0.700
0.741
0.744
0.715
0.618
0.621
0.720
0.677
0.743
0.721
0.745
0.753
0.729
0.722
0.690
0.665
0.751
0.770
0.727
0.622
0.707
0.795
0.725
0.714
0.666
0.656
0.674
0.753
0.680
0.732
0.614
0.723
0.776
0.753
0.693
0.642
0.693
0.688
0.625
0.756
0.761
0.785
0.801
0.645
0.678
0.649
0.692
0.637
0.752
0.728
0.702
0.746
0.735
0.670
0.759
0.680
0.679
0.755
0.648
0.820
0.717
0.692
0.693
0.795
0.681
0.655
0.840
0.722
0.671
0.712
0.632
0.706
0.726
0.710
0.654
0.698
0.675
0.748
0.681
0.657
