0.749
0.714
0.653
0.662
0.678
0.671
0.698
0.648
0.672
0.672
0.674
0.676
0.679
0.692
0.663
0.700
0.672
0.676
0.686
0.674
0.651
0.679
0.657
0.681
0.678
0.659
0.647
0.682
0.698
0.663
0.627
0.746
0.653
0.667
0.638
0.630
0.652
0.683
0.650
0.668
0.696
0.640
0.656
0.681
0.705
0.644
0.644
0.645
0.705
0.652
0.683
0.677
0.693
0.688
0.680
0.680
0.659
0.658
0.642
0.699
0.726
0.672
0.660
0.639
0.701
0.683
0.661
0.709
0.719
0.679
0.701
0.674
0.660
0.691
0.674
0.657
0.662
0.676
0.695
0.697
0.697
0.686
0.671
0.690
0.656
0.663
0.679
0.690
0.688
0.689
0.745
0.686
0.632
0.705
0.691
0.643
0.699
0.683
0.706
0.713
0.750
0.669
0.663
0.670
0.675
0.690
0.670
0.672
0.680
0.703
0.721
0.712
0.675
0.715
0.707
0.694
0.724
0.674
0.704
0.728
0.689
0.687
0.653
0.766
0.688
0.707
0.640
0.706
0.671
0.666
0.711
0.710
0.680
0.630
0.684
0.657
0.710
0.709
0.680
0.700
0.714
0.704
0.660
0.663
0.717
0.704
0.651
0.688
0.695
0.657
0.685
0.697
0.782
0.653
0.659
0.622
0.653
0.715
0.702
0.686
0.758
0.698
0.701
0.712
0.682
0.672
0.659
0.638
0.714
0.665
0.683
0.701
0.711
0.626
0.675
0.681
0.715
0.657
0.655
0.657
0.663
0.648
0.725
0.641
0.705
0.681
0.652
0.665
0.632
0.670
0.629
0.665
0.718
0.674
0.648
0.670
0.688
0.723
0.686
0.672
0.676
0.664
0.701
0.656
0.698
0.686
0.654
0.679
0.700
0.679
0.702
0.663
0.700
0.631
0.697
0.678
0.728
0.655
0.715
0.675
0.663
0.690
0.710
0.683
0.683
0.658
0.698
0.704
0.679
0.661
0.674
0.642
0.686
0.684
0.683
0.670
0.668
0.733
0.642
0.657
0.657
0.715
0.675
0.684
0.642
0.651
0.759
0.720
0.699
0.664
0.686
0.678
0.685
0.692
0.728
0.709
0.665
0.644
0.734
0.672
0.670
0.658
0.691
0.692
0.683
0.644
0.697
0.703
0.728
0.728
0.698
0.748
0.729
0.681
0.651
0.679
0.684
0.639
0.688
0.664
0.682
0.672
0.717
0.693
0.688
0.688
0.658
0.684
0.654
0.680
0.673
0.654
0.739
0.691
0.679
0.674
0.645
0.653
0.673
0.652
0.686
0.680
0.697
0.677
0.654
0.668
0.647
0.698
0.674
0.661
0.676
0.715
0.651
0.697
0.691
0.644
0.657
0.672
0.678
0.686
0.673
0.652
0.722
0.728
0.655
0.695
0.668
0.682
0.658
0.738
0.677
0.711
0.660
0.731
0.699
0.674
0.769
0.692
0.678
0.677
0.657
0.664
0.681
0.648
0.664
0.703
0.705
0.691
0.741
0.664
0.667
0.724
0.700
0.679
0.647
0.652
0.667
0.675
0.666
0.702
0.694
0.699
0.674
0.683
0.685
0.715
0.726
0.645
0.697
0.671
0.644
0.667
0.697
0.728
0.711
0.649
0.675
0.653
0.696
0.679
0.656
0.662
0.674
0.651
0.678
0.677
0.670
0.684
0.667
0.710
0.706
0.692
0.688
0.676
0.634
0.632
0.728
0.690
0.727
0.653
0.722
0.718
0.721
0.715
0.697
0.672
0.667
0.666
0.693
0.677
0.727
0.716
0.677
0.755
0.640
0.733
0.665
0.676
0.665
0.693
0.633
0.698
0.703
0.622
0.681
0.654
0.680
0.694
0.698
0.646
0.675
0.658
0.638
0.722
0.697
0.677
0.669
0.732
0.701
0.737
0.720
0.734
0.654
0.722
0.669
0.637
0.673
0.698
0.723
0.678
0.710
0.686
0.702
0.669
0.719
0.671
0.687
0.710
0.698
0.731
0.765
0.681
0.663
0.675
0.670
0.695
0.687
0.726
0.746
0.660
0.699
0.687
0.686
0.703
0.682
0.693
0.650
0.725
0.692
0.772
0.746
0.689
0.640
0.685
0.711
0.688
0.697
0.691
0.656
0.681
0.708
0.667
0.756
0.651
0.712
0.673
0.656
0.673
0.650
