0.709
0.819
0.730
0.695
0.714
0.678
0.675
0.728
0.747
0.656
0.723
0.686
0.717
0.686
0.683
0.691
0.769
0.731
0.722
0.732
0.706
0.776
0.722
0.656
0.658
0.691
0.698
0.714
0.719
0.737
0.702
0.666
0.661
0.656
0.722
0.724
0.631
0.639
0.668
0.778
0.766
0.803
0.796
0.705
0.701
0.821
0.678
0.671
0.682
0.717
0.700
0.702
0.748
0.669
0.671
0.816
0.683
0.722
0.675
0.735
0.676
0.655
0.714
0.686
0.742
0.692
0.777
0.726
0.724
0.743
0.685
0.719
0.698
0.643
0.665
0.691
0.800
0.721
0.697
0.715
0.681
0.654
0.764
0.717
0.737
0.773
0.655
0.628
0.770
0.745
0.684
0.642
0.724
0.717
0.674
0.727
0.671
0.669
0.771
0.666
0.645
0.740
0.712
0.705
0.695
0.728
0.761
0.755
0.732
0.678
0.822
0.668
0.672
0.752
0.704
0.662
0.795
0.766
0.764
0.719
0.641
0.668
0.747
0.765
0.788
0.815
0.705
0.755
0.801
0.764
0.741
0.803
0.719
0.765
0.699
0.686
0.649
0.814
0.657
0.684
0.693
0.818
0.717
0.710
0.724
0.696
0.808
0.675
0.739
0.720
0.768
0.647
0.690
0.712
0.704
0.752
0.693
0.671
0.756
0.707
0.768
0.659
0.681
0.730
0.676
0.715
0.676
0.727
0.676
0.700
0.679
0.715
0.670
0.690
0.670
0.701
0.703
0.706
0.701
0.682
0.668
0.679
0.690
0.748
0.667
0.656
0.690
0.660
0.729
0.723
0.718
0.659
0.712
0.711
0.663
0.686
0.724
0.746
0.716
0.719
0.635
0.784
0.705
0.766
0.761
0.694
0.631
0.701
0.649
0.744
0.668
0.686
0.646
0.683
0.712
0.671
0.691
0.621
0.680
0.781
0.692
0.646
0.659
0.692
0.740
0.695
0.752
0.751
0.787
0.729
0.723
0.705
0.764
0.776
0.718
0.720
0.784
0.678
0.698
0.668
0.687
0.802
0.659
0.659
0.701
0.668
0.667
0.677
0.679
0.638
0.692
0.648
0.701
0.659
0.714
0.673
0.677
0.713
0.685
0.795
0.709
0.706
0.702
0.648
0.668
0.682
0.688
0.675
0.683
0.802
0.809
0.713
0.747
0.690
0.674
0.659
0.678
0.748
0.691
0.663
0.769
0.698
0.613
0.682
0.663
0.661
0.716
0.617
0.669
0.710
0.689
0.669
0.696
0.679
0.760
0.783
0.744
0.693
0.721
0.729
0.725
0.678
0.727
0.673
0.649
0.667
0.707
0.677
0.679
0.673
0.732
0.696
0.719
0.809
0.623
0.695
0.689
0.616
0.695
0.702
0.695
0.723
0.692
0.673
0.746
0.702
0.817
0.728
0.715
0.697
0.718
0.713
0.703
0.721
0.626
0.776
0.734
0.648
0.682
0.736
0.721
0.668
0.733
0.702
0.647
0.761
0.708
0.717
0.708
0.718
0.710
0.765
0.708
0.644
0.704
0.655
0.696
0.653
0.711
0.724
0.708
0.752
0.704
0.752
0.685
0.752
0.750
0.684
0.770
0.742
0.686
0.699
0.728
0.736
0.684
0.743
0.711
0.665
0.805
0.698
0.722
0.675
0.663
0.738
0.732
0.653
0.797
0.694
0.742
0.770
0.706
0.676
0.666
0.724
0.720
0.691
0.697
0.823
0.703
0.719
0.736
0.639
0.710
0.707
0.691
0.716
0.698
0.696
0.828
0.693
0.691
0.788
0.821
0.683
0.703
0.758
0.726
0.686
0.695
0.685
0.687
0.679
0.692
0.686
0.682
0.681
0.699
0.700
0.673
0.723
0.684
0.679
0.766
0.713
0.692
0.681
0.691
0.689
0.691
0.683
0.763
0.693
0.682
0.692
0.638
0.736
0.728
0.704
0.688
0.687
0.788
0.775
0.628
0.698
0.736
0.704
0.694
0.693
0.655
0.679
0.692
0.773
0.666
0.647
0.680
0.674
0.658
0.634
0.683
0.730
0.708
0.722
0.698
0.662
0.689
0.711
0.770
0.707
0.678
0.676
0.678
0.660
0.781
0.671
0.670
0.697
0.696
0.695
0.695
0.704
0.662
0.793
0.710
0.649
0.739
0.696
0.681
0.724
0.646
0.802
0.697
0.784
0.691
0.721
0.711
0.720
0.727
0.668
0.665
0.704
0.683
0.707
0.682
0.710
0.654
0.775
0.681
0.703
0.682
0.809
0.713
0.690
0.683
0.686
0.685
