0.728
0.733
0.661
0.717
0.726
0.692
0.677
0.729
0.796
0.705
0.668
0.824
0.708
0.662
0.706
0.744
0.686
0.806
0.695
0.725
0.722
0.675
0.679
0.818
0.742
0.708
0.732
0.749
0.678
0.776
0.820
0.684
0.668
0.681
0.710
0.733
0.694
0.728
0.777
0.695
0.679
0.696
0.680
0.789
0.706
0.682
0.803
0.676
0.666
0.722
0.812
0.720
0.798
0.730
0.661
0.695
0.816
0.723
0.828
0.743
0.679
0.806
0.827
0.693
0.702
0.706
0.780
0.806
0.759
0.631
0.667
0.703
0.792
0.709
0.705
0.733
0.734
0.738
0.703
0.693
0.716
0.794
0.700
0.642
0.677
0.744
0.771
0.802
0.800
0.733
0.671
0.713
0.814
0.716
0.728
0.707
0.709
0.692
0.734
0.801
0.705
0.652
0.733
0.828
0.834
0.694
0.780
0.624
0.781
0.687
0.827
0.655
0.643
0.687
0.699
0.666
0.671
0.653
0.759
0.648
0.655
0.679
0.799
0.759
0.754
0.713
0.703
0.715
0.758
0.768
0.773
0.724
0.817
0.741
0.693
0.691
0.690
0.683
0.688
0.655
0.739
0.751
0.712
0.726
0.804
0.727
0.727
0.720
0.691
0.658
0.695
0.726
0.754
0.733
0.633
0.770
0.649
0.813
0.693
0.740
0.733
0.806
0.702
0.677
0.729
0.697
0.689
0.719
0.668
0.768
0.721
0.695
0.746
0.686
0.783
0.717
0.696
0.744
0.780
0.670
0.630
0.747
0.796
0.810
0.762
0.673
0.727
0.823
0.680
0.809
0.804
0.810
0.707
0.776
0.723
0.672
0.720
0.802
0.733
0.643
0.709
0.707
0.687
0.677
0.695
0.645
0.757
0.730
0.672
0.652
0.652
0.683
0.734
0.648
0.776
0.664
0.726
0.752
0.697
0.781
0.685
0.700
0.652
0.733
0.722
0.794
0.738
0.676
0.672
0.700
0.674
0.651
0.805
0.661
0.681
0.716
0.645
0.698
0.780
0.723
0.695
0.750
0.711
0.684
0.708
0.631
0.756
0.760
0.691
0.683
0.813
0.622
0.673
0.807
0.755
0.698
0.696
0.678
0.724
0.689
0.733
0.753
0.726
0.780
0.628
0.667
0.692
0.714
0.684
0.722
0.646
0.711
0.681
0.659
0.747
0.714
0.682
0.755
0.694
0.706
0.702
0.802
0.643
0.671
0.707
0.644
0.710
0.698
0.708
0.775
0.761
0.736
0.714
0.725
0.725
0.746
0.693
0.675
0.655
0.773
0.722
0.767
0.724
0.704
0.765
0.762
0.644
0.789
0.686
0.702
0.806
0.818
0.648
0.816
0.705
0.769
0.761
0.706
0.725
0.672
0.696
0.716
0.710
0.738
0.817
0.711
0.720
0.699
0.664
0.709
0.679
0.820
0.795
0.718
0.700
0.686
0.723
0.689
0.653
0.675
0.718
0.679
0.808
0.722
0.692
0.726
0.678
0.752
0.723
0.689
0.720
0.731
0.625
0.705
0.658
0.709
0.657
0.718
0.699
0.686
0.704
0.709
0.660
0.717
0.775
0.725
0.708
0.764
0.662
0.759
0.689
0.681
0.667
0.683
0.725
0.655
0.687
0.714
0.685
0.719
0.724
0.641
0.707
0.669
0.710
0.684
0.749
0.721
0.757
0.683
0.756
0.711
0.689
0.645
0.682
0.785
0.684
0.779
0.673
0.700
0.755
0.679
0.648
0.665
0.700
0.668
0.776
0.753
0.747
0.720
0.743
0.670
0.675
0.793
0.808
0.722
0.701
0.769
0.690
0.665
0.689
0.693
0.664
0.746
0.697
0.741
0.780
0.739
0.759
0.717
0.717
0.733
0.688
0.730
0.667
0.683
0.742
0.717
0.744
0.815
0.667
0.767
0.683
0.674
0.680
0.698
0.692
0.687
0.732
0.711
0.718
0.818
0.712
0.663
0.716
0.658
0.823
0.665
0.670
0.640
0.805
0.740
0.738
0.720
0.670
0.754
0.726
0.709
0.704
0.815
0.798
0.805
0.660
0.635
0.708
0.733
0.704
0.695
0.671
0.675
0.719
0.648
0.651
0.651
0.651
0.695
0.800
0.812
0.687
0.690
0.691
0.866
0.655
0.694
0.693
0.804
0.767
0.700
0.701
0.745
0.670
0.667
0.747
0.703
0.734
0.744
0.659
0.681
0.696
0.736
0.654
0.771
0.711
0.712
0.717
0.689
0.646
0.712
0.772
0.682
0.719
0.729
0.650
0.735
0.674
0.731
0.643
0.770
0.666
0.701
0.818
0.629
0.731
0.647
0.684
0.663
0.712
0.667
0.681
0.714
0.723
0.745
0.704
0.768
0.688
0.698
0.864
0.675
0.799
0.787
0.634
0.638
0.621
0.740
0.718
0.712
0.678
0.670
0.669
0.735
0.791
0.740
0.753
0.767
0.711
0.690
0.760
0.757
0.711
0.722
0.811
0.694
0.709
0.693
0.706
0.726
0.744
0.752
0.706
0.681
0.709
0.685
0.689
0.777
0.714
0.701
0.760
0.750
0.677
0.776
0.674
0.707
0.818
0.726
0.737
0.709
0.627
0.659
0.676
0.811
0.681
0.795
0.866
0.749
0.717
0.664
0.672
0.725
0.760
0.758
0.675
0.673
0.671
0.724
0.658
0.748
0.812
0.804
0.713
0.721
0.669
0.684
0.703
0.692
0.694
0.754
0.766
0.822
0.792
0.709
0.698
0.677
0.715
0.711
0.655
0.685
0.725
0.818
0.721
0.809
0.684
0.731
0.681
0.670
0.780
0.726
0.649
0.778
0.758
0.692
0.740
0.732
0.709
0.718
0.674
0.708
0.795
0.762
0.686
0.693
0.786
0.656
0.708
0.713
0.708
0.767
0.718
0.744
0.716
0.678
0.815
0.699
0.791
0.766
0.691
0.739
0.673
0.679
0.724
0.643
0.712
0.740
0.767
0.709
0.716
0.731
0.697
0.713
0.711
0.666
0.807
0.721
0.706
0.703
0.617
0.730
0.718
0.745
0.711
0.626
0.698
0.669
0.790
0.616
0.719
0.749
0.782
0.681
0.690
0.730
0.720
0.689
0.707
0.694
0.730
0.673
0.696
0.794
0.667
0.739
0.781
0.699
0.695
0.789
0.764
0.686
0.795
0.734
0.676
0.695
0.765
0.700
0.665
0.789
0.727
0.719
0.707
0.791
0.748
0.721
0.720
0.741
0.633
0.698
0.664
0.754
0.627
0.683
0.721
0.716
0.744
0.752
0.742
0.737
0.704
0.737
0.694
0.682
0.783
0.735
0.801
0.727
0.701
0.725
0.703
0.763
0.727
0.787
0.730
0.718
0.761
0.660
0.739
0.761
0.704
0.692
0.703
0.739
0.667
0.750
0.683
0.717
0.755
0.718
0.687
0.698
0.707
0.748
0.807
0.631
0.699
0.637
0.699
0.677
0.733
0.662
0.812
0.704
0.699
0.688
0.681
0.694
0.699
0.732
0.722
0.646
0.761
0.688
0.702
0.682
0.721
0.668
0.722
0.707
0.715
0.767
0.631
0.762
0.740
0.715
0.817
0.680
0.687
0.779
0.724
0.722
0.813
0.661
0.685
0.701
0.709
0.717
0.640
0.709
0.682
0.786
0.688
0.750
0.814
0.715
0.798
0.765
0.661
0.693
0.647
0.815
0.647
0.651
0.816
0.690
0.665
0.693
0.741
0.664
0.640
0.678
0.730
0.739
0.703
0.730
0.647
0.746
0.706
0.801
0.754
0.796
0.643
0.696
0.699
0.754
0.712
0.739
0.792
0.760
0.698
0.704
0.712
0.741
0.818
0.679
0.714
0.742
0.662
0.656
0.732
0.756
0.698
0.708
0.746
0.731
0.820
0.727
0.743
0.690
0.789
0.658
0.723
0.704
0.667
0.707
0.681
0.728
0.710
0.688
0.784
0.698
0.786
0.677
0.641
0.672
0.690
0.712
0.701
0.676
0.795
0.689
0.762
0.689
0.797
0.684
0.744
0.621
0.701
0.708
0.775
0.736
0.673
0.660
0.754
0.688
0.806
0.745
0.694
0.766
0.736
0.690
0.698
0.729
0.693
0.746
0.701
0.668
0.713
0.763
0.701
0.719
0.668
0.689
0.722
0.757
0.652
0.688
0.710
0.681
0.720
0.728
0.736
0.628
0.673
0.702
0.756
0.763
0.640
0.650
0.640
0.705
0.809
0.722
0.693
0.702
0.671
0.705
0.783
0.669
0.691
0.693
0.715
0.716
0.666
0.816
0.667
0.771
0.760
0.709
0.717
0.662
0.740
0.712
0.805
0.657
0.656
0.626
0.680
0.761
0.714
0.665
0.709
0.701
0.734
0.672
0.694
0.727
0.725
0.706
0.743
0.656
0.730
0.725
0.709
0.698
0.656
0.698
0.745
0.651
0.755
0.714
0.760
0.672
0.711
0.693
0.755
0.736
0.651
0.674
0.675
0.691
0.703
0.730
0.675
0.660
0.691
0.745
0.804
0.743
0.715
0.775
0.650
0.666
0.805
0.659
0.635
0.716
0.739
0.721
0.664
0.720
0.800
0.671
0.710
0.680
0.865
0.625
0.714
0.691
0.709
0.765
0.696
0.685
0.730
0.809
0.691
0.677
0.648
0.702
0.670
0.715
0.694
0.767
0.772
0.711
0.696
0.748
0.713
0.710
0.767
0.702
0.714
0.737
0.673
0.664
0.749
0.647
0.710
0.769
0.791
0.695
0.676
0.634
0.758
0.712
0.748
0.730
0.679
0.721
0.657
0.682
0.715
0.685
0.798
0.656
0.813
0.802
0.804
0.802
0.809
0.816
0.817
0.703
0.744
0.682
0.816
0.756
0.699
0.790
0.757
0.703
0.789
0.735
0.763
0.808
0.666
0.722
0.769
0.733
0.691
0.811
0.738
0.814
0.709
0.713
0.725
0.656
0.723
0.702
0.696
0.725
0.706
0.686
0.711
0.676
0.774
0.768
0.696
0.659
0.697
0.629
0.758
0.731
0.745
0.728
0.766
0.707
0.747
0.675
0.691
0.708
0.808
0.710
0.677
0.703
0.681
0.819
0.636
0.694
0.764
0.756
0.699
0.650
0.703
0.719
0.781
0.693
0.745
0.767
0.830
0.717
0.662
0.654
0.742
0.824
0.811
0.717
0.752
0.680
0.706
0.725
0.701
0.691
0.670
0.734
0.745
0.755
0.651
0.745
0.804
0.705
0.658
0.689
0.686
0.622
0.744
0.780
0.745
0.689
0.662
0.745
0.739
0.801
0.720
0.698
0.777
0.702
0.656
0.677
0.740
0.701
0.647
0.699
0.681
0.744
0.728
0.657
0.725
0.704
0.694
0.696
0.726
0.640
0.773
0.717
0.726
0.658
0.671
0.703
0.694
0.683
0.694
0.664
0.668
0.751
0.623
0.699
0.756
0.656
0.657
0.647
0.722
0.675
0.717
0.707
0.707
0.669
0.744
0.632
0.802
0.663
0.629
0.713
0.712
0.764
0.691
0.680
0.701
0.696
0.702
0.643
0.761
0.712
0.706
0.696
0.677
0.771
0.761
0.664
0.662
0.715
0.694
0.710
0.683
0.699
0.659
0.708
0.666
0.700
0.774
0.656
0.727
0.724
0.678
0.708
0.718
0.636
0.706
0.704
0.676
0.827
0.800
0.782
0.709
0.696
0.696
0.766
0.779
0.798
0.742
0.740
0.677
0.674
0.749
0.746
0.694
0.745
0.753
0.764
0.651
0.756
0.666
0.695
0.693
0.746
0.701
0.699
0.688
0.724
0.753
0.693
0.728
0.736
0.687
0.658
0.715
0.709
0.707
0.672
0.650
0.706
0.672
0.806
0.716
0.623
0.767
0.661
0.675
0.672
0.687
0.716
0.677
0.627
0.741
0.738
0.723
0.737
0.749
0.664
0.661
0.678
0.758
0.731
0.716
0.672
0.724
0.763
0.715
0.678
0.780
0.834
0.755
0.668
0.632
0.658
0.813
0.673
0.704
0.709
0.651
0.770
0.717
0.696
0.781
0.642
0.754
0.669
0.790
0.744
0.789
0.713
0.766
0.729
0.760
0.651
0.734
0.699
0.748
0.712
0.751
0.670
0.689
0.786
0.731
0.788
0.668
0.664
0.703
0.731
0.841
0.783
0.702
0.678
0.695
0.747
0.667
0.708
0.688
0.729
0.795
0.689
0.762
0.723
0.777
0.820
0.684
0.656
0.712
0.734
0.695
0.669
0.699
0.637
0.660
0.679
0.679
0.704
0.717
0.750
0.736
0.705
0.697
0.803
0.829
0.669
0.726
0.685
0.710
0.649
0.615
0.717
0.698
0.711
0.704
0.734
0.707
0.671
0.746
0.727
0.696
0.711
0.701
0.694
0.705
0.720
0.685
0.717
0.632
0.645
0.796
0.802
0.676
0.712
0.683
0.710
0.721
0.716
0.632
0.732
0.649
0.653
0.737
0.712
0.828
0.767
0.762
0.797
0.720
0.685
0.678
0.775
0.701
0.664
0.679
0.746
0.701
0.683
0.769
0.758
0.727
0.711
0.712
0.760
0.711
0.694
0.714
0.660
0.765
0.695
0.792
0.690
0.784
0.709
0.686
0.795
0.721
0.701
0.742
0.821
0.805
0.652
0.693
0.788
0.667
0.813
0.727
0.709
0.722
0.815
0.675
0.752
0.826
0.692
0.738
0.692
0.702
0.736
0.706
0.708
0.696
0.710
0.833
0.724
0.764
0.706
0.756
0.767
0.666
0.711
0.694
0.744
0.648
0.691
0.644
0.677
0.689
0.709
0.657
0.659
0.789
0.812
0.759
0.731
0.720
0.686
0.714
0.662
0.708
0.732
0.701
0.703
0.680
0.656
0.704
0.660
0.644
0.664
0.726
0.749
0.777
0.690
0.662
0.828
0.741
0.728
0.673
0.709
0.781
0.686
0.723
0.630
0.751
0.693
0.753
0.652
0.695
0.738
0.759
0.724
0.734
0.698
0.738
0.815
0.705
0.784
0.713
0.805
0.641
0.772
0.676
0.707
0.719
0.675
0.745
0.673
