0.718
0.749
0.723
0.673
0.757
0.678
0.686
0.708
0.724
0.761
0.646
0.701
0.754
0.742
0.645
0.704
0.720
0.708
0.678
0.691
0.716
0.720
0.695
0.664
0.747
0.718
0.684
0.718
0.719
0.651
0.732
0.730
0.777
0.663
0.675
0.816
0.742
0.757
0.735
0.742
0.738
0.739
0.674
0.655
0.685
0.728
0.820
0.772
0.655
0.730
0.684
0.721
0.720
0.719
0.737
0.679
0.664
0.740
0.742
0.668
0.744
0.643
0.729
0.691
0.663
0.678
0.682
0.718
0.744
0.713
0.738
0.641
0.658
0.686
0.678
0.686
0.728
0.671
0.731
0.702
0.666
0.708
0.751
0.698
0.740
0.730
0.775
0.737
0.740
0.717
0.660
0.846
0.736
0.685
0.794
0.679
0.821
0.697
0.715
0.676
0.685
0.744
0.697
0.758
0.654
0.728
0.680
0.743
0.706
0.666
0.699
0.679
0.694
0.744
0.762
0.717
0.719
0.749
0.693
0.659
0.697
0.650
0.710
0.671
0.657
0.722
0.830
0.678
0.739
0.726
0.693
0.711
0.701
0.773
0.687
0.675
0.711
0.814
0.766
0.692
0.707
0.729
0.743
0.677
0.732
0.708
0.726
0.677
0.702
0.694
0.703
0.677
0.657
0.751
0.814
0.654
0.657
0.736
0.729
0.749
0.719
0.743
0.816
0.719
0.643
0.700
0.725
0.719
0.695
0.650
0.694
0.708
0.702
0.718
0.783
0.708
0.687
0.700
0.700
0.752
0.715
0.708
0.707
0.705
0.705
0.694
0.707
0.710
0.716
0.720
0.742
0.752
0.654
0.749
0.774
0.754
0.733
0.756
0.785
0.729
0.738
0.722
0.702
0.730
0.766
0.665
0.733
0.711
0.697
0.779
0.772
0.683
0.722
0.698
0.675
0.683
0.681
0.648
0.638
0.671
0.729
0.715
0.647
0.700
0.748
0.656
0.696
0.712
0.798
0.673
0.670
0.673
0.681
0.698
0.778
0.696
0.754
0.708
0.681
0.715
0.722
0.664
0.699
0.662
0.667
0.665
0.704
0.741
0.700
0.650
0.771
0.740
0.761
0.700
0.688
0.689
0.682
0.714
0.678
0.775
0.732
0.678
0.785
0.765
0.685
0.807
0.732
0.701
0.755
0.708
0.686
0.744
0.695
0.822
0.747
0.686
0.678
0.720
0.734
0.740
0.747
0.636
0.698
0.702
0.695
0.826
0.714
0.691
0.740
0.836
0.684
0.668
0.746
0.704
0.692
0.698
0.732
0.703
0.714
0.719
0.646
0.652
0.743
0.683
0.663
0.722
0.662
0.693
0.687
0.698
0.679
0.742
0.719
0.637
0.710
0.676
0.711
0.666
0.702
0.688
0.715
0.691
0.728
0.685
0.683
0.690
0.658
0.775
0.774
0.722
0.704
0.801
0.732
0.697
0.718
0.684
0.739
0.730
0.711
0.725
0.700
0.648
0.786
0.656
0.745
0.676
0.720
0.671
0.717
0.767
0.682
0.696
0.671
0.727
0.644
0.730
0.813
0.708
0.805
0.743
0.717
0.710
0.697
0.709
0.816
0.638
0.717
0.699
0.755
0.732
0.752
0.730
0.715
0.667
0.647
0.732
0.705
0.689
0.723
0.649
0.649
0.653
0.647
0.648
0.658
0.642
0.662
0.648
0.807
0.645
0.807
0.756
0.784
0.761
0.713
0.681
0.711
0.713
0.754
0.747
0.694
0.714
0.688
0.752
0.751
0.712
0.740
0.780
0.723
0.718
0.738
0.672
0.736
0.729
0.668
0.786
0.712
0.834
0.778
0.803
0.771
0.737
0.654
0.735
0.794
0.684
0.651
0.824
0.689
0.676
0.678
0.820
0.759
0.654
0.813
0.728
0.714
0.786
0.733
0.688
0.661
0.843
0.702
0.692
0.749
0.700
0.688
0.779
0.672
0.674
0.701
0.707
0.810
0.752
0.716
0.648
0.664
0.710
0.756
0.754
0.679
0.810
0.722
0.780
0.702
0.707
0.690
0.724
0.771
0.704
0.737
0.691
0.791
0.650
0.814
0.767
0.770
0.661
0.719
0.742
0.738
0.732
0.719
0.684
0.669
0.744
0.763
0.683
0.789
0.808
0.702
0.717
0.669
0.673
0.668
0.707
0.712
0.650
0.647
0.644
0.676
0.650
0.714
0.720
0.645
0.681
0.733
0.658
0.795
0.696
0.741
0.726
0.688
0.710
0.686
0.682
0.762
0.801
0.784
0.725
0.705
0.670
0.754
0.750
0.812
0.640
0.651
0.768
0.771
0.767
0.771
0.706
0.736
0.686
0.684
0.678
0.803
0.678
0.724
0.694
0.723
0.706
0.722
0.722
0.733
0.700
0.709
0.672
0.797
0.830
0.683
0.730
0.788
0.672
0.694
0.751
0.776
0.751
0.747
0.746
0.672
0.674
0.718
0.748
0.722
0.801
0.709
0.721
0.791
0.676
0.710
0.806
0.687
0.727
0.759
0.743
0.762
0.682
0.710
0.657
0.749
0.658
0.704
0.664
0.681
0.773
0.724
0.771
0.781
0.798
0.749
0.684
0.663
0.673
0.720
0.664
0.733
0.669
0.677
0.723
0.677
0.747
0.692
0.659
0.704
0.756
0.724
0.718
0.678
0.766
0.701
0.695
0.805
0.803
0.703
0.694
0.701
0.798
0.717
0.705
0.742
0.808
0.660
0.694
0.754
0.788
0.743
0.702
0.681
0.775
0.747
0.722
0.685
0.735
0.731
0.731
0.669
0.730
0.749
0.730
0.726
0.718
0.684
0.678
0.777
0.758
0.748
0.698
0.712
0.677
0.703
0.694
0.762
0.718
0.677
0.700
0.763
0.697
0.766
0.743
0.710
0.818
0.819
0.627
0.657
0.632
0.705
0.727
0.691
0.767
0.778
0.788
0.702
0.701
0.693
0.748
0.811
0.717
0.778
0.708
0.801
0.667
0.702
0.685
0.734
0.703
0.749
0.716
0.709
0.788
0.699
0.738
0.753
0.630
0.723
0.687
0.670
0.662
0.664
0.707
0.723
0.815
0.713
0.731
0.717
0.681
0.708
0.677
0.693
0.662
0.731
0.653
0.653
0.747
0.645
0.681
0.834
0.767
0.726
0.724
0.648
0.794
0.713
0.710
0.733
0.725
0.711
0.708
0.640
0.650
0.797
0.712
0.722
0.661
0.730
0.693
0.706
0.723
0.703
0.784
0.673
0.803
0.735
0.817
0.767
0.787
0.736
0.678
0.701
0.684
0.712
0.658
0.647
0.651
0.709
0.707
0.715
0.746
0.810
0.714
0.671
0.671
0.827
0.706
0.654
0.729
0.701
0.731
0.712
0.757
0.716
0.728
0.709
0.683
0.708
0.714
0.678
0.752
0.678
0.696
0.682
0.683
0.679
0.751
0.783
0.679
0.702
0.713
0.787
0.766
0.749
0.744
0.625
0.661
0.713
0.687
0.638
0.643
0.641
0.724
0.691
0.732
0.712
0.749
0.697
0.692
0.639
0.719
0.813
0.650
0.674
0.683
0.678
0.719
0.748
0.688
0.749
0.700
0.738
0.733
0.678
0.686
0.760
0.642
0.732
0.681
0.699
0.830
0.717
0.665
0.701
0.680
0.658
0.707
0.700
0.781
0.801
0.803
0.683
0.757
0.646
0.651
0.773
0.738
0.673
0.687
0.744
0.836
0.683
0.665
0.747
0.712
0.710
0.729
0.757
0.677
0.675
0.676
0.710
0.718
0.700
0.661
0.777
0.662
0.830
0.689
0.716
0.717
0.698
0.684
0.769
0.651
0.704
0.737
0.726
0.727
0.658
0.731
0.711
0.729
0.793
0.808
0.683
0.755
0.727
0.770
0.681
0.748
0.806
0.671
0.723
0.727
0.675
0.747
0.658
0.694
0.726
0.698
0.797
0.673
0.758
0.746
0.788
0.709
0.725
0.718
0.746
0.722
0.697
0.706
0.679
0.690
0.776
0.660
0.731
0.741
0.682
0.802
0.699
0.789
0.781
0.691
0.693
0.689
0.703
0.719
0.790
0.679
0.764
0.685
0.710
0.725
0.775
0.713
0.719
0.725
0.699
0.691
0.664
0.686
0.800
0.710
0.649
0.658
0.681
0.751
0.720
0.736
0.679
0.787
0.683
0.681
0.716
0.720
0.714
0.701
0.705
0.827
0.704
0.725
0.673
0.670
0.687
0.745
0.714
0.666
0.687
0.711
0.679
0.647
0.808
0.696
0.734
0.696
0.747
0.695
0.703
0.704
0.699
0.818
0.712
0.729
0.674
0.684
0.766
0.765
0.640
0.715
0.734
0.741
0.682
0.735
0.721
0.664
0.727
0.811
0.773
0.670
0.764
0.709
0.677
0.748
0.692
0.711
0.659
0.688
0.678
0.706
0.677
0.690
0.687
0.772
0.708
0.676
0.699
