0.685
0.790
0.675
0.690
0.749
0.719
0.731
0.726
0.706
0.716
0.760
0.717
0.830
0.746
0.715
0.669
0.733
0.690
0.662
0.679
0.677
0.697
0.702
0.714
0.678
0.684
0.700
0.664
0.682
0.705
0.675
0.725
0.642
0.800
0.673
0.743
0.720
0.706
0.675
0.702
0.667
0.735
0.692
0.784
0.702
0.777
0.795
0.708
0.723
0.722
0.686
0.700
0.672
0.680
0.749
0.692
0.686
0.669
0.797
0.718
0.758
0.724
0.773
0.741
0.779
0.677
0.690
0.671
0.702
0.745
0.694
0.763
0.708
0.681
0.690
0.660
0.706
0.767
0.684
0.670
0.732
0.677
0.779
0.713
0.726
0.660
0.710
0.747
0.805
0.713
0.693
0.699
0.675
0.724
0.823
0.759
0.802
0.709
0.705
0.695
0.732
0.679
0.720
0.711
0.709
0.743
0.692
0.701
0.690
0.722
0.727
0.703
0.657
0.654
0.668
0.667
0.708
0.707
0.770
0.714
0.696
0.703
0.735
0.767
0.665
0.657
0.702
0.659
0.741
0.822
0.665
0.654
0.696
0.714
0.798
0.713
0.712
0.769
0.720
0.715
0.766
0.719
0.771
0.826
0.732
0.815
0.746
0.696
0.682
0.724
0.748
0.723
0.733
0.720
0.702
0.704
0.662
0.838
0.728
0.698
0.687
0.689
0.706
0.700
0.707
0.760
0.820
0.713
0.712
0.768
0.812
0.686
0.697
0.800
0.741
0.724
0.666
0.692
0.723
0.730
0.743
0.661
0.705
0.681
0.697
0.721
0.712
0.674
0.781
0.757
0.689
0.670
0.744
0.704
0.664
0.692
0.772
0.747
0.713
0.729
0.799
0.737
0.694
0.650
0.707
0.736
0.641
0.690
0.687
0.708
0.731
0.767
0.761
0.720
0.642
0.799
0.665
0.724
0.726
0.684
0.731
0.660
0.720
0.711
0.725
0.661
0.712
0.650
0.814
0.681
0.646
0.643
0.678
0.676
0.655
0.666
0.698
0.695
0.648
0.658
0.632
0.682
0.646
0.729
0.644
0.700
0.715
0.705
0.754
0.685
0.681
0.734
0.664
0.694
0.693
0.729
0.741
0.698
0.663
0.686
0.722
0.686
0.694
0.707
0.736
0.725
0.716
0.712
0.688
0.703
0.706
0.727
0.644
0.643
0.672
0.653
0.655
0.697
0.758
0.638
0.664
0.663
0.699
0.756
0.720
0.764
0.734
0.649
0.651
0.673
0.795
0.676
0.785
0.689
0.686
0.749
0.658
0.655
0.658
0.628
0.640
0.689
0.685
0.778
0.717
0.734
0.720
0.673
0.675
0.745
0.717
0.711
0.734
0.673
0.805
0.701
0.807
0.705
0.772
0.649
0.724
0.729
0.805
0.727
0.704
0.704
0.655
0.678
0.689
0.731
0.775
0.738
0.729
0.768
0.687
0.680
0.681
0.685
0.677
0.687
0.686
0.680
0.684
0.676
0.682
0.679
0.685
0.819
0.665
0.666
0.667
0.802
0.671
0.652
0.668
0.787
0.660
0.802
0.806
0.807
0.804
0.792
0.802
0.659
0.702
0.681
0.666
0.805
0.801
0.669
0.723
0.722
0.712
0.660
0.694
0.692
0.762
0.715
0.703
0.733
0.719
0.715
0.710
0.646
0.714
0.741
0.650
0.662
0.755
0.684
0.690
0.700
0.751
0.724
0.665
0.692
0.715
0.723
0.647
0.699
0.699
0.721
0.741
0.702
0.727
0.690
0.728
0.706
0.745
0.745
0.825
0.740
0.724
0.756
0.654
0.684
0.683
0.767
0.821
0.654
0.704
0.714
0.652
0.716
0.824
0.711
0.710
0.705
0.730
0.697
0.637
0.682
0.718
0.685
0.707
0.634
0.722
0.732
0.740
0.652
0.726
0.677
0.802
0.682
0.750
0.704
0.739
0.655
0.708
0.691
0.719
0.704
0.653
0.784
0.712
0.774
0.714
0.728
0.803
0.801
0.790
0.800
0.791
0.807
0.787
0.766
0.661
0.677
0.673
0.799
0.695
0.779
0.715
0.806
0.715
0.767
0.767
0.648
0.707
0.723
0.751
0.728
0.713
0.709
0.674
0.684
0.769
0.723
0.710
0.669
0.736
0.637
0.640
0.642
0.712
0.702
0.626
0.662
0.700
0.656
0.734
0.744
0.800
0.713
0.725
0.787
0.686
0.682
0.690
0.683
0.709
0.727
0.691
0.771
0.731
0.705
0.697
0.713
0.707
0.724
0.701
0.661
0.710
0.722
0.711
0.722
0.699
0.732
0.700
0.746
0.738
0.711
0.807
0.735
0.707
0.727
0.734
0.717
0.748
0.762
0.678
0.729
0.665
0.760
0.666
0.705
0.703
0.705
0.711
0.712
0.669
0.701
0.682
0.686
0.688
0.783
0.699
0.691
0.684
0.689
0.662
0.769
0.724
0.706
0.666
0.710
0.714
0.692
0.730
0.737
0.713
0.715
0.698
0.742
0.697
0.643
0.650
0.697
0.798
0.735
0.786
0.649
0.700
0.700
0.710
0.744
0.706
0.734
0.698
0.669
0.732
0.777
0.768
0.798
0.702
0.731
0.677
0.721
0.734
0.708
0.702
0.695
0.658
0.732
0.726
0.714
0.725
0.675
0.727
0.765
0.761
0.708
0.722
0.705
0.682
0.741
0.654
0.672
0.684
0.830
0.682
0.705
0.695
0.655
0.664
0.670
0.647
0.675
0.771
0.686
0.725
0.635
0.756
0.684
0.706
0.712
0.642
0.715
0.711
0.655
0.712
0.683
0.719
0.749
0.650
0.789
0.703
0.733
0.710
0.745
0.717
0.678
0.729
0.690
0.691
0.730
0.670
0.662
0.718
0.691
0.702
0.655
0.663
0.686
0.734
0.743
0.666
0.720
0.716
0.709
0.714
0.717
0.653
0.712
0.724
0.725
0.742
0.733
0.714
0.735
0.618
0.705
0.710
0.650
0.795
0.765
0.700
0.712
0.714
0.702
0.657
0.686
0.733
0.759
0.669
0.674
0.664
0.710
0.810
0.642
0.662
0.735
0.750
0.739
0.671
0.726
0.727
0.816
0.695
0.748
0.654
0.719
0.730
0.706
0.657
0.688
0.766
0.701
0.759
0.684
0.702
0.766
0.812
0.712
0.676
0.716
0.713
0.679
0.668
0.690
0.690
0.693
0.769
0.740
0.726
0.786
0.731
0.686
0.771
0.675
0.711
0.735
0.801
0.724
0.734
0.731
0.694
0.688
0.697
0.648
0.725
0.667
0.713
0.742
0.713
0.735
0.725
0.676
0.702
0.691
0.697
0.726
0.662
0.713
0.723
0.689
0.709
0.705
0.686
0.680
0.670
0.785
0.659
0.710
0.708
0.773
0.656
0.673
0.678
0.815
0.664
0.695
0.712
0.680
0.688
0.709
0.680
0.686
0.795
0.703
0.640
0.712
0.764
0.645
0.691
0.702
0.763
0.667
0.727
0.824
0.635
0.622
0.695
0.651
0.785
0.791
0.756
0.681
0.736
0.712
0.699
0.707
0.712
0.719
0.715
0.665
0.673
0.706
0.797
0.692
0.764
0.666
0.747
0.705
0.712
0.644
0.778
0.712
0.706
0.714
0.710
0.698
0.803
0.716
0.764
0.661
0.743
0.742
0.674
0.713
0.697
0.673
0.701
0.687
0.731
0.698
0.732
0.768
0.757
0.735
0.676
0.681
0.624
0.666
0.739
0.684
0.717
0.659
0.733
0.725
0.697
0.714
0.648
0.658
0.657
0.665
0.669
0.659
0.732
0.751
0.690
0.729
0.750
0.718
0.671
0.719
0.698
0.699
0.793
0.787
0.704
0.708
0.689
0.682
0.740
0.816
0.689
0.729
0.647
0.716
0.741
0.686
0.797
0.704
0.759
0.810
0.782
0.665
0.752
0.686
0.651
0.695
0.808
0.704
0.797
0.654
0.745
0.669
0.696
0.814
0.754
0.750
0.716
0.720
0.667
0.707
0.719
0.698
0.656
0.775
0.748
0.704
0.731
0.710
0.691
0.686
0.659
0.667
0.726
0.696
0.654
0.712
0.726
0.717
0.761
0.670
0.678
0.691
0.714
0.687
0.685
0.711
0.691
0.666
0.824
0.690
0.755
0.704
0.678
0.735
0.705
0.676
0.709
0.770
0.737
0.709
0.664
0.724
0.785
0.702
0.670
0.795
0.690
0.690
0.668
0.691
0.729
0.722
0.705
0.744
0.742
0.696
0.698
0.705
0.691
0.753
0.785
0.720
0.714
0.692
0.689
0.684
0.695
0.707
0.707
0.688
0.807
0.745
0.765
0.715
0.780
0.737
0.651
0.724
0.761
0.786
0.693
0.750
0.722
0.748
0.685
0.734
0.709
0.660
0.657
0.707
0.731
0.664
0.742
0.678
0.668
0.719
0.730
0.717
0.706
0.768
0.690
0.652
0.688
0.661
0.655
0.807
0.738
0.708
0.649
0.674
0.675
0.672
0.775
0.683
0.687
0.697
0.683
0.710
0.776
0.780
0.658
0.707
0.751
0.681
0.659
0.798
0.748
0.834
0.705
0.826
0.704
0.705
0.674
0.750
0.679
0.707
0.796
0.714
0.720
0.679
0.656
0.668
0.768
0.776
0.671
0.633
0.655
0.678
0.663
0.767
0.786
0.700
0.754
0.738
0.665
0.774
0.707
0.686
0.697
0.692
0.763
0.691
0.666
0.685
0.681
0.687
0.679
0.696
0.689
0.696
0.687
0.694
0.686
0.675
0.680
0.682
0.690
0.696
0.679
0.704
0.688
0.778
0.670
0.663
0.671
0.736
0.713
0.744
0.696
0.647
0.699
0.675
0.738
0.784
0.672
0.717
0.711
0.736
0.718
0.731
0.684
0.693
0.682
0.740
0.646
0.707
0.687
0.686
0.707
0.728
0.668
0.700
0.673
0.649
0.746
0.736
0.754
0.659
0.745
0.680
0.679
0.777
0.662
0.667
0.693
0.723
0.810
0.719
0.718
0.723
0.695
0.724
0.764
0.699
0.664
0.801
0.723
0.688
0.666
0.653
0.683
0.751
0.728
0.698
0.663
0.664
0.772
0.722
0.729
0.768
0.690
0.746
0.646
0.681
0.662
0.682
0.715
0.684
0.685
0.677
0.766
0.844
0.689
0.703
0.681
0.727
0.711
0.687
0.773
0.725
0.762
0.762
0.690
0.664
0.696
0.693
0.658
0.705
0.672
0.803
0.748
0.694
0.732
0.679
0.670
0.806
0.807
0.666
0.723
0.714
0.663
0.692
0.701
0.738
0.704
0.709
0.679
0.651
0.749
0.684
0.767
0.762
0.644
0.794
0.717
0.655
0.694
0.694
0.694
0.729
0.678
0.737
0.671
0.791
0.801
0.668
0.676
0.697
0.839
0.697
0.775
0.727
0.699
0.705
0.767
0.775
0.652
0.700
0.668
0.664
0.715
0.761
0.741
0.812
0.700
0.698
0.800
0.746
0.747
0.669
0.712
0.706
0.793
0.632
0.694
0.749
0.742
0.710
0.789
0.721
0.683
0.727
0.704
0.690
0.696
0.765
0.782
0.704
0.689
0.806
0.738
0.668
0.665
0.712
0.770
0.687
0.737
0.792
0.689
0.724
0.673
0.682
0.718
0.808
0.683
0.739
0.693
0.708
0.723
0.720
0.728
0.659
0.750
0.705
0.706
0.767
0.771
0.786
0.812
0.765
0.705
0.676
0.707
0.685
0.685
0.724
0.694
0.776
0.741
0.681
0.810
0.698
0.705
0.667
0.781
0.784
0.670
0.747
0.716
0.655
0.759
0.784
0.642
0.650
0.648
0.708
0.688
0.724
0.731
0.681
0.702
0.678
0.643
0.776
0.711
0.693
0.804
0.697
0.803
0.707
0.657
0.652
0.731
0.744
0.726
0.660
0.686
0.760
0.663
0.715
0.695
0.693
0.709
0.676
0.711
0.809
0.726
0.711
0.674
0.788
0.686
0.702
0.664
0.703
0.672
0.689
0.693
0.717
0.655
0.651
0.698
0.687
0.683
0.695
0.670
0.679
0.779
0.649
0.669
0.782
0.731
0.667
0.779
0.706
0.676
0.716
0.728
0.787
0.685
0.720
0.652
0.717
0.709
0.755
0.749
0.795
0.656
0.761
0.773
0.719
0.730
0.709
0.807
0.733
0.671
0.732
0.654
0.743
0.767
0.759
0.725
0.704
0.702
0.690
0.688
0.709
0.686
0.678
0.810
0.723
0.705
0.717
0.701
0.725
0.725
0.693
0.721
0.676
0.782
0.649
0.714
0.744
0.719
0.715
0.714
0.712
0.744
0.697
0.721
0.705
0.714
0.664
0.699
0.727
0.660
0.716
0.716
0.716
0.757
0.680
0.705
0.703
0.676
0.682
0.668
0.655
0.661
0.664
0.658
0.672
0.658
0.662
0.665
0.662
0.696
0.700
0.683
0.684
0.663
0.665
0.669
0.708
0.713
0.712
