0.683
0.797
0.696
0.730
0.683
0.732
0.641
0.655
0.685
0.659
0.811
0.719
0.702
0.735
0.690
0.707
0.726
0.654
0.652
0.712
0.705
0.750
0.747
0.702
0.700
0.706
0.681
0.683
0.696
0.687
0.726
0.660
0.715
0.745
0.687
0.816
0.696
0.764
0.652
0.788
0.692
0.764
0.731
0.714
0.691
0.650
0.643
0.636
0.648
0.739
0.660
0.728
0.773
0.717
0.706
0.683
0.677
0.696
0.709
0.726
0.693
0.689
0.730
0.727
0.739
0.735
0.676
0.662
0.721
0.798
0.700
0.654
0.729
0.797
0.659
0.759
0.689
0.735
0.676
0.687
0.690
0.728
0.761
0.715
0.679
0.709
0.732
0.657
0.742
0.693
0.670
0.703
0.804
0.726
0.662
0.639
0.732
0.719
0.812
0.659
0.719
0.690
0.685
0.715
0.666
0.766
0.722
0.681
0.701
0.738
0.712
0.741
0.710
0.693
0.667
0.694
0.665
0.692
0.667
0.682
0.709
0.649
0.756
0.753
0.735
0.676
0.717
0.660
0.648
0.655
0.726
0.704
0.757
0.707
0.666
0.665
0.762
0.699
0.691
0.724
0.659
0.854
0.734
0.734
0.731
0.731
0.646
0.701
0.713
0.781
0.736
0.660
0.736
0.802
0.668
0.652
0.726
0.749
0.713
0.700
0.658
0.640
0.689
0.716
0.629
0.659
0.745
0.809
0.734
0.668
0.696
0.661
0.831
0.649
0.645
0.685
0.696
0.757
0.650
0.674
0.672
0.713
0.673
0.683
0.709
0.682
0.687
0.682
0.627
0.747
0.648
0.669
0.687
0.731
0.689
0.701
0.764
0.792
0.680
0.649
0.774
0.723
0.678
0.771
0.701
0.692
0.713
0.748
0.694
0.703
0.725
0.789
0.694
0.740
0.726
0.729
0.755
0.692
0.684
0.743
0.715
0.691
0.732
0.770
0.689
0.669
0.705
0.842
0.747
0.662
0.700
0.698
0.752
0.732
0.647
0.733
0.684
0.650
0.717
0.698
0.673
0.679
0.721
0.650
0.703
0.703
0.807
0.793
0.704
0.687
0.713
0.792
0.693
0.749
0.791
0.717
0.762
0.685
0.752
0.700
0.705
0.774
0.726
0.822
0.663
0.799
0.692
0.663
0.687
0.624
0.725
0.675
0.635
0.645
0.771
0.653
0.699
0.770
0.657
0.663
0.795
0.747
0.689
0.689
0.732
0.694
0.680
0.739
0.745
0.700
0.675
0.782
0.672
0.762
0.761
0.777
0.744
0.713
0.720
0.717
0.696
0.730
0.660
0.763
0.677
0.646
0.677
0.719
0.694
0.633
0.687
0.654
0.728
0.691
0.719
0.735
0.652
0.724
0.720
0.728
0.726
0.700
0.662
0.674
0.661
0.675
0.712
0.701
0.656
0.687
0.728
0.756
0.737
0.699
0.728
0.785
0.690
0.707
0.629
0.728
0.654
0.724
0.661
0.737
0.742
0.685
0.748
