0.776
0.746
0.798
0.771
0.729
0.663
0.643
0.698
0.777
0.683
0.690
0.773
0.654
0.705
0.803
0.729
0.765
0.726
0.720
0.743
0.657
0.695
0.654
0.728
0.700
0.679
0.688
0.665
0.743
0.729
0.651
0.701
0.722
0.698
0.618
0.677
0.706
0.792
0.739
0.669
0.668
0.711
0.748
0.701
0.678
0.666
0.670
0.702
0.747
0.673
0.647
0.753
0.644
0.673
0.661
0.716
0.701
0.687
0.756
0.775
0.662
0.672
0.817
0.677
0.685
0.721
0.694
0.666
0.695
0.681
0.621
0.812
0.649
0.802
0.831
0.676
0.660
0.653
0.680
0.684
0.664
0.748
0.685
0.735
0.721
0.730
0.677
0.753
0.734
0.677
0.673
0.696
0.689
0.774
0.664
0.751
0.668
0.744
0.723
0.761
0.722
0.680
0.705
0.710
0.668
0.720
0.694
0.703
0.734
0.728
0.686
0.806
0.701
0.718
0.742
0.660
0.713
0.715
0.761
0.645
0.694
0.740
0.691
0.719
0.687
0.645
0.803
0.732
0.778
0.692
0.671
0.702
0.707
0.778
0.810
0.717
0.739
0.738
0.675
0.692
0.696
0.697
0.702
0.701
0.639
0.675
0.637
0.639
0.696
0.745
0.680
0.690
0.693
0.747
0.720
0.730
0.756
0.711
0.796
0.747
0.652
0.656
0.691
0.699
0.698
0.695
0.688
0.728
0.727
0.742
0.648
0.674
0.721
0.684
0.723
0.705
0.719
0.672
0.682
0.781
0.750
0.730
0.772
0.710
0.734
0.752
0.852
0.699
0.646
0.714
0.715
0.680
0.655
0.743
0.717
0.647
0.634
0.640
0.657
0.783
0.678
0.738
0.671
0.664
0.689
0.711
0.650
0.681
0.670
0.639
0.647
0.700
0.808
0.663
0.739
0.711
0.693
0.680
0.832
0.653
0.713
0.663
0.724
0.695
0.735
0.715
0.644
0.727
0.646
0.693
0.667
0.691
0.781
0.712
0.697
0.730
0.665
0.681
0.772
0.754
0.744
0.701
0.735
0.728
0.661
0.666
0.668
0.721
0.759
0.727
0.692
0.690
0.674
0.755
0.808
0.660
0.734
0.704
0.651
0.709
0.723
0.671
0.735
0.732
0.716
0.763
0.731
0.692
0.779
0.704
0.682
0.714
0.663
0.697
0.711
0.683
0.701
0.672
0.827
0.714
0.710
0.656
0.746
0.657
0.792
0.758
0.658
0.670
0.719
0.688
0.707
0.674
0.679
0.655
0.701
0.664
0.627
0.664
0.633
0.676
0.830
0.688
0.687
0.754
0.804
0.683
0.660
0.692
0.704
0.701
0.728
0.689
0.713
0.691
0.667
0.659
0.684
0.645
0.648
0.694
0.687
0.693
0.842
0.673
0.683
0.640
0.672
0.687
0.663
0.733
0.696
0.693
0.756
0.706
0.670
0.714
0.740
0.803
0.645
0.795
0.650
0.689
0.735
0.724
0.684
0.751
0.680
0.694
0.758
0.810
0.826
0.747
