0.733
0.681
0.724
0.721
0.693
0.629
0.610
0.628
0.712
0.615
0.728
0.790
0.717
0.689
0.713
0.703
0.736
0.680
0.789
0.663
0.704
0.722
0.684
0.714
0.741
0.727
0.713
0.609
0.691
0.646
0.663
0.640
0.805
0.751
0.752
0.823
0.693
0.641
0.647
0.747
0.744
0.714
0.751
0.679
0.729
0.687
0.731
0.774
0.813
0.751
0.688
0.725
0.695
0.740
0.730
0.678
0.698
0.681
0.736
0.716
0.626
0.626
0.661
0.697
0.756
0.743
0.735
0.693
0.670
0.810
0.734
0.645
0.748
0.704
0.684
0.718
0.667
0.680
0.674
0.736
0.824
0.749
0.740
0.683
0.814
0.731
0.725
0.713
0.702
0.820
0.699
0.769
0.800
0.681
0.759
0.691
0.741
0.747
0.727
0.726
0.777
0.708
0.687
0.751
0.710
0.693
0.762
0.687
0.774
0.685
0.810
0.648
0.667
0.756
0.687
0.702
0.704
0.723
0.786
0.699
0.680
0.751
0.796
0.719
0.704
0.663
0.716
0.673
0.683
0.699
0.734
0.660
0.682
0.763
0.716
0.698
0.700
0.666
0.736
0.679
0.662
0.753
0.721
0.720
0.708
0.675
0.683
0.677
0.699
0.707
0.664
0.770
0.804
0.679
0.739
0.699
0.767
0.744
0.803
0.707
0.744
0.695
0.662
0.656
0.642
0.698
0.701
0.678
0.728
0.666
0.731
0.775
0.690
0.774
0.703
0.690
0.709
0.715
0.719
0.765
0.724
0.730
0.769
0.667
0.714
0.713
0.794
0.741
0.675
0.745
0.733
0.825
0.669
0.666
0.697
0.814
0.865
0.710
0.789
0.671
0.692
0.691
0.681
0.831
0.663
0.629
0.760
0.693
0.660
0.727
0.732
0.699
0.754
0.679
0.716
0.756
0.674
0.702
0.677
0.723
0.783
0.696
0.701
0.720
0.769
0.669
0.735
0.631
0.708
0.728
0.648
0.726
0.708
0.703
0.670
0.748
0.756
0.736
0.716
0.752
0.747
0.775
0.676
0.727
0.656
0.713
0.709
0.739
0.663
0.760
0.729
0.678
0.735
0.680
0.735
0.742
0.747
0.693
0.734
0.803
0.750
0.665
0.708
0.751
0.731
0.696
0.757
0.806
0.729
0.716
0.759
0.648
0.752
0.620
0.676
0.711
0.744
0.668
0.737
0.662
0.669
0.731
0.678
0.661
0.736
0.716
0.751
0.744
0.751
0.656
0.675
0.707
0.677
0.677
0.803
0.709
0.803
0.680
0.708
0.694
0.708
0.688
0.676
0.700
0.745
0.818
0.676
0.719
0.715
0.715
0.685
0.764
0.752
0.738
0.824
0.709
0.726
0.649
0.697
0.635
0.766
0.737
0.697
0.656
0.704
0.693
0.704
0.682
0.666
0.660
0.808
0.722
0.716
0.680
0.657
0.729
0.797
0.651
0.724
0.799
0.740
0.713
0.762
0.659
0.686
0.748
0.703
0.728
0.701
0.735
0.661
0.690
0.670
0.660
0.684
0.658
0.753
0.663
0.721
0.673
0.742
0.775
0.704
0.702
0.669
0.699
0.723
0.701
0.625
0.826
0.796
0.660
0.733
0.684
0.666
0.737
0.751
0.677
0.787
0.720
0.703
0.693
0.687
0.712
0.759
0.680
0.669
0.716
0.669
0.712
0.811
0.799
0.661
0.727
0.797
0.708
0.711
0.679
0.683
0.700
0.817
0.799
0.791
0.719
0.758
0.756
0.853
0.718
0.818
0.815
0.680
0.747
0.659
0.711
0.754
0.705
0.707
0.727
0.695
0.677
0.744
0.722
0.755
0.681
0.794
0.805
0.770
0.744
0.621
0.656
0.722
0.620
0.669
0.740
0.754
0.722
0.726
0.711
0.818
0.706
0.679
0.679
0.672
0.744
0.669
0.675
0.681
0.681
0.731
0.623
0.747
0.729
0.672
0.666
0.763
0.691
0.657
0.751
0.674
0.752
0.693
0.699
0.795
0.663
0.654
0.713
0.750
0.707
0.665
0.813
0.749
0.738
0.647
0.755
0.707
0.657
0.696
0.807
0.707
0.681
0.735
0.769
0.702
0.689
0.753
0.767
0.763
0.716
0.796
0.683
0.715
0.787
0.622
0.720
0.675
0.684
0.737
0.794
0.711
0.746
0.755
0.732
0.630
0.751
0.787
0.655
0.641
0.694
0.764
0.677
0.759
0.699
0.632
0.643
0.714
0.675
0.766
0.749
0.712
0.699
0.765
0.703
0.713
0.696
0.699
0.672
0.633
0.688
0.675
0.696
0.675
0.809
0.679
0.687
0.704
0.699
0.678
0.740
0.694
0.758
0.710
0.730
0.669
0.678
0.774
0.663
0.720
0.800
0.749
0.684
0.710
0.658
0.701
0.628
0.802
0.715
0.758
0.678
0.725
0.705
0.703
0.764
0.718
0.686
0.710
0.703
0.735
0.675
0.710
0.699
0.649
0.672
0.813
0.680
0.799
0.659
0.698
0.652
0.803
0.679
0.670
0.666
0.680
0.672
0.637
0.694
0.713
0.716
0.745
0.734
0.653
0.716
0.729
0.690
0.690
0.719
0.628
0.714
0.682
0.628
0.624
0.629
0.636
0.630
0.652
0.634
0.695
0.692
0.806
0.819
0.657
0.731
0.716
0.728
0.705
0.732
0.728
0.688
0.629
0.631
0.715
0.825
0.810
0.630
0.734
0.684
0.722
0.715
0.658
0.690
0.803
0.646
0.828
0.769
0.772
0.713
0.649
0.734
0.638
0.663
0.702
0.721
0.627
0.709
0.670
0.758
0.662
0.687
0.702
0.708
0.751
0.640
0.751
0.763
0.627
0.675
0.658
0.653
0.653
0.717
0.826
0.715
0.743
0.771
0.732
0.761
0.655
0.708
0.765
0.747
0.728
0.636
0.690
0.677
0.694
0.755
0.713
0.643
0.692
0.669
0.769
0.719
0.666
0.758
0.715
0.762
0.657
0.642
0.735
0.610
0.650
0.746
0.720
0.683
0.692
0.754
0.658
0.690
0.685
0.701
0.710
0.686
0.646
0.632
0.630
0.708
0.707
0.708
0.638
0.666
0.672
0.712
0.671
0.693
0.761
0.711
0.710
0.636
0.643
0.624
0.640
0.746
0.692
0.701
0.700
0.674
0.645
0.650
0.652
0.667
0.704
0.684
0.691
0.632
0.678
0.716
0.701
0.632
0.639
0.684
0.719
0.718
0.696
0.702
0.703
0.636
0.659
0.667
0.700
0.643
0.767
0.691
0.658
0.684
0.719
0.713
0.748
0.721
0.756
0.675
0.699
0.703
0.676
0.718
0.757
0.711
0.707
0.657
0.802
0.693
0.658
0.715
0.631
0.629
0.722
0.727
0.681
0.760
0.631
0.719
0.736
0.630
0.632
0.697
0.699
0.682
0.693
0.732
0.678
0.717
0.709
0.735
0.696
0.782
0.714
0.726
0.644
0.669
0.724
0.706
0.724
0.714
0.712
0.659
0.712
0.715
0.707
0.774
0.700
0.766
0.719
0.720
0.683
0.807
0.713
0.733
0.734
0.782
0.697
0.720
0.698
0.659
0.685
0.701
0.658
0.738
0.692
0.786
0.686
0.835
0.790
0.773
0.775
0.815
0.749
0.719
0.689
0.718
0.730
0.692
0.684
0.782
0.814
0.665
0.721
0.680
0.711
0.697
0.785
0.837
0.678
0.813
0.705
0.703
0.724
0.742
0.705
0.676
0.692
0.725
0.640
0.709
0.705
0.697
0.711
0.805
0.656
0.680
0.646
0.678
0.739
0.778
0.670
0.705
0.695
0.713
0.744
0.753
0.814
0.711
0.657
0.701
0.775
0.730
0.672
0.673
0.711
0.698
0.677
0.652
0.690
0.659
0.727
0.743
0.739
0.744
0.692
0.723
0.706
0.718
0.731
0.747
0.637
0.769
0.699
0.729
0.695
0.709
0.711
0.719
0.723
0.727
0.808
0.688
0.755
0.669
0.703
0.644
0.699
0.707
0.764
0.717
0.748
0.690
0.733
0.767
0.774
0.703
0.678
0.726
0.756
0.722
0.689
0.713
0.806
0.758
0.738
0.799
0.729
0.706
0.676
0.713
0.753
0.675
0.698
0.762
0.675
0.715
0.738
0.712
0.776
0.808
0.712
0.704
0.800
0.787
0.626
0.640
0.719
0.709
0.771
0.752
0.724
0.727
0.816
0.727
0.707
0.683
0.680
0.746
0.730
0.695
0.649
0.671
0.719
0.742
0.714
0.735
0.811
0.690
0.765
0.663
0.747
0.660
0.701
0.767
0.716
0.684
0.720
0.637
0.722
0.751
0.645
0.670
0.659
0.713
0.726
0.746
0.747
0.722
0.746
0.698
0.653
0.658
0.640
0.633
0.689
0.676
0.684
0.727
0.749
0.750
0.730
0.717
0.748
0.698
0.755
0.753
0.769
0.738
0.660
0.687
0.751
0.730
0.716
0.745
0.662
0.689
0.822
0.728
0.767
0.739
0.811
0.808
0.675
0.814
0.767
0.752
0.719
0.693
0.726
0.733
0.670
0.670
0.712
0.701
0.820
0.675
0.693
0.654
0.737
0.646
0.695
0.694
0.704
0.756
0.672
0.711
0.724
0.704
0.720
0.714
0.672
0.696
0.712
0.657
0.710
0.701
0.712
0.713
0.742
0.800
0.673
0.681
0.731
0.697
0.702
0.705
0.819
0.665
0.654
0.780
0.716
0.704
0.661
0.641
0.676
0.727
0.733
0.741
0.732
0.789
0.766
0.756
0.700
0.702
0.804
0.683
0.683
0.699
0.778
0.706
0.702
0.695
0.695
0.710
0.696
0.702
0.685
0.729
0.701
0.689
0.739
0.681
0.652
0.753
0.710
0.715
0.702
0.797
0.738
0.701
0.720
0.678
0.744
0.667
0.710
0.700
0.712
0.701
0.696
0.826
0.675
0.736
0.744
0.743
0.720
0.734
0.764
0.722
0.631
0.680
0.631
0.627
