2.246
2.253
2.279
2.228
2.247
2.340
2.183
2.271
2.427
2.379
2.249
2.363
2.282
2.392
2.320
2.390
2.286
2.365
2.424
2.394
2.219
2.311
2.365
2.160
2.335
2.312
2.304
2.213
2.384
2.116
2.300
2.266
2.154
2.262
2.318
2.285
2.221
2.455
2.329
2.399
2.299
2.164
2.385
2.167
2.333
2.360
2.182
2.395
2.350
2.051
2.334
2.354
2.224
2.194
2.206
2.240
2.044
2.227
2.386
2.213
2.389
2.380
2.352
2.202
2.335
2.350
2.389
2.223
2.313
2.265
2.308
2.300
2.219
2.375
2.462
2.330
2.318
2.259
2.404
2.368
2.291
2.188
2.261
2.319
2.445
2.304
2.345
2.302
2.320
2.341
2.355
2.139
2.294
2.156
2.330
2.284
2.446
2.404
2.268
2.164
2.076
2.286
2.255
2.441
2.371
2.436
2.397
2.364
2.345
2.158
2.187
2.345
2.370
2.444
2.201
2.303
2.177
2.337
2.335
2.395
2.249
2.320
2.390
2.214
2.065
2.099
2.340
2.173
2.475
2.454
1.918
2.343
2.322
2.352
2.228
2.283
2.373
2.393
2.290
2.377
2.450
2.294
2.396
2.330
2.347
2.352
2.320
2.162
2.132
2.333
2.152
2.202
2.231
2.385
2.383
2.309
2.309
2.372
2.197
2.368
2.403
2.268
2.426
2.178
2.193
2.053
2.315
2.360
2.406
2.378
2.238
2.217
2.123
2.178
2.416
2.378
2.188
2.289
2.337
2.319
2.431
2.223
2.272
2.421
2.358
2.391
2.229
2.295
2.268
2.372
2.305
2.353
2.424
2.344
2.100
2.359
2.222
2.226
2.291
2.453
2.364
2.215
2.280
2.400
2.084
2.273
2.377
2.298
2.394
2.322
2.316
2.329
2.387
2.419
2.253
2.330
2.420
2.261
2.359
