2.213
2.087
2.351
2.018
1.453
2.297
2.296
2.296
1.425
2.294
2.229
2.212
2.152
2.238
2.138
2.285
2.335
2.291
2.352
2.228
2.208
1.533
2.264
2.272
1.998
2.199
2.120
2.318
1.995
2.157
2.193
1.459
2.232
1.852
1.427
1.991
2.136
2.226
2.147
2.145
2.207
2.160
1.993
1.870
1.939
2.217
1.514
1.755
2.170
2.296
2.274
2.219
2.046
2.137
2.106
2.137
2.302
1.769
1.733
2.135
2.371
1.978
2.251
2.231
2.265
2.006
1.902
1.989
1.933
1.965
1.691
2.061
2.141
2.154
2.075
1.816
1.707
2.122
2.134
2.166
2.085
1.995
2.380
1.770
2.112
2.122
2.100
2.298
1.683
2.093
2.154
2.146
2.137
1.777
1.951
2.281
1.993
1.825
2.350
2.228
2.045
2.415
2.194
1.903
1.958
1.609
1.883
1.805
2.141
1.979
1.894
2.336
2.367
2.057
2.176
1.837
1.868
1.878
2.395
2.362
2.059
2.004
2.041
1.962
2.237
1.981
2.162
2.357
2.057
2.101
1.868
2.119
1.885
2.297
1.879
1.532
1.879
2.216
2.128
2.146
2.125
2.384
2.122
2.361
2.370
1.728
1.959
2.156
2.044
2.044
2.050
1.960
1.901
2.021
2.040
2.036
1.991
1.972
1.494
2.105
2.017
2.013
2.187
1.975
2.105
1.975
2.282
2.031
2.406
2.427
2.353
2.430
2.428
2.337
2.410
2.415
2.345
2.125
2.378
2.154
2.042
1.971
2.400
2.136
2.394
2.298
2.095
2.370
1.508
1.522
1.897
2.144
2.314
2.130
2.002
1.570
2.305
2.304
2.149
1.845
2.087
2.254
2.352
1.860
2.044
2.135
2.417
2.114
2.282
1.958
2.142
1.837
2.302
2.002
2.046
2.388
2.161
2.039
1.982
1.972
1.931
2.219
2.323
2.238
2.388
2.353
2.255
1.806
2.064
2.256
2.301
1.887
2.418
1.958
2.131
2.282
2.333
2.118
2.068
2.176
2.002
2.438
2.392
2.310
2.392
1.884
2.046
2.065
2.227
1.893
2.132
2.294
2.423
2.286
2.246
1.963
1.799
2.120
1.908
2.395
1.941
2.391
2.075
1.505
1.888
1.922
2.363
2.422
2.376
2.348
1.919
1.906
1.760
2.226
2.160
2.240
2.423
2.032
2.021
2.283
2.404
2.326
2.139
2.029
2.336
2.126
2.151
2.303
2.312
2.091
2.270
2.273
2.236
2.238
2.090
1.883
1.956
2.331
1.936
2.184
2.315
1.998
1.853
1.862
2.387
2.317
2.413
2.307
2.071
2.277
2.376
2.038
2.244
2.141
2.375
1.522
1.955
2.239
2.142
2.320
2.139
2.246
2.117
2.200
1.952
2.401
2.380
1.445
2.385
1.875
1.826
2.265
2.243
2.026
2.037
2.058
2.215
2.070
1.697
1.904
2.296
2.324
1.963
2.248
1.497
2.189
2.328
2.103
2.325
2.383
2.177
2.201
2.151
2.096
2.167
2.186
2.217
2.236
1.987
2.178
2.411
1.994
2.410
2.119
2.071
2.091
2.188
2.232
2.132
2.295
2.001
2.278
2.001
2.240
2.235
1.519
2.320
1.820
2.329
2.343
2.179
1.937
2.316
1.985
1.805
2.238
1.794
2.257
2.092
2.070
2.226
2.064
2.043
1.869
2.067
2.067
2.308
2.280
1.960
1.982
2.023
2.068
2.131
2.044
2.060
1.891
2.133
2.207
2.283
2.107
2.158
1.909
2.220
2.163
2.353
1.618
1.876
2.271
1.865
2.082
2.080
1.801
1.849
2.155
2.296
2.181
2.145
1.733
2.254
2.207
1.975
2.005
2.018
2.174
1.963
2.427
2.173
2.006
1.939
1.940
2.426
2.267
2.080
1.978
2.034
2.264
2.214
1.828
1.500
2.135
2.255
2.144
2.323
2.254
2.092
2.140
2.127
2.241
2.352
2.096
2.292
2.081
1.994
2.279
1.979
2.153
2.160
1.530
2.157
1.927
1.784
2.006
1.928
2.143
2.138
1.936
2.295
2.075
2.150
1.972
2.318
2.147
2.077
2.017
2.254
2.248
2.074
2.222
2.085
2.409
2.101
1.887
1.751
2.096
2.189
1.974
2.142
1.466
2.220
1.925
2.139
1.925
2.055
2.194
2.066
2.194
1.805
1.932
2.234
2.038
2.105
2.176
2.117
2.294
2.239
2.276
2.356
1.939
1.827
2.098
2.308
2.277
2.209
2.003
1.499
1.991
2.072
2.173
2.141
2.096
1.855
1.919
2.260
2.218
2.044
2.291
2.245
2.197
2.291
2.271
2.124
2.107
2.008
2.144
2.179
1.533
2.332
2.325
2.339
2.042
2.168
1.926
2.374
2.046
1.960
1.844
2.157
2.031
2.265
2.173
2.176
1.952
2.066
2.182
1.867
1.874
2.190
2.249
2.032
1.954
1.866
2.016
1.600
2.169
2.027
2.175
2.003
2.086
2.188
2.240
2.098
1.992
2.052
2.062
2.074
1.958
1.985
2.115
2.314
2.304
2.263
1.931
2.398
2.142
2.084
1.947
1.499
2.330
1.988
2.265
2.375
2.252
2.082
2.050
2.241
2.138
1.896
2.055
1.869
2.013
2.055
1.937
2.316
2.394
2.082
2.218
2.314
1.803
2.199
2.235
2.045
2.098
1.939
2.128
2.144
2.179
2.069
2.204
2.238
1.706
1.797
2.197
2.268
2.089
2.098
1.834
2.235
2.012
2.272
1.955
1.799
2.067
1.645
2.145
2.013
2.200
2.437
2.375
1.816
2.114
1.846
2.266
2.057
2.110
2.152
2.117
1.585
2.288
2.087
2.278
2.013
2.288
2.265
1.731
2.163
2.133
2.050
1.845
2.200
2.256
2.134
1.831
2.141
2.004
2.027
2.110
2.163
1.854
2.175
1.980
1.962
1.817
2.353
2.409
2.258
2.277
2.051
2.016
2.204
2.233
2.385
2.070
2.142
2.085
2.272
2.171
1.435
2.169
2.002
2.253
1.933
1.951
1.986
2.314
1.806
2.432
2.304
2.317
1.873
2.136
1.853
2.186
1.509
1.854
2.143
1.627
2.018
2.241
1.874
2.237
1.834
2.320
2.359
2.208
2.074
2.015
2.174
2.196
2.124
2.309
2.007
1.610
1.996
2.072
2.128
2.230
1.589
2.176
2.146
2.322
2.090
2.126
2.009
2.164
2.257
1.582
2.145
1.638
2.072
1.950
2.205
2.159
1.694
2.329
1.992
2.044
2.231
2.201
2.348
2.030
2.051
2.226
2.328
1.421
2.155
2.309
2.211
2.169
2.136
1.940
2.239
2.283
2.101
2.321
2.358
2.170
2.046
2.404
2.246
2.343
2.046
2.101
2.198
2.282
2.068
2.110
2.138
1.940
2.109
2.158
2.059
2.303
1.555
2.090
2.266
1.655
2.186
1.839
2.274
2.026
2.185
2.048
2.086
2.085
1.960
2.211
2.337
1.859
2.227
2.117
1.851
2.273
2.362
2.028
1.937
1.946
1.816
1.964
1.858
1.901
2.231
2.356
2.122
2.056
1.929
2.274
2.173
1.929
2.220
2.040
2.059
1.891
1.512
2.154
2.309
2.253
2.053
2.026
2.120
2.196
2.150
1.585
2.201
2.170
2.055
2.086
2.398
2.121
2.188
2.030
2.125
2.365
1.849
2.077
1.979
2.388
2.063
1.593
2.340
2.171
2.035
1.889
2.265
2.317
2.344
2.231
1.630
2.041
2.069
2.220
1.488
2.098
1.989
2.337
1.867
2.296
1.998
1.527
2.202
1.993
2.013
2.072
2.228
1.956
2.191
2.213
1.432
1.815
1.733
1.704
2.140
1.856
1.909
1.832
2.175
2.345
2.161
1.582
1.897
2.297
2.305
2.046
2.022
1.949
2.260
2.252
1.726
2.056
1.907
2.045
1.421
2.337
2.038
1.943
2.250
2.319
1.545
2.118
2.169
1.513
2.113
1.443
2.112
1.993
2.176
2.239
1.569
2.067
1.921
2.217
2.325
2.189
1.829
1.767
1.892
2.085
2.315
1.922
1.419
2.123
1.440
2.370
2.022
1.862
1.854
2.090
2.108
2.191
1.861
1.756
2.161
2.209
1.843
2.196
2.231
1.825
2.297
2.222
2.244
2.364
1.746
2.103
1.895
2.402
2.391
2.127
1.993
2.179
2.087
2.228
1.809
2.184
2.007
2.104
1.414
2.421
1.852
1.806
2.021
2.169
1.853
2.007
2.305
2.320
1.984
1.990
2.060
2.244
1.768
2.186
2.151
1.908
2.133
2.130
1.815
1.886
1.996
2.394
1.958
2.191
2.136
2.132
1.851
1.931
2.374
2.093
1.832
2.023
2.257
2.245
2.213
