2.071
1.843
2.109
2.190
2.309
2.250
2.301
2.115
2.349
1.757
2.262
2.133
2.154
2.022
2.061
2.053
2.355
2.025
2.021
2.234
1.975
2.119
2.045
2.106
2.187
2.040
2.287
1.549
1.849
2.407
2.437
2.103
2.083
2.028
2.333
2.061
2.414
1.863
2.072
2.138
1.818
1.759
2.324
2.180
1.982
2.095
2.046
1.626
1.921
2.184
2.108
1.841
2.370
2.178
2.211
1.918
2.110
1.930
1.675
2.340
2.317
2.085
2.221
1.971
2.267
2.441
2.437
2.428
2.425
2.413
2.217
1.782
2.311
2.309
2.279
2.175
2.208
2.212
2.213
2.133
2.401
1.967
1.911
1.922
2.117
1.965
2.317
1.736
2.178
2.224
2.371
2.218
2.203
2.239
2.046
2.339
2.167
2.178
2.158
1.832
1.954
2.289
2.268
2.101
2.331
2.147
2.144
2.427
1.740
2.126
2.375
2.219
2.418
2.301
2.315
2.369
2.300
2.319
2.226
2.012
2.419
2.152
2.115
2.440
2.421
2.373
2.399
2.221
2.410
2.363
2.298
2.113
2.425
2.400
1.971
2.118
1.996
2.419
1.981
2.033
2.341
1.929
2.113
2.377
1.925
2.304
2.138
2.282
2.120
2.193
2.148
2.214
1.676
2.291
2.206
2.033
1.907
2.380
2.187
2.351
2.413
2.249
1.889
2.251
2.233
2.188
1.491
2.426
1.916
2.403
2.390
2.321
2.390
2.157
2.203
2.364
1.927
2.272
2.194
2.368
2.159
2.366
1.912
2.161
2.305
2.212
2.322
2.016
2.151
1.458
2.146
2.434
2.010
2.089
2.266
2.181
2.130
2.102
2.220
2.284
2.391
1.833
2.162
2.144
2.224
1.957
2.091
2.236
2.103
1.501
2.286
2.118
2.063
2.237
2.359
2.387
2.135
2.272
2.153
1.649
1.881
2.046
2.164
2.170
1.934
2.246
2.127
2.141
2.106
2.178
2.048
1.791
2.046
2.209
2.320
1.440
2.421
1.971
2.161
2.085
2.038
2.335
1.942
2.277
1.546
2.386
2.030
2.251
2.382
2.396
2.376
2.191
2.175
1.899
2.294
1.809
2.216
2.209
2.178
2.408
2.397
2.423
2.339
2.346
1.870
2.374
2.008
2.143
2.420
2.377
2.170
2.112
2.282
2.139
1.484
2.254
1.816
2.161
2.310
1.576
2.118
2.385
2.193
1.783
1.860
2.202
2.315
2.237
2.201
2.163
1.941
1.633
1.816
2.366
2.007
2.371
2.188
2.313
1.530
2.306
2.036
2.317
2.408
2.011
2.248
1.791
1.785
1.899
2.252
2.155
2.095
2.351
2.139
1.954
2.382
2.222
2.226
2.387
2.182
2.045
1.464
2.209
2.144
2.233
2.066
2.192
2.419
1.834
2.292
2.088
2.213
2.289
1.970
1.975
2.291
1.813
2.304
2.035
2.352
2.143
2.114
2.394
1.566
2.347
2.033
2.359
1.976
1.936
1.746
1.911
2.352
2.431
2.367
2.363
2.224
2.382
2.201
1.906
2.328
2.074
2.389
1.640
2.193
2.097
2.164
2.164
2.119
2.021
2.096
1.623
2.166
2.173
2.159
1.524
1.809
1.926
2.146
1.903
1.846
2.178
1.869
1.608
2.360
2.150
2.162
1.768
1.881
1.389
2.210
1.735
1.518
2.284
2.338
2.003
2.126
2.040
2.356
2.223
2.161
2.144
2.140
2.142
1.813
2.224
2.243
1.426
1.440
2.081
1.781
2.248
2.052
2.301
2.212
1.847
2.143
1.919
2.180
2.235
2.351
2.392
2.376
2.385
2.383
2.105
2.108
1.657
2.307
2.158
2.198
2.269
2.019
2.078
1.473
2.370
2.024
2.112
2.294
2.187
2.011
1.699
1.481
2.007
2.180
1.798
2.316
1.635
2.189
2.061
2.376
1.814
2.365
1.626
2.321
2.344
2.179
2.294
2.183
2.190
2.192
2.184
2.159
2.112
2.303
2.248
1.996
2.404
2.403
2.157
2.233
1.467
2.075
1.824
1.733
2.149
2.210
2.142
2.369
1.830
2.220
2.104
2.105
2.187
1.753
1.754
2.303
2.133
2.163
2.215
2.343
2.148
2.270
2.217
2.256
2.278
2.330
2.246
2.278
2.058
2.363
2.170
1.421
2.415
2.404
2.102
2.108
2.226
1.729
2.183
2.018
2.242
2.119
2.091
2.260
2.219
1.750
2.153
1.928
2.356
2.112
2.222
2.147
2.154
2.025
2.372
1.975
2.082
2.048
2.234
2.236
2.373
2.347
1.960
2.186
2.174
2.209
2.370
1.692
1.925
1.817
2.119
2.086
2.405
2.425
2.024
2.299
1.751
2.106
2.123
2.295
2.300
2.093
2.392
2.374
2.115
2.263
1.920
2.178
2.194
2.153
1.782
1.645
2.321
2.373
1.882
2.230
2.433
2.016
2.060
2.228
2.275
1.895
2.288
1.661
2.003
2.055
1.978
2.153
2.322
2.426
2.415
2.388
2.409
2.406
2.431
2.184
2.323
2.213
2.205
1.788
2.177
2.067
2.409
2.404
2.163
2.226
2.003
2.196
2.219
2.432
2.436
2.430
2.431
2.430
2.428
2.391
1.982
2.155
2.190
2.051
2.170
1.972
1.581
2.381
2.390
2.150
2.262
2.123
2.136
2.412
2.366
2.271
2.245
2.286
2.243
2.222
2.354
2.403
1.643
2.381
1.649
2.011
1.949
2.238
1.927
2.395
2.411
2.410
2.362
1.788
1.938
1.428
2.314
1.910
2.240
2.183
2.086
2.210
1.941
2.230
2.166
1.858
2.317
1.437
2.366
2.282
2.060
2.157
2.037
2.342
1.729
1.862
2.224
2.129
2.218
2.056
1.621
1.509
2.139
2.257
2.366
2.332
2.181
2.088
2.282
2.359
2.129
2.283
2.143
1.873
2.112
1.873
1.962
2.425
2.419
2.384
2.400
2.406
2.184
2.138
1.872
1.888
2.332
2.033
1.945
2.348
2.350
2.254
2.353
2.013
2.401
2.308
2.355
1.423
2.010
2.140
2.077
2.358
1.909
1.632
2.358
2.393
2.293
2.188
1.942
1.964
2.153
2.401
2.410
2.050
2.209
1.898
2.093
2.046
1.940
1.976
1.991
2.225
2.293
1.822
1.753
2.092
2.425
2.215
1.730
1.896
2.174
2.285
2.336
2.214
1.939
2.280
2.053
2.414
2.163
1.951
1.801
2.231
2.372
2.348
2.329
2.401
1.833
1.802
1.712
1.718
2.369
2.349
2.386
2.289
2.247
1.974
2.020
2.013
1.928
2.068
2.290
1.785
2.261
2.294
1.830
2.392
1.387
2.151
2.087
2.007
1.813
2.293
2.300
1.356
2.123
2.281
2.191
2.436
2.220
2.138
2.084
2.408
2.204
2.204
2.028
2.329
2.305
