2.118
1.645
2.050
2.250
2.176
2.285
2.287
1.953
2.025
2.352
2.206
2.227
2.087
2.319
2.295
2.299
2.074
2.139
2.117
2.162
2.232
1.988
2.136
2.363
2.368
2.191
2.303
2.281
2.221
2.035
2.202
2.150
2.368
2.369
2.173
2.103
2.398
2.409
2.176
1.743
2.000
1.553
1.554
2.206
2.260
1.440
2.207
2.298
2.295
2.150
2.121
2.164
2.171
2.216
2.320
1.641
2.249
2.113
2.294
2.187
2.324
2.388
2.204
2.293
1.883
2.240
1.820
2.103
2.109
1.946
2.299
2.148
2.191
2.420
2.271
2.289
1.627
2.136
2.210
2.264
2.190
2.237
1.810
2.130
2.018
1.848
2.278
2.433
1.740
2.164
2.343
2.328
2.140
2.137
2.380
1.968
2.247
2.248
1.852
2.304
2.332
2.023
2.269
2.042
2.193
2.181
1.964
1.937
2.179
2.323
1.548
2.264
2.237
1.887
2.098
2.227
1.708
1.833
1.806
2.142
2.405
2.323
1.847
2.001
1.737
1.391
2.160
1.904
1.401
1.949
1.875
1.680
2.243
1.828
2.118
2.295
2.319
1.538
2.314
2.119
2.189
1.357
2.061
2.162
2.174
2.172
1.503
2.313
2.062
2.134
1.996
2.322
2.205
2.085
2.113
1.970
2.278
2.248
2.037
2.027
1.871
2.291
2.281
2.079
2.275
2.141
2.298
2.074
2.306
2.258
2.205
2.097
2.393
2.050
2.308
2.230
2.254
2.239
2.234
2.306
2.381
2.306
2.267
1.775
2.276
2.323
2.312
2.290
2.109
2.023
2.236
2.340
2.228
2.118
2.361
2.148
2.147
2.063
2.202
2.187
2.457
1.741
2.126
1.943
1.797
2.284
2.386
2.208
2.385
1.933
2.225
2.109
2.365
2.145
2.104
2.316
2.220
2.416
2.284
1.729
2.248
2.399
2.314
2.252
2.075
2.227
1.757
1.898
1.648
2.078
2.095
2.135
1.857
1.805
1.859
2.174
1.707
2.133
2.132
2.311
2.231
1.596
2.300
2.332
2.151
2.243
2.220
2.379
2.320
2.368
2.128
2.264
2.205
2.392
2.078
2.299
2.230
2.035
2.205
1.657
2.138
2.155
2.197
2.431
2.239
2.239
2.218
2.218
2.246
1.727
1.490
2.307
2.035
2.097
2.212
2.279
2.220
1.929
2.257
2.312
1.996
2.243
2.240
2.274
2.246
2.279
2.157
2.417
2.408
2.280
2.244
2.313
2.276
2.222
1.825
1.715
1.863
2.237
2.118
2.077
2.103
2.240
2.045
2.355
2.391
2.331
2.272
2.323
2.304
2.344
2.142
2.124
2.092
1.360
2.428
2.251
2.180
2.301
2.298
2.152
2.147
2.034
2.266
2.293
2.075
2.263
1.450
1.967
2.156
2.232
2.185
2.189
2.230
2.001
2.428
1.770
2.127
2.398
2.224
1.984
2.086
2.331
2.011
2.084
2.327
1.913
2.148
2.220
2.279
2.201
2.129
1.873
2.198
2.306
2.296
2.351
2.114
2.305
2.140
2.060
2.161
2.004
2.163
1.931
2.241
1.861
1.908
2.290
1.862
2.143
2.265
2.175
2.042
1.937
2.243
1.991
2.201
2.200
1.594
2.169
2.205
2.189
2.285
2.063
2.051
2.384
1.748
2.313
1.904
1.881
2.158
2.288
2.207
2.037
2.046
2.147
2.149
1.711
2.102
2.132
2.096
2.382
2.156
2.144
2.194
2.180
2.183
2.189
1.535
2.242
2.239
1.795
1.562
2.267
2.107
1.828
2.074
2.183
2.134
2.125
2.141
2.209
2.183
2.160
2.176
2.151
2.113
2.124
2.363
2.097
2.241
2.329
1.896
2.116
2.273
2.303
2.182
2.109
2.181
2.329
1.923
2.289
2.313
2.211
2.414
2.022
1.979
2.214
2.266
2.233
1.771
1.758
2.380
2.319
2.047
2.167
2.316
2.299
2.366
2.212
2.246
1.904
2.305
2.403
2.262
2.287
2.368
2.337
2.225
1.947
2.246
2.059
2.232
2.314
2.246
2.267
1.784
2.172
2.243
2.246
2.231
2.260
1.858
2.287
2.287
2.226
2.221
2.121
2.262
2.223
2.341
1.652
2.227
2.253
2.086
2.212
2.202
1.894
2.350
1.490
2.258
1.614
2.313
2.057
2.265
2.155
2.108
2.140
2.293
2.121
2.235
2.297
2.202
2.127
2.339
1.637
2.309
2.209
2.152
1.603
2.086
2.263
2.223
2.281
2.231
