2.207
2.290
2.257
1.876
2.189
2.068
2.061
1.771
2.220
2.184
2.341
1.829
2.011
1.913
1.879
2.129
2.356
1.561
2.238
2.391
2.065
1.919
2.156
1.797
1.913
1.753
2.238
2.327
1.875
2.211
1.894
1.924
1.779
1.629
1.668
2.294
2.075
2.140
2.185
1.984
2.237
2.239
2.221
2.238
1.855
1.744
2.104
2.333
1.699
1.987
2.132
1.901
1.954
2.009
2.126
1.917
2.157
2.278
2.250
2.159
2.172
2.276
2.164
2.216
2.235
2.260
2.243
1.949
2.376
2.158
2.060
2.276
2.293
1.781
2.261
2.013
2.253
2.364
1.781
2.280
2.173
1.746
1.952
2.209
2.339
2.205
2.239
2.014
2.264
2.049
1.915
2.142
2.170
2.251
2.263
2.212
1.981
2.317
2.261
2.171
1.811
2.341
2.164
2.265
2.389
1.793
2.105
2.390
2.295
2.000
2.082
2.019
2.219
2.259
2.103
2.293
1.883
2.197
1.913
2.266
1.948
1.420
2.207
2.178
2.040
2.428
1.552
1.888
1.898
2.214
1.719
2.136
1.516
2.185
2.224
1.938
2.301
2.168
1.869
2.236
2.225
2.301
2.106
2.054
2.281
2.212
2.293
2.006
2.234
2.295
2.234
1.925
1.910
1.951
2.097
2.184
2.289
2.034
1.991
2.204
2.278
2.058
2.240
2.220
1.956
1.963
2.043
1.847
2.134
2.210
1.798
1.949
1.733
2.227
1.764
2.328
2.042
2.134
2.084
2.045
2.232
1.949
2.128
2.244
2.213
1.594
1.909
1.939
1.970
2.218
2.244
2.188
2.063
2.318
2.259
1.883
2.247
2.001
1.799
2.160
2.141
2.270
1.598
2.257
2.404
2.251
2.386
1.997
2.135
2.263
1.763
2.185
2.297
2.272
2.261
2.084
1.983
2.178
2.207
2.327
2.044
2.249
1.816
2.292
1.761
2.255
2.386
2.334
1.858
2.387
1.951
2.017
2.081
2.282
2.084
1.556
1.985
1.542
2.298
2.140
2.237
2.122
2.070
2.009
2.184
2.278
2.088
2.082
2.251
2.131
1.920
2.093
2.220
2.306
2.153
1.984
2.216
2.065
2.110
2.071
1.943
1.614
2.202
2.089
2.007
1.977
2.226
2.009
1.839
2.286
2.097
2.212
2.134
2.166
2.266
1.828
2.134
2.120
2.059
2.209
2.119
1.953
1.888
2.019
2.381
2.078
2.148
2.009
2.147
2.099
2.219
1.782
2.021
1.756
2.013
1.940
2.144
2.348
1.696
1.966
2.169
2.033
1.960
2.166
2.168
2.363
2.348
2.388
2.279
1.976
1.793
2.295
1.907
2.199
1.814
1.871
1.824
2.332
2.304
1.981
2.214
1.994
1.993
1.468
1.705
2.321
2.318
2.059
2.286
2.025
2.198
1.983
2.124
1.949
2.026
2.233
2.159
2.165
2.121
1.948
1.993
2.064
2.153
2.242
2.123
2.088
2.148
1.990
2.101
2.300
2.080
2.070
2.303
1.995
2.328
2.335
2.056
2.350
2.255
2.156
1.908
1.985
2.213
2.083
2.132
1.514
2.198
2.183
2.207
2.135
2.286
1.934
2.315
2.276
2.140
2.139
1.897
2.352
2.196
2.099
1.575
1.941
1.918
2.039
2.252
2.077
2.218
2.369
1.999
2.146
1.971
2.205
2.295
2.173
2.286
1.957
2.205
1.978
2.202
2.147
2.202
1.918
1.861
2.288
2.224
2.254
2.124
2.008
2.292
2.106
1.967
2.170
1.906
2.146
2.222
2.160
2.195
1.816
2.088
2.071
2.300
2.274
2.103
2.035
1.988
1.901
2.011
1.596
2.267
2.153
2.148
1.790
1.944
1.993
2.243
2.244
2.218
2.191
1.589
2.250
2.380
1.880
2.240
2.160
2.235
2.077
1.884
1.863
2.265
1.990
2.159
2.368
2.091
2.240
2.305
1.451
2.242
2.173
1.516
2.298
2.198
2.256
2.291
2.155
2.249
2.131
2.216
2.163
2.314
1.899
2.313
2.276
2.228
2.198
1.838
2.216
2.387
1.958
1.969
2.270
2.309
2.280
1.717
1.908
1.961
1.977
2.445
2.125
2.232
2.066
2.389
2.176
2.231
1.973
2.196
1.604
2.243
1.882
2.076
2.071
2.129
2.263
2.150
2.104
2.109
2.239
2.138
2.152
2.276
2.252
2.153
2.222
2.299
1.996
1.968
1.825
2.076
1.883
2.127
2.313
2.089
1.966
2.059
2.017
2.044
1.820
2.285
2.064
2.093
1.802
2.193
2.297
1.678
2.277
2.225
2.199
2.370
2.042
2.217
2.224
1.879
2.183
1.713
2.074
2.127
1.619
2.115
2.242
1.767
1.871
2.010
2.346
1.699
2.040
2.278
2.178
2.147
2.072
1.962
2.063
1.838
1.972
2.294
2.115
1.914
2.159
2.196
2.094
1.823
2.239
2.229
2.109
2.250
2.106
2.026
2.135
2.121
2.057
2.271
2.197
2.055
2.060
1.595
2.071
2.295
1.685
2.311
1.992
1.872
2.280
2.069
2.110
2.134
2.013
2.354
2.196
2.002
2.132
2.031
2.150
2.154
2.249
2.249
2.140
1.988
2.242
2.287
2.226
2.006
2.074
2.023
2.271
1.849
2.192
2.206
2.211
2.202
2.254
1.791
1.581
2.301
2.259
2.100
2.272
2.203
2.193
2.165
2.020
2.280
2.386
2.254
1.530
1.835
2.070
2.147
2.134
1.388
2.203
2.286
1.550
2.377
2.236
1.877
1.995
1.978
1.949
1.838
2.283
1.852
1.470
2.092
1.824
2.320
2.292
2.178
2.090
2.235
2.205
2.150
2.281
2.290
2.283
2.368
2.172
2.121
2.300
2.209
2.376
2.416
2.364
2.201
2.130
2.286
1.991
2.394
2.356
2.032
2.212
2.367
2.302
2.301
1.675
1.868
2.366
2.231
2.399
1.908
1.985
2.245
1.978
2.338
2.238
2.321
2.292
2.363
2.375
2.277
2.307
2.401
2.434
2.042
1.954
2.054
2.284
2.355
2.203
2.279
1.784
2.009
2.302
2.217
1.992
2.378
2.227
2.199
2.387
2.231
2.143
2.267
2.052
1.708
1.612
2.281
2.113
2.248
1.795
2.091
2.118
2.089
2.077
1.611
2.330
2.214
1.834
2.183
2.048
1.576
2.185
1.631
2.203
1.929
1.601
2.199
2.161
2.061
1.611
2.079
2.159
2.184
2.322
2.316
2.383
2.010
1.974
1.973
1.550
2.151
2.188
1.923
1.803
2.161
2.316
2.320
1.965
1.897
1.994
2.317
2.227
1.983
2.111
2.093
2.003
2.368
2.236
1.773
2.279
2.101
2.171
2.319
1.967
1.590
2.018
2.271
2.091
2.125
2.268
2.025
2.196
2.286
2.298
2.164
2.155
2.035
2.063
2.298
2.250
2.392
2.115
1.991
2.173
2.049
2.439
2.188
2.104
2.048
2.026
2.185
2.182
2.060
2.248
2.137
2.203
2.068
1.903
2.334
2.056
2.052
1.927
2.015
2.256
1.581
1.962
2.385
1.924
1.642
1.970
2.273
2.118
1.648
2.014
1.932
2.177
1.819
2.277
2.314
2.146
1.719
2.233
2.355
1.987
2.129
1.819
1.987
2.384
2.143
1.949
2.024
2.142
2.066
2.218
2.049
2.192
1.962
1.924
1.610
2.083
2.306
2.017
2.276
2.010
2.159
1.888
2.237
1.986
2.007
1.959
2.194
2.235
2.156
2.284
1.886
1.901
2.345
1.943
2.230
1.814
2.301
1.621
1.810
2.040
2.309
2.047
2.215
2.178
2.131
1.801
2.067
2.317
1.702
1.992
2.203
2.418
1.673
2.187
2.130
2.235
2.285
1.968
2.286
1.967
1.958
2.415
2.109
2.269
2.258
2.359
2.190
2.130
2.120
1.921
2.369
2.171
2.042
2.120
2.037
2.250
1.472
1.966
1.663
2.172
2.211
1.932
2.086
1.580
2.024
2.081
2.180
2.019
2.192
2.286
2.097
1.781
2.082
2.152
1.994
2.349
2.369
1.708
2.238
1.934
1.892
2.196
2.253
2.195
2.122
2.172
1.920
1.772
2.216
2.057
2.128
1.868
2.368
2.374
2.125
1.956
2.123
1.812
2.115
2.121
2.232
2.370
1.842
1.916
2.250
2.003
2.229
1.813
2.354
2.147
1.637
2.095
2.252
2.104
2.312
2.089
2.083
2.320
1.948
1.596
1.715
2.222
2.100
2.166
1.954
2.284
2.136
2.147
2.160
2.169
2.123
2.132
2.122
2.079
1.600
2.197
2.212
2.203
2.207
2.204
2.049
2.035
2.049
2.050
2.319
2.269
2.276
2.280
2.296
2.299
2.422
2.370
2.368
2.300
1.935
2.217
1.951
1.567
2.233
1.718
1.928
2.216
2.299
2.318
2.195
2.310
1.966
2.405
1.572
1.761
2.188
2.419
2.288
1.859
1.723
2.276
1.956
2.057
1.863
1.820
2.101
2.292
1.972
1.854
2.236
1.388
2.228
2.121
2.251
1.943
2.283
1.972
2.403
2.146
1.864
2.293
2.362
2.302
1.886
2.126
1.971
2.161
2.149
2.269
1.877
2.144
2.135
2.419
2.219
1.885
2.269
2.285
1.974
2.224
2.308
2.213
2.311
2.369
2.376
2.368
2.273
2.277
2.275
1.842
1.955
2.102
1.762
2.227
2.189
2.313
2.075
2.258
2.220
2.129
2.143
2.410
2.028
2.060
2.206
2.031
2.298
2.316
2.254
2.368
1.400
2.399
1.613
2.046
2.252
2.039
2.287
1.873
2.250
1.633
1.960
2.191
1.685
1.713
1.565
2.177
2.198
2.240
1.785
2.123
2.255
1.862
2.265
2.087
1.934
2.089
2.306
2.221
2.248
2.317
2.324
1.900
1.948
2.118
2.012
1.762
2.076
1.969
2.180
1.998
1.712
1.908
1.689
2.050
2.225
1.589
2.159
2.284
2.015
1.997
2.195
1.785
1.569
2.058
2.288
2.284
1.807
1.926
1.834
2.100
2.278
2.167
1.938
2.048
1.997
1.776
1.587
2.087
1.953
2.419
2.210
2.221
2.152
2.244
2.245
2.021
2.249
2.171
2.290
2.073
2.262
1.806
2.071
1.804
2.032
2.191
2.192
2.253
2.271
2.065
2.021
2.178
1.961
2.016
2.387
2.350
2.218
2.148
2.400
2.391
2.299
2.075
2.370
2.285
1.948
2.063
2.246
1.603
2.088
2.240
2.248
2.366
2.180
2.045
2.009
2.281
2.268
1.999
2.230
2.145
1.797
1.988
2.236
2.358
2.089
2.313
2.142
2.149
2.137
1.898
2.026
2.082
1.968
2.198
2.305
1.936
2.385
1.557
2.247
2.028
2.203
2.272
2.035
2.122
2.214
1.444
2.009
2.186
2.301
2.375
2.018
2.060
1.951
2.204
2.133
1.946
2.003
1.948
2.359
2.407
2.016
1.934
1.623
2.195
1.929
1.868
2.295
2.308
2.115
2.098
2.303
2.309
1.661
2.185
1.989
2.002
2.298
2.109
2.329
2.411
2.375
2.403
2.114
1.690
2.208
2.096
2.008
1.811
1.997
2.231
2.275
2.142
2.195
1.997
2.107
1.964
1.950
1.904
1.979
1.938
2.113
2.289
2.322
1.915
2.113
2.041
1.913
2.151
2.149
2.132
2.146
2.262
1.852
1.992
1.991
1.993
2.016
2.262
2.218
2.127
2.111
1.986
1.577
2.087
1.833
2.353
2.007
2.297
2.293
2.252
1.631
1.865
2.028
2.240
2.053
2.236
1.953
2.135
2.143
1.801
1.990
1.967
2.239
2.355
2.107
2.128
2.414
2.112
2.150
2.284
2.053
1.972
2.198
1.772
1.998
2.112
1.965
2.276
2.195
2.097
2.204
2.236
2.189
1.975
1.934
1.738
2.042
2.379
1.748
2.002
1.813
2.295
2.202
2.049
1.954
2.108
2.100
2.113
2.116
1.704
1.808
2.277
2.159
1.859
2.250
2.158
1.933
2.308
2.224
2.191
1.966
2.037
2.022
2.185
2.266
2.294
2.294
1.835
2.315
1.931
1.764
2.300
2.326
1.895
1.770
2.015
2.215
2.096
2.240
2.205
2.085
2.133
2.183
2.126
2.008
1.953
1.825
1.620
2.042
2.155
2.038
2.110
2.162
2.094
2.101
2.167
2.248
1.837
1.780
1.585
1.874
2.223
2.090
2.147
2.374
2.252
2.378
2.381
1.977
2.289
2.300
2.292
2.295
2.295
2.243
2.301
2.306
2.063
2.119
1.969
2.383
2.026
2.117
2.333
1.937
1.744
2.336
2.286
1.982
1.924
2.004
1.852
2.114
2.326
1.890
2.264
1.784
2.289
2.188
2.277
2.317
2.294
2.159
2.330
2.428
2.445
2.436
2.374
2.248
2.448
1.988
2.138
2.121
2.133
1.990
1.995
2.280
2.019
2.127
2.178
2.317
2.309
2.317
2.140
2.164
2.102
1.624
2.300
1.935
2.344
2.341
1.929
2.110
2.123
2.099
1.708
1.756
2.216
2.331
2.294
2.139
2.151
2.237
2.005
1.838
1.998
2.280
2.154
2.275
2.254
1.594
2.233
2.162
2.109
1.911
2.033
1.946
2.040
2.164
1.590
1.627
2.152
2.210
2.236
2.088
2.271
2.242
2.204
2.039
2.371
2.336
2.153
2.205
2.001
1.622
2.001
2.043
2.123
2.178
2.268
2.249
1.834
1.634
2.127
1.618
2.146
2.046
1.793
2.237
1.746
1.625
2.342
2.243
2.099
2.266
1.859
1.717
2.090
1.804
1.999
1.602
1.766
2.107
2.009
2.392
1.887
2.158
1.991
1.922
2.085
2.004
2.344
2.129
1.978
2.153
2.198
2.288
2.247
2.210
2.082
2.371
2.454
2.188
2.077
2.239
2.194
2.205
2.100
2.154
2.301
1.954
2.112
2.032
1.970
1.451
2.043
2.015
2.113
2.118
2.094
2.058
2.380
2.049
2.072
2.092
1.820
1.805
2.051
2.345
1.943
2.211
2.119
2.180
2.333
2.269
2.135
2.162
2.279
2.294
1.504
2.269
1.882
2.099
1.792
2.309
2.159
1.675
2.049
1.787
2.167
1.666
2.367
1.841
1.999
2.114
2.421
1.900
2.387
2.192
2.251
2.155
1.763
2.341
2.282
2.329
2.282
1.903
2.289
2.105
1.730
2.004
1.814
1.953
2.196
2.038
1.729
2.198
1.640
2.104
2.234
2.281
1.796
1.485
2.243
2.153
2.015
2.127
2.047
1.782
1.995
1.822
2.091
2.243
1.876
2.278
1.717
2.207
2.261
2.092
1.592
2.217
2.322
2.178
2.114
1.888
2.184
1.419
1.639
1.781
1.423
2.352
2.119
2.355
1.618
2.312
2.007
2.230
2.162
2.215
2.278
2.155
2.360
2.020
2.322
2.196
1.892
2.348
2.145
2.076
2.239
1.884
2.118
2.209
1.869
1.904
2.195
2.287
2.337
1.850
2.398
2.279
2.316
2.059
2.352
2.243
2.122
2.204
1.670
2.234
2.157
2.315
2.237
1.922
2.145
2.000
2.323
2.241
2.306
1.726
2.050
2.246
2.211
2.291
1.979
2.174
1.947
2.185
1.993
2.064
2.321
2.316
2.005
1.960
2.308
1.784
2.186
2.021
1.939
1.893
2.177
2.010
2.208
2.157
1.622
1.980
2.327
2.299
2.131
2.019
2.241
2.154
1.601
1.796
2.209
1.848
2.099
2.246
2.133
2.281
2.163
2.318
1.888
2.341
2.240
2.096
2.150
2.009
2.154
2.109
2.007
1.961
2.255
2.257
1.949
2.200
1.992
2.073
2.347
2.318
2.283
2.307
1.954
1.889
2.066
2.375
2.166
2.299
2.053
1.842
2.247
1.478
2.012
2.013
2.395
2.343
2.305
2.025
1.901
2.398
2.167
2.054
1.981
1.942
1.979
2.245
1.866
2.019
2.234
2.121
2.219
1.854
2.200
2.039
1.640
2.292
2.062
2.266
1.880
2.121
2.139
2.156
1.587
2.151
2.186
2.230
2.251
2.235
2.149
2.133
2.314
2.021
2.085
2.130
2.165
1.791
2.140
1.940
2.207
2.239
2.159
1.769
2.334
2.107
2.117
2.230
2.113
1.665
1.738
2.009
2.278
1.998
1.845
2.005
2.311
2.037
2.030
2.042
1.901
1.853
1.568
1.633
2.368
2.420
2.002
2.166
1.963
2.221
2.259
2.125
1.626
2.119
2.009
2.351
2.338
2.089
2.264
1.931
2.343
2.211
2.219
2.089
2.182
2.350
2.017
2.005
1.464
1.986
1.945
1.981
2.037
1.463
2.080
1.912
1.997
2.301
2.334
2.364
1.845
1.740
2.281
2.011
2.340
1.752
1.997
1.913
1.730
2.166
2.204
2.097
1.710
1.640
1.714
1.988
2.367
2.194
1.973
2.024
1.999
1.818
2.306
2.119
2.223
1.822
2.104
2.318
1.999
1.714
2.127
1.817
1.925
2.038
1.997
2.317
2.096
2.161
2.183
1.862
1.652
2.416
1.835
2.210
2.295
2.253
1.975
1.852
2.253
2.021
2.028
1.752
2.023
2.322
1.735
2.111
2.062
2.149
2.153
1.448
2.010
2.094
2.344
2.340
2.002
2.295
1.602
2.245
2.263
2.019
2.212
1.974
2.107
2.171
2.108
2.142
2.070
2.454
2.051
2.174
2.330
2.107
1.906
2.005
2.224
1.822
1.961
1.921
2.258
2.026
2.382
1.987
2.167
2.029
2.041
1.917
2.205
2.365
1.907
2.416
2.173
1.825
1.946
2.054
1.984
2.093
2.176
1.467
1.813
1.948
2.089
2.293
1.906
1.689
2.027
2.203
1.829
2.018
2.125
1.619
1.947
2.226
2.369
2.402
2.238
2.258
1.401
2.310
2.395
1.847
2.208
2.286
2.157
2.096
2.000
2.141
2.114
1.941
2.088
1.441
1.600
1.806
2.264
2.279
2.278
2.130
2.411
2.418
2.374
2.044
2.027
2.240
1.957
2.259
2.202
2.368
2.146
1.792
2.140
2.271
2.312
1.933
1.609
1.986
2.068
2.201
2.170
1.406
2.361
2.110
2.000
2.164
2.114
1.920
1.920
1.909
1.928
1.428
2.337
2.278
2.291
2.283
2.310
2.080
1.776
2.293
1.556
2.395
2.387
2.075
2.137
2.099
2.023
2.097
1.704
2.132
2.314
2.097
2.163
2.241
1.873
2.233
2.030
2.049
2.245
2.046
2.024
2.186
2.232
2.328
2.310
1.631
1.622
2.220
2.113
1.900
1.951
2.154
1.779
1.952
2.289
1.919
1.966
1.947
1.740
1.868
2.393
2.029
1.714
2.116
1.899
2.100
1.877
2.346
2.343
2.198
2.333
2.312
2.381
1.976
2.148
2.299
2.306
1.561
1.980
2.307
2.309
2.072
2.106
2.382
2.113
2.062
1.708
1.884
2.056
1.819
2.277
1.580
1.593
2.375
2.371
2.148
2.294
2.175
2.143
2.166
2.178
2.298
2.282
1.692
1.594
1.916
2.385
2.143
2.061
2.188
2.426
2.089
2.007
2.245
2.233
2.197
2.191
1.829
2.204
2.447
2.289
2.168
2.170
1.853
2.185
2.049
2.052
2.240
2.185
1.928
2.149
2.005
1.971
2.069
2.302
1.813
1.374
2.007
2.127
2.153
2.154
2.180
2.042
1.767
2.012
1.663
2.218
1.954
2.351
2.043
2.000
2.151
1.881
2.291
2.369
2.076
2.202
2.119
2.054
2.026
1.751
2.227
2.395
1.703
2.197
1.712
2.372
2.330
2.189
2.122
2.155
1.798
1.487
1.704
1.987
2.351
2.121
2.271
2.201
2.272
2.181
2.287
2.154
2.134
2.378
2.223
2.042
2.312
1.637
1.684
2.089
2.288
2.338
1.464
1.794
1.622
1.918
2.149
2.324
2.153
1.988
2.216
1.597
2.160
2.209
1.725
2.279
1.868
1.874
2.135
2.382
2.063
2.379
2.203
1.768
1.594
2.050
2.157
1.677
2.411
2.160
2.307
2.087
1.959
2.340
2.048
1.943
1.850
2.251
2.223
2.057
2.202
2.131
1.969
2.154
1.886
2.145
1.928
2.184
2.015
1.972
2.103
2.330
2.202
2.018
2.197
2.293
1.894
2.293
2.057
1.929
2.073
2.029
2.064
2.246
2.211
2.167
1.716
2.318
1.871
2.021
2.381
2.363
2.153
2.195
1.585
2.166
2.095
1.960
1.825
2.070
2.044
1.959
2.292
2.276
1.688
2.289
2.361
1.840
2.339
1.973
2.201
2.214
1.580
1.667
2.164
2.189
1.724
2.163
2.186
2.267
1.996
2.284
2.124
2.272
2.202
2.082
2.149
2.243
1.800
2.180
2.242
2.282
2.052
2.259
2.021
1.993
1.896
1.865
2.148
1.646
2.067
2.370
1.745
2.225
1.355
2.145
2.146
2.128
1.975
1.772
2.123
2.215
1.606
1.974
2.185
2.172
1.878
2.203
2.184
2.185
2.198
2.276
2.237
2.230
1.413
2.287
1.597
2.294
2.320
2.085
2.250
2.277
2.204
2.118
2.108
1.778
2.221
2.132
1.985
2.206
1.595
2.269
1.594
2.082
2.298
2.134
2.259
1.923
2.245
2.433
2.270
2.166
1.956
2.261
2.123
2.345
2.317
2.352
2.135
2.128
2.166
2.314
2.030
2.167
1.442
2.144
1.606
1.817
2.187
2.297
2.319
1.998
1.976
2.313
1.601
2.039
2.157
2.309
1.880
2.254
2.292
2.310
1.571
1.853
2.053
2.274
1.728
1.533
2.212
1.695
2.168
1.728
1.966
2.223
2.035
2.385
2.229
1.842
2.189
2.063
2.369
1.765
2.050
2.088
2.057
1.592
1.959
2.039
2.249
1.820
2.314
2.137
2.004
2.072
1.832
1.928
2.122
2.318
1.956
2.205
2.186
2.168
1.954
2.120
2.072
2.349
2.211
2.340
2.014
2.159
2.293
2.211
2.278
2.278
2.049
1.923
2.114
2.092
2.316
2.148
2.141
2.336
2.002
2.185
1.536
2.332
1.866
1.977
1.835
1.629
1.903
1.951
2.221
2.336
2.183
1.774
2.171
2.335
2.143
2.059
2.048
2.135
1.622
1.977
2.138
2.161
1.952
2.301
2.041
2.142
2.004
1.681
2.226
2.170
2.243
1.899
1.604
2.206
1.915
1.900
2.242
2.075
1.809
2.255
2.327
1.609
2.140
2.157
1.948
1.937
2.237
2.302
2.301
1.984
2.335
2.124
2.283
2.038
2.097
1.965
1.753
2.303
1.833
2.006
2.226
2.093
2.275
2.313
2.153
2.277
1.583
2.179
2.049
2.173
1.743
2.174
2.285
2.141
1.915
2.184
2.168
2.187
1.756
2.297
1.814
2.320
2.163
1.851
2.283
2.337
1.979
2.198
2.337
1.614
1.916
2.180
2.188
1.955
2.101
2.337
2.109
2.264
2.264
2.142
2.325
2.220
2.170
2.041
2.237
2.102
2.260
2.060
2.253
1.860
2.134
1.840
1.610
1.997
2.371
1.973
1.731
2.167
2.303
2.253
1.941
1.889
2.306
2.320
1.850
1.828
2.102
2.031
2.301
2.174
2.068
2.110
2.296
2.242
2.115
1.938
1.621
1.752
2.015
2.286
1.886
2.009
2.060
1.690
2.258
2.326
2.035
2.310
1.966
1.888
2.311
2.255
2.006
1.985
2.061
2.252
1.462
2.005
2.131
2.315
1.960
2.199
2.139
1.969
2.140
2.159
2.304
1.564
2.039
2.081
2.110
1.695
2.239
1.550
2.180
2.135
2.055
2.316
1.931
2.221
2.215
2.222
2.011
1.767
2.099
1.641
2.126
1.886
2.068
1.599
2.169
2.141
2.185
2.261
2.080
1.878
1.942
1.889
2.000
2.054
2.142
2.187
2.283
2.030
2.178
2.386
1.704
2.015
2.142
2.013
1.862
2.040
1.649
1.651
2.301
1.979
1.991
2.187
1.601
1.966
2.203
1.898
2.042
2.090
2.202
2.170
1.913
2.045
2.344
2.195
1.798
1.754
2.036
2.182
2.182
1.575
2.154
2.324
2.149
2.363
2.247
2.230
2.350
2.033
2.115
2.190
2.206
2.177
1.974
2.103
2.156
2.226
2.009
1.695
2.082
2.131
2.171
1.823
1.997
2.203
1.934
1.615
2.058
2.358
1.630
2.149
2.282
1.898
1.905
1.916
1.916
2.255
2.202
1.832
2.025
2.302
2.064
2.155
2.345
2.103
2.080
2.087
1.618
1.426
2.236
2.235
1.927
2.129
2.236
2.307
2.082
2.112
2.187
2.114
1.704
2.161
2.137
2.030
2.396
2.130
2.275
1.905
1.950
2.224
1.987
2.148
2.220
2.240
2.210
2.039
2.179
2.382
2.256
2.289
1.920
2.282
1.938
2.290
2.039
2.026
2.027
1.871
1.706
1.826
1.811
2.257
2.202
2.358
1.628
1.715
1.950
2.321
2.318
2.317
2.061
2.368
2.394
2.183
2.348
2.342
2.282
2.281
1.712
2.037
2.039
2.209
2.221
2.203
2.200
2.263
2.301
2.289
2.278
2.252
2.422
2.199
2.249
2.295
