2.141
2.253
2.134
2.134
2.037
2.280
2.227
2.224
1.955
2.085
2.286
2.266
2.354
2.364
1.797
2.119
2.132
2.294
1.561
2.123
2.245
2.000
1.876
2.095
1.936
1.982
2.063
1.893
2.351
2.186
2.402
2.134
2.004
2.205
1.989
1.370
2.032
2.259
2.217
2.376
2.098
1.962
2.168
2.218
1.748
2.339
1.956
2.153
2.031
1.912
2.083
2.097
2.023
1.917
1.899
2.126
2.322
2.101
2.112
2.325
1.899
2.174
1.862
2.261
2.121
1.778
2.246
1.907
2.009
2.176
2.276
2.125
2.146
2.272
1.952
2.225
2.202
2.240
2.218
2.113
2.168
2.378
2.359
1.889
2.068
1.950
2.251
2.042
2.325
1.838
2.269
2.194
1.960
1.906
1.967
2.324
2.089
2.121
2.007
2.156
2.057
1.751
1.852
2.159
1.910
2.314
2.320
2.164
1.658
2.173
2.310
2.363
2.249
2.076
2.155
2.130
2.265
2.292
2.110
1.652
2.271
1.446
2.041
2.267
2.236
2.025
1.905
1.463
2.294
2.278
1.468
1.876
2.325
1.773
2.298
2.307
2.048
2.072
2.240
2.145
2.254
2.147
2.137
1.946
2.265
1.897
2.272
1.915
1.594
2.102
2.005
1.897
1.854
2.234
2.165
2.109
2.171
2.204
2.195
2.304
2.290
2.154
2.129
1.916
1.973
2.057
2.334
2.111
2.075
1.749
2.132
2.255
2.196
2.076
2.300
1.933
2.242
2.195
2.185
2.324
2.198
1.633
2.213
1.995
2.275
2.072
2.255
1.821
2.163
2.188
1.343
2.063
2.201
2.059
2.274
2.228
2.157
1.999
2.150
2.239
2.235
1.935
2.271
2.298
2.216
2.210
2.072
1.905
1.733
2.312
2.099
2.242
2.173
2.256
1.911
2.027
2.265
2.219
1.681
1.889
2.264
1.872
2.187
2.205
2.247
2.013
2.245
2.043
2.174
2.112
2.223
2.121
1.975
2.188
1.890
1.961
2.200
2.288
2.055
2.275
2.080
2.278
2.204
2.182
2.193
2.287
2.211
1.710
2.247
2.106
1.953
2.251
1.887
1.749
1.814
2.058
2.145
2.377
1.878
2.168
2.014
2.307
2.210
2.148
2.194
2.211
1.880
1.794
2.262
2.163
2.144
2.250
1.888
2.224
1.970
2.303
2.064
1.845
2.263
2.253
2.237
1.934
2.042
2.213
2.155
2.068
2.019
1.974
2.170
2.093
2.039
2.079
2.288
1.707
2.136
2.190
1.926
2.201
2.312
2.003
2.197
2.234
2.310
2.269
2.173
2.221
2.299
2.254
2.314
2.221
2.094
2.057
1.897
2.211
2.385
2.315
1.934
2.126
1.880
2.020
2.288
2.129
1.918
2.241
2.042
1.972
2.198
2.184
2.070
2.274
2.147
2.166
2.156
2.142
2.256
2.137
1.712
2.185
2.295
2.259
1.871
1.947
2.230
2.106
2.256
2.101
2.200
2.089
1.897
2.097
2.209
2.215
2.119
1.848
2.361
1.895
1.888
2.200
1.934
2.221
1.922
2.154
2.116
1.877
1.685
2.071
2.277
2.301
1.886
2.110
2.055
2.225
2.266
2.263
2.011
2.218
2.152
1.802
2.012
2.148
2.299
2.304
2.257
1.931
2.206
1.986
2.093
2.059
2.237
1.762
1.849
2.264
2.223
2.085
1.769
2.336
2.349
2.126
2.179
2.256
2.032
2.281
2.199
2.118
2.169
2.031
2.222
2.298
1.898
1.676
2.210
1.960
2.202
2.190
1.992
2.035
2.182
2.268
2.210
2.307
2.066
2.233
2.263
2.084
2.273
2.308
2.203
2.326
2.243
2.102
2.249
2.020
1.931
2.110
1.879
2.049
1.915
1.866
2.196
2.223
1.877
2.120
2.179
2.134
2.224
2.223
2.176
2.018
1.905
1.907
2.377
2.231
1.793
2.246
2.297
2.147
2.160
1.996
1.959
2.133
2.206
2.338
2.315
2.197
2.113
2.375
2.235
2.200
2.306
2.151
1.974
2.215
2.309
2.269
1.755
2.184
2.110
2.214
1.482
2.093
1.779
1.829
1.630
2.203
2.107
1.949
2.086
2.029
2.037
1.884
2.047
2.048
2.086
1.922
2.280
2.261
1.884
1.646
1.863
2.310
2.057
2.200
2.186
2.174
2.080
2.126
2.208
2.275
2.374
2.123
2.239
2.364
2.327
1.969
2.327
2.169
2.018
2.199
2.260
2.118
2.293
2.140
1.630
2.168
2.254
2.312
2.241
2.116
2.217
2.191
2.276
2.062
2.220
2.022
2.056
2.352
1.639
2.025
2.071
2.239
2.158
2.180
2.387
2.145
2.251
2.040
2.279
2.390
2.345
2.229
2.241
2.257
2.218
2.363
1.966
1.928
2.210
2.397
2.320
2.407
1.748
1.816
2.288
1.795
2.073
2.230
2.190
2.274
2.363
2.090
2.230
2.289
1.976
2.359
2.125
2.168
2.295
1.832
2.216
2.006
2.147
1.955
1.886
2.203
2.238
2.258
2.244
2.168
2.061
2.284
2.303
2.142
1.970
2.151
2.222
2.156
2.017
2.054
2.234
2.253
2.106
2.051
2.010
1.712
2.270
2.316
2.174
2.135
2.306
2.030
2.346
2.161
2.205
1.591
2.376
2.378
1.998
1.903
1.951
1.952
2.293
2.204
1.995
2.411
2.171
2.133
2.279
2.376
2.360
2.337
2.158
2.298
2.209
2.242
2.237
2.181
2.174
1.944
2.302
1.599
2.151
2.083
1.989
2.251
2.289
2.139
1.884
2.128
2.229
2.151
1.629
2.109
2.285
2.233
2.188
2.046
2.301
2.236
2.311
2.321
2.287
2.088
2.213
1.675
1.775
2.194
2.283
2.194
2.117
2.028
1.904
2.238
2.419
1.529
2.009
2.242
2.084
1.590
2.168
2.395
2.202
2.296
2.300
2.065
1.769
2.311
2.276
2.264
2.209
2.343
1.889
2.204
2.347
1.988
2.225
2.078
2.069
1.947
2.149
2.281
1.790
2.039
2.255
2.290
2.362
2.149
1.877
2.219
2.287
2.328
2.219
2.322
2.250
1.528
2.123
2.211
2.109
2.301
2.387
2.107
2.333
2.239
2.341
2.194
1.963
1.789
2.118
2.025
1.905
2.304
2.258
2.143
2.135
2.197
2.094
2.370
1.986
1.997
2.023
2.158
2.216
2.313
2.266
2.102
1.910
1.643
2.240
1.584
2.013
2.184
2.271
2.349
2.213
1.610
2.167
2.100
2.035
2.079
2.298
2.272
2.103
2.124
2.268
2.128
1.982
1.919
2.269
2.139
1.592
2.290
1.889
2.198
2.136
2.041
2.399
2.061
2.103
2.400
2.122
2.430
2.202
2.275
1.855
2.384
2.393
2.139
2.062
2.322
2.274
2.271
1.617
2.146
2.285
2.281
2.022
2.043
2.193
2.123
2.130
2.229
1.744
2.019
1.930
2.375
2.276
2.343
2.380
2.121
2.303
2.313
1.610
1.816
1.934
2.246
2.258
2.240
1.838
2.174
1.926
1.870
1.651
2.030
2.398
2.266
2.425
2.319
1.997
1.872
1.846
2.112
2.315
2.222
2.082
2.261
1.778
2.411
2.320
2.264
2.244
1.982
2.240
2.111
2.094
1.969
2.112
2.191
2.108
2.126
2.307
1.986
1.686
2.393
2.179
2.304
2.355
2.391
2.343
1.997
2.189
2.003
1.884
2.184
2.095
1.764
1.595
1.958
2.119
1.685
2.296
1.431
2.106
2.115
1.985
1.644
1.939
2.291
2.321
1.981
2.140
2.134
1.807
1.907
2.312
1.598
2.153
2.156
2.128
1.953
2.280
1.846
2.328
2.005
1.734
2.279
2.306
2.156
1.938
2.141
2.255
2.271
2.290
2.233
2.056
2.179
1.939
2.103
2.108
2.099
1.652
2.148
1.796
2.077
2.028
1.907
2.281
2.088
2.004
2.086
2.165
2.190
2.251
1.948
2.059
1.612
2.084
2.049
1.813
2.115
2.250
2.269
2.181
2.159
2.182
2.173
2.333
2.389
1.927
2.121
2.412
2.122
1.946
2.357
2.069
2.194
2.148
2.353
2.256
2.196
2.171
1.855
2.279
2.262
2.134
2.169
2.033
2.148
2.265
2.239
1.972
2.087
2.252
2.361
2.032
2.064
1.716
1.804
2.373
1.907
2.129
1.973
2.388
2.078
2.236
2.347
2.162
2.319
1.617
1.973
2.192
2.308
2.115
1.901
2.222
2.193
2.149
2.096
2.185
2.217
2.137
2.144
2.308
2.309
2.337
1.981
1.962
1.625
2.221
2.308
2.289
2.302
2.298
2.311
2.310
2.279
2.263
2.295
2.303
2.092
2.359
2.081
1.965
2.259
2.301
2.241
2.048
2.391
1.932
2.266
1.898
2.190
2.031
2.341
2.239
1.945
2.281
2.312
2.303
1.768
2.143
2.274
1.929
2.194
2.021
2.398
1.746
2.072
2.077
1.997
1.959
1.574
2.240
1.853
1.847
2.165
2.010
1.967
2.013
2.297
2.090
2.316
2.204
2.200
2.021
2.078
1.554
1.936
2.158
1.932
2.389
1.963
2.192
1.979
1.947
2.168
1.666
1.869
1.475
2.097
2.206
2.027
1.770
1.822
1.694
2.431
2.198
2.028
1.954
2.372
2.205
2.126
2.213
2.143
2.100
1.840
2.105
2.160
2.296
1.960
2.377
1.870
2.156
2.188
2.120
2.223
2.168
1.672
2.203
2.171
2.168
1.963
2.267
2.367
2.357
2.358
2.131
1.777
2.357
2.205
2.368
2.228
2.221
1.821
2.076
2.267
2.024
2.269
1.902
1.792
2.261
1.913
2.042
1.856
2.147
2.017
2.169
2.346
2.359
1.666
2.272
2.172
2.226
2.251
2.150
2.149
2.002
2.284
2.166
2.245
2.164
2.235
2.316
1.948
2.150
2.140
2.286
2.225
2.223
2.281
2.294
2.198
1.991
2.019
2.315
2.278
2.156
2.158
1.976
2.012
1.949
2.110
2.001
1.928
2.129
2.258
1.578
1.948
2.001
1.505
2.223
2.236
1.771
2.098
2.022
2.115
2.116
2.335
2.186
2.172
1.616
2.277
1.889
1.688
2.073
1.845
2.214
2.330
1.794
2.199
1.746
2.171
2.025
2.182
2.044
2.196
2.152
2.235
1.967
2.307
2.032
2.309
2.273
2.203
1.621
1.780
2.134
2.439
2.451
1.990
1.798
2.232
1.693
1.971
2.290
2.318
2.237
2.286
1.982
2.048
2.058
1.961
2.082
2.302
2.253
2.189
2.314
1.980
2.244
2.208
1.932
1.862
1.593
2.151
1.995
2.128
2.305
2.276
1.936
1.620
2.033
2.318
2.298
1.678
2.107
2.066
1.729
2.110
1.778
1.842
2.293
2.225
1.777
2.016
2.134
2.047
2.225
2.226
1.965
1.998
1.982
1.608
2.074
2.090
2.240
2.298
2.336
2.237
1.599
1.859
2.053
2.335
2.332
1.911
2.289
1.676
2.215
2.130
2.147
2.018
2.145
2.100
2.194
1.940
2.184
2.135
1.650
1.596
2.193
2.454
2.054
2.425
2.138
2.200
2.005
2.020
1.926
1.687
2.106
2.184
1.902
2.047
2.120
2.275
2.144
2.211
2.067
2.143
1.599
1.622
2.240
1.938
2.001
2.129
2.403
1.890
2.263
2.423
1.773
2.266
2.360
2.224
1.902
1.875
2.141
2.055
1.868
2.203
2.325
2.401
2.114
1.933
2.337
2.083
2.402
2.165
2.141
2.241
2.156
2.220
1.778
2.178
1.845
2.050
2.062
2.112
2.108
2.115
2.311
2.129
2.041
1.695
2.215
2.318
2.236
1.900
2.163
2.214
2.173
2.114
2.128
1.617
1.601
1.838
2.369
2.252
2.288
2.161
2.232
2.135
2.005
2.293
1.863
2.181
2.039
2.222
2.154
1.880
2.275
2.249
2.282
2.237
1.964
2.133
2.026
2.295
2.030
2.137
1.650
2.148
2.105
2.009
2.074
2.144
2.144
2.258
1.989
2.035
1.881
1.986
2.212
2.216
1.810
2.132
2.060
2.236
2.240
2.245
2.248
2.257
2.255
2.254
2.241
2.229
2.220
2.224
2.230
2.285
2.245
2.250
2.230
2.280
1.538
2.092
2.190
2.213
2.355
2.225
2.076
2.179
2.153
2.177
2.080
1.612
2.284
1.995
2.319
1.902
1.957
2.165
1.912
1.760
1.968
1.992
2.037
2.008
2.115
2.297
1.829
1.897
2.261
2.247
1.465
2.134
2.141
1.919
2.194
2.181
1.931
2.390
1.954
1.988
2.036
2.382
1.846
1.926
2.000
1.448
2.118
2.237
1.884
2.202
2.115
2.406
2.157
2.250
1.915
2.371
2.248
2.088
2.202
1.412
1.888
2.145
2.369
2.005
2.210
2.137
2.259
2.184
2.023
2.231
1.698
2.306
1.518
2.126
2.151
2.015
2.213
2.209
2.211
2.101
2.356
2.307
2.184
2.303
2.194
2.017
2.188
2.191
2.184
2.252
2.200
1.731
2.285
2.031
2.044
1.695
1.866
2.262
2.199
2.222
2.098
2.054
1.984
2.154
1.965
2.293
2.400
2.242
2.010
2.283
2.294
2.301
2.112
2.034
1.993
1.936
2.043
2.038
2.114
2.397
1.854
1.407
2.315
2.301
2.295
2.278
2.013
2.394
2.309
1.991
1.965
1.967
2.248
2.301
1.898
1.905
1.671
2.296
2.056
1.954
1.944
2.349
2.297
2.101
2.021
2.113
2.205
2.227
2.213
2.264
1.935
2.264
2.055
1.847
2.067
2.287
2.258
2.326
2.272
1.777
2.159
2.344
1.946
2.280
2.274
1.872
2.194
2.165
2.326
2.277
2.318
1.593
2.256
2.245
2.007
2.278
2.288
2.292
2.088
2.353
2.289
2.291
1.798
1.939
2.166
2.015
1.855
1.763
2.210
1.846
1.964
2.267
1.963
2.144
2.389
2.201
2.144
1.614
1.988
2.017
1.535
2.155
2.146
2.001
1.995
1.734
2.311
2.388
2.049
1.848
2.051
2.074
1.403
2.288
2.105
2.168
2.238
2.201
2.213
2.158
2.150
2.157
2.151
2.140
2.189
2.309
2.377
2.085
2.104
2.128
2.050
2.277
2.076
2.366
2.289
2.069
2.264
2.173
1.802
1.991
2.036
2.236
2.162
2.125
2.022
1.727
1.968
2.154
2.255
1.984
1.767
2.235
2.190
2.020
2.329
2.198
2.293
2.168
2.302
2.072
2.016
2.133
2.054
2.177
2.094
1.661
2.312
2.052
2.330
2.020
2.002
2.207
2.009
1.987
2.237
2.317
1.954
2.017
2.274
1.814
2.166
2.405
1.637
2.262
2.161
2.086
2.156
2.276
2.413
2.384
2.310
1.816
2.214
1.702
1.687
2.417
2.232
2.264
2.274
2.242
2.286
2.222
1.783
2.065
1.955
2.266
1.986
1.947
2.259
2.164
2.263
2.311
2.135
2.215
1.918
1.892
1.960
2.136
1.784
2.004
2.311
2.252
2.288
2.268
2.241
2.272
2.274
2.265
2.170
2.368
2.041
2.007
2.072
2.163
2.356
2.160
1.990
2.234
2.293
2.254
2.124
2.362
1.999
2.219
1.878
2.228
1.925
1.319
2.384
2.249
2.367
2.217
1.943
1.853
2.207
2.198
2.385
2.325
1.686
1.952
1.794
2.059
1.600
1.977
1.919
2.257
2.206
2.182
1.892
1.827
1.753
1.595
2.250
2.333
2.086
2.052
2.359
2.080
2.075
2.316
2.376
2.312
2.307
2.370
2.422
2.415
2.399
2.338
2.339
2.349
1.464
2.315
2.126
1.576
2.436
2.318
2.131
2.308
2.221
2.196
2.250
1.618
1.614
2.340
