2.230
1.651
2.380
2.128
1.830
1.965
2.103
2.201
2.143
2.097
1.971
2.128
1.467
1.962
2.232
2.380
2.026
2.202
2.285
2.221
2.124
2.217
2.173
2.171
2.198
2.142
2.125
2.263
2.108
2.196
2.299
2.120
2.319
1.628
2.278
1.960
2.074
2.166
2.224
2.085
2.276
1.954
2.216
1.860
2.150
1.792
1.697
2.121
2.137
2.146
2.104
2.088
2.227
2.271
1.978
2.315
2.248
2.294
1.612
2.258
2.029
2.076
1.845
1.948
1.790
2.212
2.233
2.329
2.061
1.933
2.242
1.921
2.300
2.243
2.322
2.429
2.267
2.029
2.249
2.367
2.139
2.231
1.940
2.091
1.952
2.265
2.244
1.905
1.683
2.129
2.208
2.165
2.262
2.039
1.429
1.814
1.681
2.240
2.185
2.195
2.150
2.209
2.099
2.180
2.239
1.830
2.238
2.254
2.323
2.147
2.098
2.184
2.385
2.400
2.316
2.316
2.134
2.243
1.803
2.134
2.144
2.212
2.062
1.793
2.331
2.284
2.287
2.342
2.149
1.477
2.285
2.414
2.159
2.140
1.804
2.200
2.252
1.855
2.075
2.237
1.787
2.144
1.864
1.644
2.232
1.347
2.028
2.233
2.317
1.979
1.871
2.074
1.973
2.151
2.103
2.204
2.289
1.494
2.127
2.187
2.255
2.292
2.146
2.235
2.252
2.030
1.490
2.109
1.920
1.918
1.485
2.245
2.158
1.760
2.040
1.925
2.334
2.167
2.071
2.093
2.004
2.382
1.971
2.274
2.098
2.063
2.199
2.306
1.712
2.002
1.991
2.269
2.133
1.942
2.364
2.209
1.807
1.987
2.154
1.954
1.655
1.961
2.104
2.343
2.157
1.991
2.321
2.202
2.086
2.095
2.054
1.830
1.761
1.975
2.381
1.581
2.350
2.164
1.975
2.257
1.929
2.300
2.099
2.106
1.953
2.407
1.967
2.219
1.624
2.140
2.355
2.360
2.167
2.312
2.362
2.307
2.169
2.125
2.421
2.282
2.419
2.283
2.411
2.250
2.361
2.338
2.275
2.024
2.017
2.285
2.115
2.130
2.311
2.214
2.175
1.989
1.979
2.137
2.369
2.259
1.955
2.199
2.271
2.198
2.118
2.119
1.990
2.074
2.344
2.216
2.005
1.988
2.364
2.391
2.323
2.383
2.373
2.259
1.882
2.312
2.144
2.304
2.017
2.011
2.249
1.813
2.031
2.418
2.388
2.337
1.591
2.311
1.877
2.257
2.143
1.987
2.316
2.399
2.392
2.371
2.423
2.212
2.256
1.666
2.101
2.033
2.003
2.030
2.167
1.915
1.987
2.202
1.893
2.329
1.616
2.137
1.579
2.002
1.830
2.353
2.081
1.824
1.645
2.163
2.224
2.227
2.374
2.200
2.321
1.952
1.944
1.994
2.143
1.941
2.317
2.324
2.324
2.318
2.319
2.321
2.319
2.323
2.316
2.307
2.324
2.315
2.305
1.590
2.378
2.374
2.338
1.596
2.275
2.387
2.345
1.878
2.318
1.600
1.589
1.607
1.584
1.603
1.567
2.368
2.127
2.156
2.160
1.601
1.607
2.269
2.189
2.206
2.268
2.296
2.263
2.144
1.887
2.246
2.226
1.979
2.219
2.226
2.223
2.401
2.288
2.012
2.342
2.300
2.015
2.086
2.207
2.022
1.908
2.199
2.356
2.207
2.118
2.126
1.945
2.034
2.076
2.151
2.148
2.166
2.149
2.002
2.077
2.122
1.966
2.061
1.418
1.896
2.203
1.858
2.390
2.240
2.223
1.758
1.466
2.296
2.154
2.078
2.281
1.968
1.690
2.002
2.110
2.179
1.971
2.135
2.345
2.179
1.979
2.161
2.231
2.289
2.202
1.932
2.003
2.275
1.968
2.196
1.517
2.237
1.982
2.093
2.059
2.395
2.015
2.059
2.117
2.200
2.305
1.681
2.219
1.807
2.137
1.961
1.427
1.645
1.608
1.586
1.677
1.565
1.819
1.811
2.313
2.320
2.284
1.619
2.243
1.847
2.065
1.598
2.019
1.949
1.953
2.303
2.041
1.978
2.087
2.132
2.192
2.211
2.242
2.269
1.862
2.148
2.204
2.308
1.895
2.364
2.383
2.362
2.044
2.230
2.428
2.375
2.126
2.415
1.983
2.049
1.691
2.239
2.131
1.710
2.077
2.194
2.266
2.151
2.234
2.052
2.232
1.838
1.953
1.933
2.029
2.245
2.104
2.193
2.245
2.276
2.020
2.118
2.199
2.193
2.243
2.140
1.979
1.983
2.025
2.030
1.622
1.878
2.197
2.115
1.842
2.116
1.846
1.919
2.277
2.052
2.340
2.109
2.108
2.065
2.210
2.103
2.104
1.959
2.268
2.079
2.274
2.202
2.140
1.616
2.220
2.140
2.304
2.214
2.354
1.825
2.119
2.066
2.322
2.236
2.078
2.112
1.976
1.918
1.978
2.028
2.179
2.135
2.237
2.349
2.284
2.230
1.591
1.940
1.656
2.383
2.137
2.221
2.132
1.884
1.949
2.117
2.108
2.158
1.841
1.714
1.876
1.647
2.157
2.012
2.224
2.019
1.930
2.244
2.248
2.174
2.301
2.117
2.028
2.180
1.943
2.364
2.222
1.791
1.867
2.184
2.168
2.204
2.107
2.059
2.350
2.318
2.237
1.481
2.262
2.087
2.177
2.231
2.131
2.323
2.361
2.281
1.805
2.212
2.100
2.398
1.819
2.218
2.217
2.089
2.381
2.167
2.044
2.251
2.121
2.243
2.084
1.889
2.425
1.660
2.075
1.981
2.070
2.054
2.061
2.216
2.076
2.228
2.282
2.053
2.280
2.259
1.828
2.179
2.203
2.393
2.350
2.254
2.034
1.942
2.274
2.023
2.207
2.177
1.922
2.159
2.260
2.155
2.180
1.972
1.983
1.930
1.915
1.975
2.403
2.238
1.944
2.172
1.630
1.801
2.227
2.212
2.005
2.181
2.392
2.215
2.050
1.944
2.396
2.353
2.200
2.287
1.538
2.229
2.360
2.180
1.933
2.081
2.247
1.774
2.060
1.648
2.201
1.857
2.341
2.180
2.029
2.197
2.365
2.257
1.810
2.029
1.960
2.192
2.121
1.849
1.570
2.047
2.289
2.285
2.029
2.127
2.382
2.168
2.153
2.290
1.943
1.928
2.141
1.694
2.234
2.300
1.987
2.296
2.147
2.055
1.615
1.934
1.792
1.965
2.264
2.206
2.244
2.366
1.976
2.270
2.288
1.731
2.173
1.941
1.920
2.084
2.048
2.195
2.014
2.191
2.105
2.207
2.058
2.180
2.174
2.080
2.225
2.086
2.306
1.786
2.353
2.164
1.889
1.793
2.427
2.282
2.281
1.623
2.130
2.110
2.144
2.246
2.200
2.130
2.112
2.272
1.654
2.136
2.390
2.148
1.897
2.385
2.193
2.262
1.942
2.266
2.056
1.524
2.430
2.451
2.220
2.420
1.742
1.782
1.875
2.249
1.979
1.903
2.180
2.104
2.282
2.188
1.954
2.171
2.291
1.981
1.664
2.192
2.156
2.320
1.910
2.100
1.990
2.331
1.847
1.982
2.141
2.101
2.251
2.259
1.471
2.222
1.755
2.277
1.955
2.020
2.294
2.078
2.176
2.219
2.139
2.134
1.899
2.094
2.047
1.801
1.905
2.112
2.309
2.224
2.431
2.266
2.073
2.259
2.111
2.354
1.946
1.947
2.043
2.150
2.336
2.279
2.275
2.338
2.323
2.327
1.983
1.926
2.266
1.956
1.885
2.126
2.097
2.011
2.293
2.124
1.520
1.594
2.141
2.033
1.991
2.176
1.951
1.508
2.215
2.050
2.376
2.006
1.991
2.221
1.715
2.108
1.911
1.591
1.816
2.353
1.967
2.302
2.367
2.265
1.465
2.088
1.474
2.238
1.923
2.239
2.146
1.758
2.031
2.051
2.099
1.968
2.393
2.157
1.985
2.284
2.103
1.780
2.106
2.095
1.845
2.094
2.326
2.321
2.225
2.224
2.084
2.233
2.308
2.188
2.157
2.166
1.767
2.149
2.191
2.056
2.118
2.049
2.326
2.185
2.197
2.297
1.457
2.258
1.969
2.094
2.285
2.177
2.239
2.293
2.183
1.977
2.079
2.181
2.324
2.236
1.589
2.064
2.126
1.680
2.189
2.047
2.301
2.118
1.949
2.147
2.241
2.055
1.991
2.137
2.037
2.119
2.272
2.004
1.710
2.010
2.105
2.298
2.277
2.311
2.277
2.263
2.146
2.218
1.584
1.772
1.921
2.133
1.817
1.992
2.314
1.965
1.826
1.749
2.199
2.028
1.951
1.853
2.115
2.146
2.132
2.334
2.324
1.954
1.892
2.341
1.916
2.323
2.249
2.102
1.960
2.011
2.157
1.821
2.323
2.358
2.207
2.278
2.310
1.514
2.141
2.120
2.357
2.218
2.326
2.279
1.773
2.257
2.262
2.270
2.313
2.087
1.851
1.685
2.344
2.045
1.891
2.346
2.376
1.686
1.864
1.432
2.188
1.445
2.165
2.013
2.310
1.904
2.266
1.870
1.628
1.953
2.143
2.191
2.399
2.300
1.828
1.758
2.192
2.387
2.353
2.015
2.320
1.792
1.600
2.213
1.843
1.812
2.312
1.757
2.240
2.150
2.206
2.205
1.887
2.275
2.354
2.307
2.304
2.305
2.308
2.283
2.310
2.315
2.328
2.322
2.324
2.333
2.367
2.340
2.326
2.322
2.339
2.316
2.214
1.774
2.065
2.070
2.060
2.140
2.012
1.799
2.192
2.331
2.233
2.276
2.034
1.850
2.189
2.115
2.132
2.173
2.060
1.817
2.212
2.238
2.093
1.948
2.440
2.128
2.113
2.203
2.104
2.072
2.348
1.982
2.266
2.398
1.894
2.051
2.122
2.255
1.952
2.355
2.311
1.700
2.338
2.242
2.188
2.160
1.719
2.088
2.145
2.057
2.212
2.017
1.936
2.024
2.152
1.455
2.088
2.272
2.323
2.345
2.279
2.015
1.922
2.191
2.301
2.321
1.758
1.834
1.997
1.874
2.217
2.004
2.374
2.331
2.349
2.340
2.200
2.262
2.235
2.294
1.845
1.486
2.057
2.114
2.099
1.947
2.139
2.250
2.025
2.061
1.783
1.797
2.241
2.393
2.197
2.097
2.311
2.143
2.378
1.714
1.922
1.997
2.019
2.302
2.304
1.647
1.729
2.313
2.282
2.144
2.126
2.149
2.141
1.900
2.105
2.140
2.045
2.282
1.801
2.316
1.798
1.803
2.427
1.634
2.112
2.300
2.161
2.117
2.121
2.188
2.261
1.894
2.214
1.817
1.643
2.202
2.291
1.979
1.266
2.188
1.823
2.033
2.096
2.248
1.915
1.923
2.399
2.216
2.256
2.386
2.216
1.865
1.848
1.740
2.182
2.060
1.562
2.014
2.030
2.375
2.117
2.017
1.809
2.379
2.161
1.886
2.006
2.049
1.760
1.985
2.133
2.028
2.179
2.205
2.267
2.112
1.769
2.241
2.345
1.663
1.911
2.296
2.245
2.096
1.919
2.260
1.969
1.622
2.201
2.015
2.143
2.337
2.094
1.577
2.044
1.916
2.038
2.002
2.037
1.841
1.974
2.245
1.830
2.209
1.954
1.973
1.692
1.656
1.421
1.726
2.163
2.247
2.247
2.304
2.178
2.080
2.238
1.669
2.084
2.223
1.451
2.015
2.201
2.116
1.712
1.724
2.159
2.126
2.171
2.365
1.781
1.810
2.421
2.373
2.412
1.939
2.092
2.033
2.047
2.312
2.026
2.286
2.417
1.747
2.247
2.123
1.582
2.234
1.656
2.124
2.320
2.291
1.971
2.065
2.140
2.330
2.154
2.000
2.308
2.193
2.209
2.226
2.050
2.219
2.024
1.627
2.146
2.011
2.339
1.773
2.236
2.162
2.258
1.999
2.328
2.327
2.293
2.204
2.300
2.399
2.190
2.223
2.044
2.222
2.276
2.258
1.846
2.309
2.332
1.941
1.983
2.223
1.928
2.072
2.110
2.128
2.061
1.672
2.307
2.176
2.407
2.179
2.203
1.917
1.740
1.710
2.347
1.858
1.915
2.024
1.968
2.038
1.766
1.980
2.342
2.049
2.310
1.968
1.735
1.859
2.191
2.262
2.145
2.020
2.037
1.946
2.287
2.302
1.534
2.021
2.164
2.080
2.170
1.974
1.988
2.263
2.144
2.303
1.756
2.375
2.128
2.126
2.164
2.097
2.098
2.130
1.934
2.176
2.106
2.140
1.984
2.249
2.253
2.181
2.185
2.113
2.132
2.093
1.815
2.293
2.006
2.221
2.308
2.269
2.224
2.345
2.337
2.351
2.380
2.359
2.368
2.356
2.340
2.345
2.284
2.279
2.286
2.280
2.285
2.161
2.163
2.026
2.226
2.002
