2.018
2.234
1.825
1.936
2.187
2.429
2.461
2.402
2.051
2.401
2.195
1.652
2.156
2.078
2.145
2.249
1.908
2.099
1.723
2.095
2.163
1.913
2.113
1.977
2.125
2.168
2.074
2.423
2.189
2.401
2.291
2.433
1.557
2.006
2.096
1.542
2.208
2.397
2.201
1.918
2.108
2.020
1.877
2.186
1.927
2.029
2.022
1.824
1.551
1.834
2.149
2.007
2.315
2.046
1.930
2.108
1.961
2.087
2.054
2.157
2.377
2.410
2.293
1.982
2.011
2.025
2.157
2.103
2.126
1.493
2.033
2.365
1.897
2.098
2.198
2.184
2.272
2.330
2.223
1.910
1.461
1.946
2.040
2.146
1.437
2.190
2.161
2.180
2.244
1.472
2.111
1.825
1.833
2.144
2.004
2.215
1.931
1.891
1.963
2.008
1.961
2.168
2.317
2.118
2.127
2.060
1.876
2.154
1.828
2.221
1.852
2.387
2.368
1.685
2.256
2.090
2.198
2.008
1.849
2.176
2.179
2.006
1.602
2.064
2.229
2.285
2.063
2.236
2.291
2.115
2.020
2.303
2.375
1.810
2.116
2.161
2.112
2.181
1.943
2.320
2.340
1.921
2.067
2.046
2.123
2.318
2.251
2.371
2.218
2.203
2.241
1.661
1.592
2.286
2.185
2.140
1.855
2.009
1.769
2.151
1.891
2.249
2.259
2.276
2.326
2.045
2.120
2.260
1.987
2.313
1.944
1.942
2.184
1.807
2.172
2.186
2.153
2.076
1.934
1.928
2.048
2.107
1.949
2.269
2.212
2.205
1.788
1.848
2.153
1.978
2.079
1.556
2.196
2.254
2.013
1.920
1.416
2.092
1.803
2.291
2.204
2.348
2.035
1.497
2.119
2.434
1.966
1.996
2.317
2.010
1.936
2.345
1.989
2.222
2.189
2.001
2.271
2.223
2.263
2.131
1.737
2.240
2.216
2.081
1.833
2.283
1.888
2.385
2.096
2.165
2.292
1.930
2.095
2.067
2.292
1.993
1.956
2.012
2.122
1.924
2.024
1.869
2.355
2.165
2.346
2.187
2.022
1.878
2.235
1.975
2.050
2.191
2.058
2.243
2.076
1.841
2.069
2.006
2.074
1.862
1.987
2.390
2.213
1.965
2.106
2.103
1.985
1.732
2.097
2.204
2.092
2.175
1.831
2.433
2.170
2.054
1.970
2.147
2.151
2.188
2.195
2.103
2.203
2.238
2.098
2.041
1.823
1.897
1.996
2.348
2.188
2.060
2.321
2.174
1.559
2.168
1.528
2.283
2.113
2.204
2.234
2.233
2.299
2.090
2.124
1.588
2.204
2.238
2.287
2.021
2.175
1.827
2.097
1.973
1.903
2.032
2.030
2.353
2.290
2.394
1.892
1.837
2.071
2.264
1.890
2.168
2.177
2.142
2.246
2.185
1.542
2.149
2.045
2.247
2.358
2.123
1.678
2.382
2.046
1.475
1.905
1.960
1.888
2.179
2.299
2.013
1.993
2.132
2.122
1.948
2.362
2.230
2.357
2.337
2.043
2.322
1.853
2.365
1.920
2.216
1.997
1.744
2.161
2.271
2.334
2.241
2.098
2.273
2.434
1.475
1.680
2.318
1.942
2.026
2.302
1.976
1.994
2.151
1.778
1.912
2.059
2.180
2.261
2.145
1.859
2.224
2.328
2.209
2.218
2.178
1.451
1.729
2.238
2.080
1.825
2.146
1.884
2.209
2.269
2.193
1.497
1.660
1.692
2.108
2.018
1.983
1.454
2.128
1.439
1.541
2.240
1.808
2.314
2.116
1.988
2.155
2.089
2.028
2.297
2.186
1.924
2.100
2.023
2.112
1.742
1.435
1.803
1.905
2.445
2.322
2.112
2.427
2.250
1.911
1.836
2.116
1.961
2.154
1.800
2.009
2.215
2.147
2.247
2.187
2.176
2.250
2.243
2.089
2.084
2.418
1.762
2.053
2.209
2.339
1.916
2.252
2.338
1.996
2.365
1.992
2.087
2.154
1.646
2.450
2.424
2.136
1.992
2.128
2.343
1.915
1.935
2.006
2.375
1.941
2.143
2.369
2.265
1.515
2.258
2.260
2.098
1.965
1.925
2.032
1.801
1.840
1.748
2.158
1.804
2.281
2.156
1.787
2.398
2.118
2.216
2.218
1.965
1.752
2.078
1.954
2.008
2.135
2.399
1.997
1.678
2.156
2.418
2.247
1.954
2.251
1.886
2.180
2.392
2.360
2.242
2.260
1.997
2.000
2.059
2.078
1.952
2.110
2.113
2.284
2.215
2.242
2.404
2.246
2.148
2.031
2.145
1.468
2.284
2.232
2.243
2.282
2.300
1.888
2.126
1.726
2.024
1.963
2.137
2.111
1.829
2.287
2.013
1.655
1.934
2.101
2.125
2.366
2.244
2.396
1.513
2.194
2.127
2.157
2.142
2.063
2.137
1.890
2.154
2.094
2.174
1.980
2.097
2.251
2.240
2.034
2.369
2.177
1.493
2.289
1.457
2.396
2.192
2.364
1.432
2.284
2.306
2.315
2.273
2.325
2.380
2.109
2.122
2.155
1.867
2.032
2.364
2.160
2.002
2.162
2.315
1.984
2.390
2.103
2.160
2.412
2.415
2.433
2.431
2.405
2.403
2.423
2.178
2.232
1.548
1.584
2.298
2.092
2.131
2.139
2.250
2.041
1.916
2.305
2.419
2.422
1.925
1.518
1.502
2.431
2.004
2.328
1.982
1.934
2.297
2.211
1.529
2.373
1.478
1.756
1.822
2.146
2.354
2.091
2.349
2.359
2.305
2.071
2.434
2.013
2.355
1.900
2.329
2.252
2.032
2.043
1.648
2.402
1.993
1.894
2.414
2.356
2.369
2.314
2.388
2.162
1.496
1.942
2.038
1.975
2.083
1.916
2.333
2.165
1.942
1.957
2.119
2.404
2.097
2.286
2.113
1.914
2.115
2.323
2.269
2.324
1.890
2.090
2.341
2.046
2.047
1.953
2.377
2.412
2.026
2.407
2.336
2.032
2.134
2.243
2.253
1.991
2.334
2.289
2.275
2.071
2.103
1.986
2.395
2.422
2.420
2.175
2.204
2.185
2.432
2.306
2.309
2.236
2.196
2.252
1.783
2.219
2.186
2.408
2.402
2.418
2.419
2.041
2.239
2.136
2.250
2.328
2.380
2.338
2.410
2.316
2.215
2.013
2.121
2.389
2.007
2.090
2.264
2.379
2.403
2.186
2.123
2.064
2.245
1.981
2.183
2.421
2.316
2.347
2.175
2.356
1.742
2.049
2.405
2.090
2.231
2.291
2.001
2.278
2.011
2.176
2.125
2.239
2.251
2.237
1.967
2.233
2.221
2.350
1.801
2.170
2.389
2.050
2.402
2.379
2.041
2.131
2.309
1.958
2.394
1.918
1.750
2.409
2.373
2.125
2.167
2.218
2.140
2.106
2.225
2.165
2.226
2.011
2.230
1.731
2.091
2.018
2.383
2.286
2.096
1.972
2.100
2.062
2.019
2.196
2.153
2.199
2.256
1.781
2.194
1.860
1.954
1.959
2.344
1.825
2.070
2.028
1.913
1.820
2.048
2.102
2.129
2.312
2.155
2.169
2.288
1.901
2.092
1.839
2.249
1.516
1.604
1.934
1.869
1.545
2.036
2.151
2.289
1.916
2.002
2.046
2.146
1.779
1.588
2.283
2.200
2.177
2.141
2.314
1.626
1.431
2.182
1.442
2.256
2.149
1.964
1.890
2.248
2.200
2.111
1.970
2.238
2.082
2.063
2.242
2.039
1.889
2.257
2.302
2.404
2.105
1.939
1.867
2.106
2.099
1.987
2.151
2.000
2.154
1.444
2.156
2.312
2.183
1.779
2.028
2.323
2.318
2.123
2.261
2.154
2.191
2.263
2.332
1.942
1.938
1.958
1.925
2.294
2.078
2.233
2.023
2.211
1.981
2.345
1.813
1.936
2.104
2.250
2.150
2.030
2.028
1.964
2.022
1.561
2.137
1.928
2.312
2.276
2.314
2.337
2.219
2.004
2.157
1.817
2.152
2.141
1.788
1.807
2.254
1.974
2.213
1.928
2.012
2.264
2.113
1.744
1.833
2.030
1.649
2.043
2.069
2.215
2.158
1.749
2.116
2.118
1.819
2.072
2.066
1.946
2.289
2.046
1.449
2.093
2.211
1.523
1.702
2.382
2.420
2.068
2.091
1.909
1.901
2.091
2.016
1.556
2.091
2.066
2.264
2.053
1.993
2.019
2.295
2.403
2.303
2.085
2.015
2.130
1.904
1.539
2.304
1.903
2.272
2.192
2.308
2.123
1.808
2.113
2.239
1.977
2.368
1.966
1.966
2.268
2.246
2.361
2.133
2.024
1.858
2.056
2.141
2.036
2.057
2.388
2.338
2.406
2.360
2.202
2.216
2.311
2.064
2.006
1.993
2.097
2.121
1.855
2.287
2.013
1.968
2.044
2.035
2.403
2.114
1.845
1.966
1.844
2.000
2.353
2.204
1.664
1.936
1.838
1.803
1.415
1.465
2.190
1.555
1.827
2.053
2.061
2.325
2.059
2.116
2.270
2.256
2.029
1.966
1.438
2.201
2.176
2.361
1.959
2.393
2.182
2.157
2.114
1.925
2.258
2.007
2.064
2.260
2.029
2.175
2.236
2.031
2.041
2.374
2.112
2.049
2.119
1.993
2.004
1.768
2.092
2.119
2.002
2.180
1.985
2.037
1.471
2.120
2.376
1.807
2.184
2.232
2.372
2.383
2.220
2.015
1.951
2.028
2.076
1.793
1.876
2.117
2.186
2.267
1.731
2.070
1.953
2.167
1.903
2.142
2.210
2.216
2.186
2.132
2.307
2.106
2.203
2.054
2.202
2.216
1.819
2.185
2.369
1.961
2.202
2.126
2.272
1.820
2.116
2.194
2.147
2.180
1.907
2.291
2.130
2.138
2.252
2.166
2.225
1.371
2.204
1.963
1.853
1.864
2.002
1.888
1.832
2.038
2.409
2.311
2.427
2.428
