1.935
1.611
1.729
1.830
1.705
1.640
1.983
1.958
1.950
1.783
1.822
1.635
1.948
2.110
2.113
2.280
2.252
1.974
2.272
2.174
2.178
1.953
2.244
2.080
2.301
2.138
2.239
1.989
1.965
2.108
1.790
2.213
1.838
2.069
2.090
2.191
1.909
2.116
2.219
2.081
2.360
2.113
2.183
1.988
2.039
2.301
2.289
2.296
2.163
2.049
2.199
2.155
1.915
1.578
2.177
2.126
2.263
2.072
1.855
2.106
2.153
2.149
2.131
2.236
2.206
2.213
2.197
2.254
2.292
1.573
1.984
1.882
2.263
2.230
2.247
2.277
2.254
1.840
2.160
2.011
1.957
2.215
1.465
2.120
2.072
2.379
2.120
1.704
2.195
1.802
2.039
1.766
2.183
2.179
1.867
1.923
2.120
2.203
2.162
2.273
2.187
1.900
2.292
2.255
2.288
1.986
2.093
1.579
1.943
2.296
2.163
2.274
2.335
1.827
2.051
2.048
1.865
2.079
1.871
1.822
2.106
1.387
2.129
2.247
1.919
1.748
2.283
2.260
2.228
2.237
1.879
1.753
1.740
2.397
2.251
2.115
2.074
1.978
2.072
2.331
2.146
2.314
2.187
1.981
1.942
2.161
2.229
2.098
2.201
1.980
2.072
2.099
2.374
2.160
2.195
1.846
2.054
1.750
2.102
2.314
1.904
1.690
2.359
2.186
2.161
2.114
2.020
1.608
2.204
2.200
2.202
1.746
1.651
2.405
1.979
2.123
2.163
1.990
2.106
1.715
2.068
2.005
1.696
2.281
1.795
1.773
1.791
1.701
1.923
2.290
1.523
2.120
2.227
2.435
1.687
2.087
2.001
2.083
1.878
1.894
2.340
2.388
2.062
2.274
2.201
2.147
1.830
1.965
2.067
2.196
2.200
2.365
2.206
1.566
2.094
2.145
2.240
1.951
1.983
2.150
2.327
2.270
2.157
2.253
2.010
2.082
2.096
2.319
2.197
2.131
2.184
2.329
2.177
1.942
2.312
2.176
2.006
1.880
2.129
2.163
1.677
2.098
2.251
1.968
2.190
2.022
2.323
1.969
2.311
2.242
1.894
1.458
1.388
2.168
2.020
2.296
1.948
2.258
2.141
2.267
1.596
2.104
2.038
2.066
2.076
2.141
2.258
2.133
2.175
2.159
2.224
2.203
2.277
2.228
2.198
2.207
1.822
1.423
1.977
2.085
1.893
2.018
2.078
2.210
2.352
2.122
2.004
2.126
1.828
2.166
2.168
1.713
2.176
1.726
1.499
1.723
2.364
1.517
2.260
2.022
2.165
1.965
2.426
2.096
2.298
1.841
1.986
2.118
2.379
2.300
1.987
2.127
2.109
2.235
1.942
2.072
2.284
2.277
2.328
2.281
2.320
1.969
1.958
2.135
1.611
2.152
2.302
1.960
1.909
2.267
2.189
2.114
2.122
2.000
2.054
1.949
2.202
2.357
1.870
2.298
1.496
2.012
2.216
1.596
2.276
1.934
1.590
2.212
1.858
2.291
1.940
2.148
2.135
2.074
1.994
2.311
2.087
2.106
1.768
1.538
2.033
1.663
2.402
2.414
2.019
2.065
2.004
1.810
2.183
2.209
1.523
2.108
1.776
1.913
2.302
1.515
2.104
1.589
2.078
2.230
2.186
2.368
1.870
2.212
2.021
2.193
1.936
2.025
1.794
2.192
1.589
2.413
1.609
1.929
1.913
1.913
2.107
1.483
1.998
1.523
2.034
2.164
1.592
2.217
2.209
2.145
2.296
2.234
2.221
2.097
1.984
1.602
2.060
1.975
2.323
2.259
2.112
2.247
2.302
1.976
2.205
2.227
2.130
2.462
2.364
2.111
1.749
2.248
1.953
2.032
2.018
2.171
2.130
2.088
2.086
1.661
1.993
1.983
2.071
2.175
2.137
2.389
1.459
1.945
1.709
2.260
2.236
1.968
2.134
2.144
2.289
2.054
2.278
2.217
2.252
2.244
1.701
1.976
2.151
2.179
1.845
2.157
2.277
2.250
2.131
1.625
2.405
2.342
2.002
1.688
2.123
2.390
2.239
1.972
2.335
2.001
2.267
1.925
1.957
2.003
2.040
1.988
2.187
1.616
2.323
2.043
2.271
2.288
2.179
1.936
1.796
2.109
2.299
2.301
2.253
1.933
2.149
1.930
1.583
1.636
2.102
2.198
2.031
1.650
2.206
2.137
1.792
1.824
2.277
2.031
1.957
2.177
2.207
1.719
2.203
1.913
1.723
1.986
2.222
2.331
2.148
2.259
2.134
2.170
2.119
2.259
2.357
2.257
1.794
2.236
2.024
1.613
2.266
2.113
1.550
2.286
2.298
2.186
1.975
2.237
2.173
2.082
2.136
1.557
2.141
2.122
2.201
2.244
2.244
2.207
1.931
2.016
2.144
1.900
2.183
2.111
1.814
2.183
2.200
1.855
2.266
2.010
2.233
1.725
2.211
2.022
2.137
1.984
1.635
2.074
2.195
1.949
1.875
2.288
1.995
1.936
2.179
2.274
2.282
1.491
2.220
2.241
1.800
2.188
1.990
2.090
2.193
2.390
2.196
2.159
1.886
2.356
1.966
2.270
2.199
1.785
2.050
2.008
2.307
2.313
2.321
2.334
2.271
2.168
1.974
2.089
2.162
2.260
2.272
2.031
2.334
1.817
2.058
2.107
2.090
2.247
2.253
1.890
2.157
2.203
2.160
2.062
2.008
2.106
2.005
1.997
1.962
2.257
2.220
2.178
2.232
2.239
2.104
2.195
2.430
2.134
1.749
1.393
1.811
2.372
2.317
2.419
2.247
1.988
1.968
2.269
2.236
2.237
2.191
2.364
1.970
1.915
2.207
2.141
1.961
2.121
2.132
2.186
2.220
2.028
2.293
2.311
2.307
2.304
2.298
2.228
2.111
2.101
2.339
2.221
2.035
2.233
2.331
2.213
2.183
2.232
2.309
2.286
2.208
2.188
2.237
2.114
2.129
2.067
2.365
2.225
2.232
1.888
2.198
2.193
1.859
2.321
2.251
2.184
1.935
1.435
2.130
1.910
2.314
1.650
2.019
2.195
2.209
1.990
2.146
2.097
2.284
2.106
2.022
2.338
2.348
2.280
2.175
2.267
1.607
2.204
2.226
2.171
2.061
2.034
1.596
2.011
2.081
2.019
2.381
1.830
2.042
2.033
2.223
2.049
2.258
1.994
2.273
2.214
2.241
2.082
2.157
2.246
1.798
2.169
1.823
2.162
1.800
1.884
2.309
2.233
1.964
1.964
2.162
2.235
2.263
2.059
2.196
2.143
1.747
2.337
2.008
2.272
2.203
2.072
1.853
2.034
2.080
2.071
1.851
2.304
2.372
1.922
1.608
2.148
2.142
2.338
2.122
2.110
2.213
2.143
2.177
2.204
2.188
2.295
2.185
2.165
2.030
1.888
2.178
2.283
2.237
2.321
1.935
2.095
2.292
2.039
2.296
2.247
2.019
1.171
2.275
1.764
2.143
2.072
2.259
2.238
2.050
2.111
1.970
2.235
2.046
2.272
1.903
2.228
2.144
2.318
2.030
2.209
1.984
1.757
2.005
2.327
2.305
2.296
1.902
2.382
2.307
1.860
2.306
1.734
2.024
2.209
1.731
2.279
2.189
2.074
2.237
1.646
1.997
2.050
2.358
2.040
2.052
2.103
2.319
1.842
2.066
2.280
2.335
2.421
2.170
2.371
1.865
2.032
1.763
2.232
2.190
1.855
1.973
2.290
1.777
2.240
2.300
2.225
1.801
2.244
1.976
1.396
2.256
2.268
2.068
2.040
2.165
2.028
2.126
2.295
2.176
1.962
2.048
2.358
2.166
2.263
2.294
2.268
1.939
2.213
2.190
1.890
1.813
2.213
2.012
2.215
2.261
2.091
1.759
2.342
1.637
2.305
2.274
2.262
1.984
2.245
2.363
1.813
2.121
2.268
1.875
1.788
2.315
2.232
2.204
1.942
2.097
1.822
2.074
2.421
2.251
1.941
1.980
2.212
2.033
2.020
2.316
2.247
2.305
1.879
2.074
1.893
2.265
2.012
2.141
2.263
2.063
1.930
2.069
2.054
1.615
1.758
1.607
2.247
1.664
2.028
2.298
2.267
2.138
2.234
2.276
2.315
2.267
2.309
2.388
2.211
1.876
2.267
2.294
2.305
2.289
2.176
2.095
2.163
2.100
1.936
2.134
2.157
1.967
2.203
1.833
2.239
2.222
1.813
2.148
2.010
1.610
2.125
2.167
2.161
2.032
2.285
1.527
1.915
2.221
2.158
1.845
2.028
2.340
2.021
2.312
2.216
2.324
2.167
2.294
1.858
2.189
2.105
2.390
1.974
2.252
2.172
1.985
2.258
1.973
2.208
1.424
1.830
1.958
1.844
2.230
1.961
2.215
2.272
1.392
2.266
1.799
2.309
2.083
2.201
2.089
2.219
1.794
2.179
2.173
2.185
2.183
2.158
2.164
1.871
1.724
2.201
1.946
2.184
2.341
2.025
2.131
2.206
2.291
2.363
1.997
1.481
1.917
2.391
1.837
2.004
2.362
2.088
2.240
1.789
2.035
1.891
1.926
2.368
2.272
1.976
2.153
2.270
2.154
2.205
2.260
1.680
2.124
1.831
2.207
2.120
1.689
1.534
2.241
2.313
2.352
1.985
2.241
2.214
1.555
1.928
2.183
1.707
2.292
2.210
2.410
2.379
2.010
1.726
2.263
1.984
2.302
2.168
1.941
1.789
2.018
2.186
2.146
2.113
2.301
2.204
1.963
2.232
2.069
2.105
1.425
2.392
1.870
2.299
1.770
2.281
1.876
1.712
2.094
2.230
2.387
2.206
1.792
2.194
2.073
1.676
2.249
1.942
2.264
2.257
1.867
2.273
2.073
2.261
2.183
1.974
2.134
1.909
2.399
1.886
2.229
1.833
2.259
2.170
1.947
1.590
2.027
2.135
2.035
2.104
2.216
2.298
1.922
2.146
2.103
2.250
2.042
2.374
1.933
2.006
1.946
2.118
2.263
1.685
2.137
1.515
2.246
1.986
2.158
1.891
1.611
2.108
2.090
2.134
2.255
2.054
2.125
2.220
2.315
2.232
2.249
1.471
1.820
1.831
2.272
1.850
1.950
2.000
2.437
2.008
1.990
2.127
2.018
1.824
2.196
1.607
2.301
2.177
1.946
1.904
2.212
1.837
2.099
2.114
2.244
2.050
2.257
2.131
2.377
2.019
2.320
2.216
2.264
2.339
1.434
2.164
2.182
2.032
2.332
2.174
2.292
1.976
1.977
1.975
2.084
2.127
2.103
2.262
2.132
2.294
1.898
2.190
2.182
2.379
2.215
1.914
1.957
2.057
1.790
2.045
2.453
2.235
2.210
1.906
2.281
2.132
1.594
1.992
1.516
1.776
1.957
2.050
2.054
2.261
2.380
2.082
2.148
1.559
1.735
2.047
1.952
1.886
2.325
1.882
1.989
1.962
2.279
1.833
2.145
1.788
2.251
2.314
1.623
2.164
2.016
2.148
1.875
1.826
1.773
2.302
2.317
2.356
2.111
1.670
2.314
2.188
1.994
2.285
2.106
1.606
1.995
2.387
2.281
2.419
2.207
2.021
1.962
2.109
2.166
1.885
2.303
1.982
2.379
1.981
2.316
1.978
2.168
1.861
1.836
2.400
1.928
2.283
2.287
1.775
1.898
2.047
1.809
2.202
2.413
1.951
2.150
2.358
2.254
1.847
2.254
2.020
2.001
2.007
2.197
2.327
1.531
1.453
1.732
1.961
1.961
1.949
2.149
2.189
2.098
2.251
1.644
1.781
1.742
2.089
1.928
2.274
1.998
1.977
2.158
1.650
2.033
2.242
1.953
1.835
2.203
2.011
2.246
2.142
2.230
2.254
1.648
1.994
2.291
1.831
1.442
1.603
2.010
2.257
2.292
1.780
2.098
2.146
2.244
1.876
2.198
2.201
2.064
2.188
2.065
1.936
2.021
1.525
2.345
1.823
2.345
2.111
2.036
1.759
2.077
2.146
2.221
1.574
2.203
1.930
1.913
2.401
2.006
1.694
2.241
1.881
1.946
2.071
1.665
2.237
2.293
2.157
2.265
1.664
2.078
2.144
2.213
2.290
2.413
2.013
2.064
2.190
2.030
2.049
1.917
2.311
2.109
2.083
2.240
2.377
1.574
1.772
2.034
1.601
1.459
2.285
2.093
2.191
2.048
2.336
2.290
1.653
2.186
2.318
1.694
1.836
2.112
2.056
2.091
1.582
1.925
1.838
2.057
1.594
2.237
2.128
2.051
2.128
2.134
1.788
2.201
2.260
2.215
1.991
2.104
2.308
2.184
2.000
1.807
1.674
2.284
2.267
2.123
1.946
2.120
2.144
2.211
2.185
2.237
2.162
2.098
2.333
2.028
2.427
2.123
2.167
2.266
2.388
2.147
1.942
2.215
2.177
2.110
2.196
2.202
2.089
2.248
2.098
2.065
2.071
2.175
1.780
2.156
2.326
2.162
2.186
1.683
2.122
2.291
1.960
1.970
2.211
2.158
1.680
1.907
2.216
2.211
1.999
1.764
1.602
2.115
1.716
2.307
2.067
2.111
2.363
2.165
2.095
2.114
2.225
2.061
2.184
2.295
2.251
2.268
2.235
2.098
2.193
1.955
1.815
2.061
2.229
1.950
2.289
2.222
2.102
2.069
2.111
2.170
1.720
1.825
2.122
2.032
1.985
1.650
1.798
2.141
2.047
2.110
2.015
2.115
2.068
2.110
2.399
2.105
1.813
2.259
1.768
2.391
2.338
2.214
2.111
2.330
2.338
1.985
1.897
2.271
2.167
2.313
2.302
1.710
2.060
2.165
2.094
2.026
2.039
2.229
1.674
1.812
1.584
2.255
1.888
2.034
2.211
2.162
2.349
2.127
1.984
2.253
2.054
2.129
1.289
2.422
2.046
1.832
1.517
1.981
1.746
1.759
2.233
2.413
2.130
2.381
2.172
1.922
1.626
2.189
1.965
2.298
2.133
2.334
2.116
1.974
2.198
2.325
2.294
2.290
2.371
2.232
1.792
2.101
2.027
2.186
1.955
2.095
2.222
2.265
2.286
1.596
2.270
2.114
2.182
2.170
2.155
1.836
2.138
1.603
2.198
1.893
2.178
2.178
1.940
1.699
2.294
2.308
2.168
2.177
1.995
2.005
2.006
2.007
2.050
2.009
2.294
2.326
1.810
2.188
2.047
2.263
2.322
2.355
2.018
2.300
2.278
2.081
2.136
1.836
2.178
2.181
2.158
2.178
1.909
1.468
2.196
2.264
2.050
1.800
2.094
2.118
2.363
2.273
2.296
2.246
1.776
2.092
1.770
2.173
2.179
2.267
1.956
2.393
1.718
1.804
2.121
2.022
1.872
1.820
1.928
2.276
2.164
2.083
2.269
1.767
1.942
1.785
2.144
2.273
2.214
2.244
1.749
1.787
1.978
1.764
2.151
2.363
2.263
2.248
2.276
2.029
2.279
2.180
2.239
2.213
2.213
2.311
2.308
1.682
1.703
2.177
2.141
2.264
2.296
1.634
2.123
1.955
1.986
1.720
2.207
2.202
1.427
2.073
1.790
2.120
1.946
1.621
2.180
2.397
2.324
1.924
2.115
2.319
1.816
2.255
2.111
2.137
1.835
1.979
2.048
2.301
2.283
2.043
2.315
2.301
2.272
2.386
2.028
1.957
2.210
2.274
1.957
2.416
2.348
2.208
1.803
1.953
2.266
2.023
2.035
2.339
2.267
2.210
2.212
2.217
1.906
2.189
2.296
1.916
2.318
2.319
1.966
2.194
2.321
2.275
2.267
2.284
1.813
1.937
2.297
2.139
2.143
2.196
2.183
2.137
1.877
2.024
2.201
2.213
2.106
2.096
2.148
2.220
2.140
2.106
2.281
2.388
1.576
1.920
1.954
2.302
2.306
2.298
2.334
2.318
2.358
2.336
2.319
2.318
2.331
2.367
2.364
2.382
2.260
2.304
2.281
2.300
2.278
2.331
2.323
2.286
2.285
2.268
2.272
2.288
2.295
2.261
1.625
1.616
2.000
2.216
1.608
2.297
2.234
2.243
2.314
