2.077
2.099
1.450
1.446
2.105
1.466
2.148
2.031
2.106
2.100
2.098
2.065
2.127
1.476
1.451
1.455
1.435
1.446
2.102
1.464
1.948
2.111
2.026
2.202
2.171
2.197
1.933
2.098
2.214
2.093
2.176
2.280
2.028
2.185
1.904
1.889
2.333
2.312
2.136
1.425
2.143
1.913
2.210
2.182
2.187
1.492
1.496
1.501
1.984
2.188
2.099
1.963
2.236
2.248
2.401
2.121
2.308
2.195
2.201
2.292
1.460
1.902
1.472
1.524
2.129
1.460
1.859
2.164
2.198
2.330
2.096
1.526
2.104
1.520
1.477
1.501
1.529
1.474
1.484
1.492
1.527
2.332
1.463
1.445
2.010
1.489
1.526
2.096
1.460
1.875
2.430
2.370
1.921
1.453
1.449
1.453
2.190
2.294
2.200
2.339
2.100
2.099
2.142
2.106
2.218
2.109
2.101
2.094
2.151
2.111
2.105
2.098
2.098
2.120
1.936
2.093
2.099
2.108
2.106
2.051
2.103
2.082
1.466
1.459
1.455
1.475
1.527
1.563
1.524
1.505
1.453
1.531
1.532
1.508
1.522
2.083
1.529
1.457
1.457
1.441
1.452
1.496
2.030
2.104
1.476
2.017
2.015
2.029
2.397
2.350
2.120
2.323
2.173
2.316
2.128
2.321
2.245
2.412
2.378
2.205
2.249
2.177
2.009
2.145
2.141
2.251
1.845
2.204
2.315
2.180
2.351
1.941
2.197
2.192
1.997
1.672
2.289
2.115
2.407
2.051
2.291
2.359
2.307
2.329
2.078
2.122
2.388
2.036
2.236
1.851
1.893
1.457
1.758
2.277
2.100
2.172
2.304
1.839
2.067
2.350
2.333
1.791
1.972
1.997
2.240
2.159
2.156
2.140
2.414
2.408
2.412
2.128
2.372
1.786
2.039
1.937
1.925
2.003
2.019
1.980
1.970
2.367
2.402
2.145
2.406
2.012
1.985
2.201
2.435
2.106
1.969
2.049
2.195
2.433
2.404
2.196
2.351
2.035
2.390
2.401
2.395
1.737
1.905
2.239
2.113
2.015
2.395
2.388
2.396
2.297
1.996
2.363
2.373
2.090
1.993
2.075
2.338
2.397
2.338
1.865
2.009
2.415
2.402
2.420
2.426
2.434
2.347
1.927
2.320
2.410
2.295
2.109
1.991
2.144
1.903
1.868
2.086
2.042
1.916
1.905
1.882
2.405
2.381
2.409
2.035
1.929
1.940
2.036
2.053
2.357
1.735
2.036
2.015
2.199
2.186
2.232
2.043
2.159
2.256
2.397
2.404
2.032
1.939
2.180
2.139
1.767
2.392
1.778
1.975
2.128
2.230
2.370
1.920
2.182
1.928
1.975
2.421
1.954
2.399
1.934
1.431
1.439
1.877
2.265
2.299
2.238
1.964
2.029
2.253
2.247
1.966
1.478
1.775
2.313
2.350
2.120
1.963
2.113
2.141
2.277
2.359
2.174
2.046
2.239
2.235
2.040
2.055
2.121
2.195
2.223
2.134
2.271
2.281
1.999
2.175
2.125
2.239
2.237
2.235
1.671
1.961
2.234
2.221
2.150
2.186
1.450
2.071
2.170
2.080
1.995
2.242
1.806
2.126
2.077
2.086
2.160
2.262
2.046
2.011
1.978
2.354
2.159
2.106
2.323
2.404
1.520
2.136
2.338
2.081
2.047
2.055
2.422
2.317
2.234
2.249
2.093
1.879
2.249
2.191
2.244
2.304
2.051
2.105
1.887
2.185
1.908
2.118
1.980
2.059
2.420
2.002
1.876
1.910
2.415
2.308
1.980
1.747
1.824
1.839
1.857
1.985
2.242
1.824
2.235
1.819
2.089
2.351
2.034
1.975
2.214
1.996
2.361
1.703
1.999
1.788
2.312
1.802
1.542
2.160
2.370
2.018
1.447
2.280
2.376
2.183
2.130
2.126
1.781
2.175
2.103
1.885
2.258
2.030
1.929
1.859
2.245
2.194
1.663
2.118
2.098
1.907
1.819
1.843
2.019
2.168
2.184
1.981
1.745
1.469
2.110
2.107
2.112
2.291
1.926
1.432
2.095
2.014
1.738
2.128
2.108
2.183
2.167
2.125
2.206
2.314
2.222
2.158
2.270
2.053
2.021
1.508
1.999
1.903
2.002
1.866
2.402
2.209
2.160
1.839
1.999
2.403
2.291
2.071
1.991
1.929
2.299
2.314
1.818
1.808
2.166
2.065
2.409
2.409
1.792
1.510
1.930
2.387
2.135
2.036
2.007
2.130
2.139
2.208
2.105
2.113
2.105
2.113
2.321
2.361
1.778
2.223
1.883
2.069
2.305
2.254
2.017
2.282
2.187
1.961
1.536
1.536
2.056
1.913
2.044
1.778
2.202
1.505
2.248
2.138
1.824
2.066
2.264
2.191
2.042
2.090
1.999
1.931
1.888
1.596
2.083
2.123
2.110
2.108
1.999
1.521
2.160
2.004
2.171
2.238
2.424
2.436
2.432
2.430
1.971
2.225
2.198
1.787
2.170
2.226
2.166
1.978
2.057
1.818
1.818
1.986
2.118
2.135
1.991
2.212
2.112
2.373
1.466
1.620
2.183
2.258
2.127
2.192
1.538
2.108
2.100
2.011
2.272
1.795
2.306
2.225
1.944
2.341
2.111
2.144
1.795
1.809
1.949
1.868
2.208
2.145
2.255
2.257
2.197
2.070
2.250
2.025
2.040
2.032
2.147
2.274
2.281
1.528
2.209
2.298
2.106
2.150
2.089
2.002
2.231
2.285
1.968
2.114
2.017
2.155
2.114
1.750
2.126
2.024
2.294
2.062
1.953
2.011
1.988
2.158
2.337
1.779
2.222
2.000
2.379
1.997
2.344
2.167
2.239
2.265
1.868
2.305
2.346
2.182
1.803
2.174
1.552
1.797
2.329
2.107
2.061
2.290
1.547
2.024
2.195
2.173
2.044
1.981
2.218
2.305
1.901
2.296
1.810
2.009
2.135
2.311
2.115
2.317
1.891
2.371
2.411
2.181
2.161
2.321
1.950
1.972
1.924
2.356
2.024
2.004
1.647
2.097
2.195
2.117
2.086
2.301
2.262
1.731
2.080
2.178
2.089
2.235
2.233
2.120
2.084
2.244
2.146
2.012
1.863
1.948
1.849
2.374
2.255
2.127
2.301
2.386
1.777
2.159
1.960
2.209
2.267
1.473
2.033
2.121
2.092
2.196
2.229
2.319
2.122
1.944
1.928
2.111
2.135
2.352
2.060
2.088
2.205
2.012
2.204
2.139
2.180
2.172
2.423
1.883
2.178
2.126
2.140
2.208
2.409
2.413
1.374
1.665
2.009
1.498
2.257
2.037
2.388
2.266
2.136
2.086
2.190
2.065
2.122
1.920
1.958
2.278
2.374
1.834
2.446
2.028
2.111
1.942
2.370
2.102
1.689
1.978
1.962
2.231
1.429
2.414
1.836
1.989
1.812
2.194
2.355
1.877
2.203
2.283
2.377
2.352
2.114
2.120
2.132
1.882
2.295
2.235
2.029
1.946
2.019
1.844
2.294
2.226
2.314
2.172
2.059
1.861
2.051
2.055
2.072
2.067
2.082
1.438
1.850
2.162
1.896
2.273
1.902
2.288
1.966
1.916
2.180
2.226
2.423
2.429
1.550
2.068
2.264
1.859
2.220
2.047
2.338
1.971
1.548
2.433
1.756
2.195
2.404
2.128
2.042
1.592
2.008
2.157
1.878
2.169
1.990
2.181
2.109
2.266
1.887
2.119
1.518
1.509
1.537
2.235
2.312
2.097
2.214
2.245
2.304
2.066
2.412
1.972
2.244
2.217
2.173
1.960
2.319
1.524
2.148
1.579
2.221
1.950
2.370
1.833
2.089
2.108
1.897
2.010
1.910
1.925
2.077
1.966
2.282
2.107
1.679
1.761
2.013
2.043
1.911
1.939
2.313
2.260
2.028
2.109
1.648
2.118
2.088
2.284
2.349
1.526
2.262
2.027
2.139
2.071
2.102
2.239
2.304
2.089
2.086
2.213
2.119
1.608
2.196
2.325
2.232
2.026
2.130
2.070
1.980
2.090
1.643
2.166
1.853
2.289
2.238
2.192
2.273
2.212
1.935
2.061
1.918
2.310
1.454
2.277
2.118
1.951
2.042
2.177
1.945
2.366
2.024
1.997
2.384
2.030
2.200
1.983
2.339
1.646
2.399
2.109
2.098
2.077
2.109
2.285
2.092
2.228
2.136
1.585
2.105
1.474
2.265
1.668
2.232
2.084
2.164
2.182
2.111
2.244
2.135
2.245
2.182
2.227
2.345
1.857
1.808
2.114
1.454
2.103
2.310
2.089
2.267
1.987
1.987
2.020
2.074
2.108
2.204
2.367
2.337
2.192
2.137
2.221
2.200
2.184
2.219
2.181
2.209
2.267
1.478
2.334
2.159
2.100
2.311
1.812
2.244
2.014
2.143
2.378
2.324
1.963
2.008
2.305
2.187
2.295
1.835
2.028
2.121
2.256
2.234
1.984
2.410
2.058
1.896
2.098
2.373
1.721
1.989
2.091
2.078
1.983
1.684
2.255
1.968
1.853
2.142
1.990
2.157
1.747
2.150
2.224
2.234
1.432
2.011
2.057
2.134
2.228
2.221
1.937
2.201
2.192
2.090
2.319
1.906
2.223
2.371
2.114
1.869
1.747
1.697
2.171
2.088
2.404
1.901
2.167
2.233
2.414
2.395
2.090
2.032
2.132
2.202
2.094
2.154
1.861
2.256
2.045
1.822
2.240
1.596
1.887
2.009
2.029
2.121
1.963
1.479
2.175
1.963
2.103
1.805
2.171
2.328
2.142
2.434
2.302
1.887
2.332
2.369
2.053
1.966
2.366
2.240
2.277
2.326
1.917
2.312
2.114
2.141
1.862
2.267
2.324
1.912
2.405
2.164
2.181
2.168
2.294
1.931
2.038
2.285
2.428
1.978
2.102
2.127
2.166
2.198
2.255
2.271
2.256
2.103
2.377
2.433
2.408
2.352
2.147
2.275
2.063
2.047
