2.061
1.933
2.349
2.147
2.067
2.235
2.129
2.096
1.823
2.139
2.228
1.861
2.115
2.359
2.169
2.001
2.181
1.815
2.146
2.041
2.113
2.263
2.311
1.778
1.951
2.241
2.084
1.981
2.272
1.717
1.909
2.342
2.405
2.205
2.179
2.026
2.158
2.087
1.961
2.313
2.317
2.315
2.317
1.928
2.202
2.087
1.689
2.218
2.271
2.109
1.489
2.046
1.866
2.093
2.360
2.194
1.900
1.891
1.814
2.071
2.156
1.801
1.789
2.202
2.129
2.097
1.826
1.839
1.880
2.424
2.323
2.198
1.870
2.178
2.183
1.923
1.927
1.876
2.157
2.160
2.268
1.831
2.094
2.371
2.330
2.001
1.644
1.779
1.904
1.901
2.199
2.202
1.835
2.213
2.018
2.213
2.169
2.203
2.096
1.570
2.004
2.410
2.099
1.881
1.500
2.197
1.967
2.376
2.069
2.060
1.777
2.357
2.355
2.085
2.180
2.171
2.232
2.323
1.980
2.415
2.407
2.204
1.818
1.934
1.993
2.044
2.278
2.201
1.868
1.954
1.835
2.202
1.792
1.933
2.245
2.238
2.223
2.254
2.204
2.423
2.061
1.979
2.244
2.072
1.875
2.170
2.069
1.920
2.052
2.371
2.189
2.112
2.004
1.928
2.396
1.761
2.417
1.883
2.208
2.184
2.202
1.790
2.121
2.278
1.910
2.174
2.210
1.980
2.267
1.876
2.081
2.162
1.985
2.195
1.786
2.154
2.192
2.010
1.714
2.283
2.280
1.920
1.898
1.809
1.989
2.260
2.106
1.883
2.217
1.901
1.516
1.509
2.152
1.941
2.167
2.262
2.138
1.915
2.118
2.286
2.263
2.174
2.291
2.300
2.266
2.387
1.964
2.063
2.311
2.290
2.378
2.258
2.078
2.326
1.876
2.287
2.097
1.939
2.227
1.875
2.150
2.166
2.255
2.052
2.115
1.856
1.935
2.312
2.251
2.174
2.170
2.389
1.544
2.323
2.276
2.147
2.429
2.002
1.964
2.056
2.293
2.041
2.184
2.276
2.154
2.404
2.022
2.108
2.253
2.190
1.602
2.380
2.206
1.829
2.036
2.258
2.161
2.213
2.116
2.203
2.116
2.045
2.183
1.769
2.452
2.328
2.246
2.108
2.241
2.100
2.351
2.199
2.317
2.307
1.991
2.195
2.301
1.989
2.177
1.968
2.189
1.706
2.383
2.324
2.047
2.411
2.145
2.302
2.063
1.946
1.999
2.210
2.113
2.089
2.102
1.850
2.081
2.261
2.206
1.893
2.052
1.994
2.103
2.125
1.918
1.982
2.445
1.678
2.326
2.206
1.513
1.588
2.387
1.835
2.132
1.840
1.973
2.233
1.920
2.152
2.253
2.035
2.276
2.159
1.840
2.146
2.154
2.292
2.191
1.870
2.242
1.846
1.725
2.187
2.238
2.285
2.128
2.239
2.340
2.313
2.128
2.316
1.908
2.177
2.226
1.977
2.196
2.186
1.902
2.251
1.978
2.002
2.392
2.040
2.292
2.183
2.315
2.080
2.238
2.019
2.176
2.236
2.331
2.099
1.908
1.977
2.118
1.836
2.276
2.061
2.014
2.239
2.133
2.280
2.061
2.412
2.238
2.190
2.177
2.133
1.972
2.377
2.143
2.246
2.291
2.291
1.894
2.180
2.006
2.265
2.020
2.208
2.251
2.435
2.303
1.727
2.006
1.706
2.304
2.303
1.968
2.302
2.386
2.262
1.977
2.262
1.960
2.027
1.880
2.126
2.085
2.336
2.312
1.574
1.567
2.214
2.167
1.919
2.143
2.321
2.186
2.291
2.395
1.917
2.278
1.926
1.682
1.880
1.986
2.100
2.199
1.867
2.267
1.988
2.235
2.249
1.851
2.189
1.949
1.869
2.313
1.938
2.277
2.310
2.201
2.135
2.322
2.319
2.185
2.161
2.133
1.630
1.949
2.254
2.050
2.378
1.656
2.310
2.128
2.440
1.750
1.999
2.021
1.880
2.350
1.948
2.092
2.308
2.304
1.814
1.900
1.866
2.363
2.410
2.048
1.924
2.106
2.141
2.329
2.322
2.095
2.288
2.307
2.304
2.289
2.222
1.815
1.778
2.192
2.206
2.197
1.439
2.302
2.305
2.203
1.651
1.964
2.173
2.147
2.126
2.313
2.335
1.990
2.161
2.039
2.070
2.370
2.306
2.282
2.008
2.353
1.796
1.963
2.013
2.199
2.271
2.360
2.114
1.786
2.208
2.019
2.074
2.408
2.214
2.104
1.959
2.375
1.952
2.367
2.176
1.785
2.430
2.088
2.391
2.294
2.308
2.047
2.387
2.315
2.127
2.094
1.862
2.203
1.819
2.280
2.018
1.341
2.155
1.584
1.862
2.397
2.405
2.399
1.944
2.214
2.137
2.291
2.306
2.279
2.083
1.647
2.014
1.975
1.982
2.061
2.221
1.919
1.966
2.033
2.177
1.504
2.194
2.185
2.244
2.059
2.184
1.996
2.016
2.172
2.174
2.200
2.321
2.312
1.766
2.117
1.951
2.019
2.023
2.283
1.953
2.317
2.149
1.812
2.123
2.001
2.217
2.426
2.189
2.290
1.911
2.072
1.624
1.430
2.037
2.140
2.291
2.325
2.034
1.934
1.917
2.333
2.177
2.072
2.062
2.326
1.915
1.822
1.907
2.256
2.134
2.162
2.305
2.137
2.232
2.204
1.926
1.910
1.528
1.884
2.210
2.214
2.293
2.152
2.239
2.375
2.241
2.032
1.797
2.146
1.595
2.245
2.001
2.264
2.247
1.728
2.041
2.375
1.854
1.949
2.308
1.920
2.066
2.138
2.081
2.192
2.078
1.674
1.987
2.309
2.002
1.758
2.311
2.198
2.247
2.147
1.827
2.184
2.003
2.027
2.261
1.902
2.223
1.642
1.940
2.301
1.964
2.267
2.210
2.025
2.365
2.139
2.005
1.850
2.039
2.022
1.821
2.278
2.060
2.227
2.287
1.835
2.052
2.052
1.993
2.421
2.076
2.129
1.808
2.161
2.427
2.199
2.161
1.865
2.447
2.107
2.086
1.730
2.288
2.201
2.030
2.175
2.299
2.129
2.085
1.889
2.239
2.283
1.849
2.258
1.783
1.903
2.149
2.160
1.742
1.920
2.265
1.788
2.069
2.086
2.182
1.841
2.171
2.267
1.595
2.112
2.074
2.030
1.738
1.894
2.065
2.148
1.946
2.405
2.203
2.234
2.137
2.400
2.246
2.146
2.143
2.057
1.900
1.895
2.087
2.223
1.853
2.116
2.213
1.864
2.111
1.541
2.080
2.143
1.984
2.167
1.810
2.091
1.774
1.879
2.141
1.887
2.321
2.100
1.797
2.207
2.010
2.053
2.079
2.393
1.974
2.057
2.090
2.008
2.047
1.996
2.270
2.090
2.136
1.888
2.374
2.174
2.353
1.990
2.259
2.124
2.332
1.835
2.238
2.244
2.294
2.248
2.251
2.229
2.147
2.030
2.196
1.868
2.267
2.185
2.001
2.056
2.293
2.099
2.220
1.983
2.002
2.381
1.875
1.896
2.201
1.594
2.231
2.126
1.795
2.124
1.967
1.518
2.225
2.032
2.298
2.134
2.097
2.389
2.213
2.302
1.725
2.283
2.006
1.835
2.207
1.862
1.730
2.169
2.228
2.354
1.470
2.347
2.291
1.886
2.290
2.257
2.140
2.066
2.279
2.361
2.338
1.970
2.069
2.211
2.251
2.357
1.965
2.021
1.582
1.945
1.784
2.311
2.258
2.174
2.049
2.106
1.914
1.783
1.819
2.074
2.247
2.201
1.955
1.538
2.308
2.101
1.983
2.148
2.347
1.881
1.970
2.322
2.244
1.976
2.094
1.412
2.112
1.885
2.261
1.907
2.273
2.023
2.169
2.344
2.079
2.162
2.155
2.057
2.071
1.889
2.179
1.808
2.326
2.399
2.253
2.312
2.179
2.191
2.226
1.561
2.259
1.990
2.277
1.587
2.310
2.025
2.421
2.089
2.141
1.756
2.100
2.283
2.316
2.018
2.165
1.809
1.894
2.322
1.891
1.854
2.248
2.241
1.989
2.187
2.062
2.181
2.317
2.201
1.939
2.271
2.123
2.211
2.292
2.001
1.995
2.387
2.274
2.221
2.307
2.083
2.038
2.025
2.398
2.238
2.081
1.777
1.983
2.331
2.335
2.449
1.998
1.755
2.022
2.081
2.128
2.333
2.170
1.614
2.172
2.329
2.333
1.992
1.987
2.378
1.853
2.332
2.000
2.077
2.033
1.998
2.421
1.982
2.202
1.857
2.234
2.226
2.414
2.155
2.097
2.045
2.404
2.016
2.216
2.111
2.270
1.992
2.129
1.957
2.067
1.966
2.374
2.133
2.044
2.157
2.262
2.321
2.241
2.033
2.343
2.011
2.035
1.866
2.339
1.977
2.145
1.953
2.059
2.329
2.313
2.261
2.250
2.232
2.058
2.304
2.295
2.052
2.077
1.532
1.943
2.199
1.943
2.318
2.301
1.490
2.310
2.402
1.850
1.928
2.095
2.280
2.064
1.582
2.321
1.992
2.325
1.419
2.383
2.175
2.312
2.102
1.888
2.238
2.213
1.938
1.849
2.207
2.310
2.308
2.174
2.321
2.119
2.251
1.848
2.010
1.979
2.086
1.836
1.993
2.056
2.003
2.242
2.261
1.962
2.269
2.295
1.970
2.409
2.187
2.006
1.875
2.201
2.254
2.407
1.946
2.159
1.887
2.189
2.172
2.072
2.313
2.154
2.159
2.182
1.498
2.314
1.730
1.853
1.773
1.835
1.890
1.766
1.825
2.058
1.943
2.197
1.854
2.086
2.293
1.887
1.873
2.029
1.715
2.007
1.980
1.602
2.321
1.917
1.930
2.033
2.107
1.462
1.968
1.462
1.955
1.957
1.959
2.408
1.986
2.036
2.155
1.892
2.057
2.154
2.052
2.295
1.831
1.901
2.085
2.251
2.144
2.323
1.794
1.970
1.916
2.045
1.758
2.039
1.881
2.064
2.234
2.010
1.473
2.078
2.279
2.130
2.220
1.478
2.402
2.274
1.860
1.875
2.335
2.353
2.111
2.061
1.859
2.289
1.945
1.942
1.436
2.040
2.246
2.409
2.004
1.403
1.871
2.111
2.019
2.276
2.205
2.049
2.084
2.141
2.345
2.110
2.016
2.000
2.416
1.821
1.504
2.219
2.166
2.134
2.343
2.411
2.169
1.840
2.000
2.314
2.357
2.111
2.042
1.585
2.004
2.204
1.888
2.145
2.362
2.171
2.027
2.134
2.391
2.122
2.277
2.034
2.105
2.389
2.121
2.136
2.209
2.298
1.977
2.425
1.800
2.156
2.048
2.301
2.273
2.098
2.097
2.189
2.244
2.288
2.126
1.938
2.436
2.203
1.943
2.320
2.319
2.373
2.094
2.131
2.043
2.168
2.280
2.197
2.027
2.421
1.596
2.364
2.436
2.115
1.954
1.854
2.170
2.278
2.312
2.066
2.140
2.372
1.906
2.252
2.177
2.144
2.272
1.848
1.870
2.363
2.345
2.166
2.255
2.286
2.202
2.163
2.245
2.149
2.213
2.075
1.828
2.179
1.984
2.124
2.279
2.233
2.231
2.090
2.298
2.265
2.322
1.424
1.613
1.832
2.077
2.278
2.170
1.817
1.718
1.610
1.967
2.026
2.095
2.126
2.045
2.065
2.208
1.859
1.893
1.953
2.363
1.886
2.254
2.202
2.234
1.915
2.286
2.225
2.210
2.107
1.899
2.297
2.185
2.000
2.267
2.337
2.151
2.132
2.189
2.305
2.358
2.209
2.228
1.575
2.283
2.421
1.917
2.355
2.331
2.273
2.219
2.131
2.198
2.402
1.882
2.009
2.014
2.049
2.033
2.333
2.313
2.320
1.764
2.029
2.080
2.210
2.067
1.990
2.230
2.226
1.816
1.519
2.061
2.334
2.397
2.376
1.797
2.158
2.241
2.189
2.395
1.870
2.078
2.125
1.675
2.239
2.008
2.336
1.812
1.974
1.737
2.130
1.952
2.132
2.023
2.331
2.111
2.268
2.016
2.147
1.979
2.377
2.317
1.807
2.044
1.681
2.256
2.256
2.114
2.171
1.431
1.685
2.099
2.005
2.257
2.008
2.236
2.142
2.232
1.932
1.825
2.076
1.904
2.069
1.849
1.582
2.184
2.348
2.138
2.032
2.255
2.257
2.162
2.409
2.363
2.329
2.234
2.243
2.231
1.993
1.878
2.154
2.161
1.461
1.477
2.234
1.958
2.199
2.162
2.360
2.425
2.172
2.106
2.224
2.253
2.105
2.228
2.174
2.113
2.133
2.105
2.159
2.133
2.132
2.259
2.060
2.244
2.125
2.414
2.432
1.874
1.706
2.240
2.108
2.268
2.001
2.056
2.264
2.381
2.133
2.356
2.399
2.144
2.138
1.474
2.004
1.765
1.781
2.029
2.159
2.161
1.875
2.247
2.344
2.271
2.059
2.150
2.342
1.805
1.970
2.134
2.036
2.241
1.784
1.984
2.165
2.217
2.320
1.970
2.307
1.734
2.227
1.876
2.221
2.005
1.689
2.139
2.198
1.942
1.475
1.634
2.338
2.174
1.806
2.332
1.445
1.955
2.037
2.269
1.433
2.246
2.027
1.405
2.280
1.943
2.245
2.161
2.022
2.040
2.231
2.257
2.101
1.479
2.070
1.830
2.184
1.941
1.777
2.154
2.117
2.190
1.989
2.377
2.229
2.410
2.168
2.281
2.087
2.406
2.382
1.672
1.519
1.680
2.124
2.117
2.148
2.092
2.298
2.093
2.057
2.072
2.171
2.056
2.312
2.100
2.325
2.345
2.269
2.070
2.064
1.771
2.173
2.331
1.799
1.850
2.083
2.228
2.030
1.870
2.210
2.198
2.388
2.041
2.196
1.981
2.377
2.035
2.122
1.904
2.056
1.853
2.195
2.069
1.766
2.024
1.852
2.220
1.841
2.297
1.940
2.264
2.157
2.191
2.278
2.054
2.221
