1.742
2.111
2.382
2.345
2.336
2.395
2.246
2.428
2.346
2.372
2.314
2.334
2.270
2.335
2.339
2.236
2.329
2.372
2.330
2.396
2.369
2.311
2.353
2.282
2.312
2.368
2.391
2.312
2.156
2.410
2.481
1.953
2.256
2.366
2.398
2.424
2.353
2.274
2.374
2.278
2.269
2.311
2.339
2.222
2.237
2.371
2.343
2.431
2.197
2.428
2.315
2.305
2.300
2.287
2.364
2.334
2.337
2.328
2.391
2.207
2.128
2.288
2.420
2.273
2.261
2.333
2.247
2.185
2.225
2.292
2.231
2.364
2.373
2.299
2.296
2.341
2.355
2.337
2.263
2.274
2.276
2.277
2.208
2.188
2.333
2.331
2.329
2.296
2.287
2.214
1.988
2.377
2.404
2.251
2.232
2.427
2.197
2.212
2.199
2.180
2.030
2.353
2.330
2.372
2.333
2.314
2.342
2.349
2.254
2.242
2.173
2.149
2.260
2.237
2.219
2.271
2.132
2.327
2.234
2.165
2.361
2.260
2.346
1.849
2.339
2.167
2.433
2.162
2.287
2.323
2.087
2.123
2.292
2.447
2.203
2.376
2.136
2.216
2.333
2.204
2.133
2.248
2.365
2.398
2.154
2.250
2.316
2.267
2.191
2.382
2.300
2.187
1.938
2.414
2.251
2.462
2.383
2.183
2.122
2.253
1.872
2.258
2.174
2.166
2.327
2.319
2.381
2.440
2.172
2.334
2.290
2.206
2.220
2.402
2.304
2.349
2.274
2.333
2.355
2.380
2.347
2.375
2.231
2.428
2.129
2.279
2.385
2.348
2.478
2.335
2.411
2.402
2.147
2.313
2.369
2.344
2.356
2.143
2.242
2.325
2.343
2.330
2.193
2.353
2.200
2.299
2.321
2.142
2.206
2.295
2.248
2.393
2.303
2.400
2.209
2.314
2.047
2.352
2.168
2.328
2.396
2.258
2.200
2.256
2.219
2.313
2.178
2.220
2.264
2.321
2.401
2.437
2.338
2.224
2.332
2.278
2.339
2.155
2.396
2.389
2.377
2.132
2.295
2.281
2.408
2.420
1.797
2.123
2.253
2.369
2.232
2.333
2.317
2.310
2.169
2.154
2.406
2.359
2.098
2.362
2.381
2.370
2.327
2.121
2.270
2.366
2.209
2.199
2.197
2.224
2.186
2.003
2.186
2.262
2.399
2.329
2.274
2.485
2.360
2.380
2.304
2.333
2.200
2.332
2.224
2.310
2.383
2.324
2.341
2.338
2.364
2.358
2.158
2.198
2.274
2.384
2.282
2.387
2.325
2.399
2.312
2.311
2.209
2.289
2.382
2.383
2.389
2.232
2.362
2.405
2.317
2.117
2.417
2.195
2.259
2.440
2.324
2.384
2.128
2.221
2.304
2.329
2.093
2.115
2.369
2.172
2.274
2.250
2.275
1.971
2.402
2.176
2.109
1.978
2.306
2.331
1.927
2.278
2.291
2.323
2.314
2.377
2.299
2.378
2.322
2.169
2.225
2.324
2.039
2.382
2.370
2.212
2.216
2.293
2.367
2.372
2.369
2.316
2.323
2.248
2.287
2.241
2.380
2.265
2.270
2.118
2.230
2.365
2.204
2.160
2.385
2.324
2.277
2.129
2.119
2.063
2.290
2.367
2.247
2.271
2.233
2.334
2.362
2.413
2.229
2.240
2.267
2.382
2.371
2.138
2.140
2.170
2.265
2.368
2.362
2.464
2.001
2.235
2.270
2.333
2.137
2.152
2.212
2.173
2.148
2.369
2.354
2.387
2.312
2.299
2.127
2.186
2.319
2.095
2.386
1.985
2.281
2.236
2.203
2.193
2.316
2.196
2.275
2.401
2.254
2.345
2.339
2.241
2.254
2.389
2.268
2.429
2.464
2.114
2.214
2.324
2.352
2.225
2.251
2.062
2.154
1.996
2.367
2.135
2.358
2.123
2.256
2.153
2.123
2.242
2.215
2.313
2.142
2.368
2.115
2.267
2.262
2.270
2.200
2.018
2.026
2.334
2.258
2.292
2.292
2.222
2.232
2.145
1.997
2.367
2.209
2.319
2.312
2.171
2.303
2.273
2.359
2.138
2.313
1.839
2.102
2.158
2.410
2.294
2.262
2.254
2.274
2.300
2.400
2.344
2.258
2.392
2.021
2.440
2.091
2.354
2.107
2.342
2.423
