1.583
1.836
2.216
2.291
2.208
2.345
2.113
2.386
2.392
2.346
2.131
2.360
2.242
2.222
2.144
2.230
1.620
2.328
2.078
1.397
1.844
2.027
2.220
2.009
2.214
2.200
2.237
2.295
2.042
2.232
2.356
2.350
2.271
2.244
2.379
2.037
2.133
2.183
2.241
2.328
2.145
2.232
1.909
1.646
2.096
2.322
2.068
2.193
1.724
1.916
2.125
2.177
1.792
2.316
2.260
2.084
2.023
1.814
2.260
2.297
2.306
1.842
2.128
2.311
2.247
2.305
1.935
2.387
1.711
1.983
2.221
2.400
2.109
1.988
2.087
1.988
2.370
2.228
2.251
2.253
1.740
1.320
2.233
2.190
1.913
2.113
2.236
2.123
1.918
2.182
2.235
2.238
2.232
2.138
2.025
2.418
2.312
2.251
1.992
1.886
2.049
2.099
2.253
2.200
2.164
2.180
2.072
2.163
2.046
2.122
2.379
1.520
2.054
1.939
2.279
1.575
2.127
2.149
2.112
2.391
2.239
2.174
2.170
2.280
2.086
2.280
2.306
2.189
2.102
2.116
2.455
2.265
2.275
2.115
2.331
2.223
2.272
2.272
1.791
2.369
2.204
2.016
2.190
2.219
2.335
2.006
2.201
2.165
1.484
2.297
2.377
2.117
1.962
2.145
2.040
1.826
2.269
2.257
2.279
2.380
2.095
2.092
2.063
2.160
2.255
2.287
2.370
2.252
2.295
2.208
1.824
2.230
2.344
2.068
2.035
1.870
2.094
2.305
2.282
2.240
2.243
1.964
2.403
2.263
2.128
2.447
2.348
1.942
2.360
1.571
2.416
2.069
2.290
1.988
2.078
2.134
1.903
1.955
1.761
2.161
2.379
2.409
2.231
2.089
2.127
1.770
2.123
2.266
1.848
1.971
2.089
2.370
1.933
2.001
2.096
2.034
2.030
1.991
1.868
2.178
1.563
1.651
2.310
1.507
2.282
1.721
1.881
2.173
1.908
2.339
2.211
1.809
2.101
2.382
2.255
2.333
2.361
2.135
2.101
2.186
1.892
2.071
2.173
1.895
2.072
2.248
2.060
1.518
2.395
2.018
2.319
2.205
2.274
1.984
2.302
2.329
2.376
1.542
1.888
2.195
2.269
2.135
2.291
2.232
1.682
1.953
1.866
2.346
2.062
2.249
2.131
1.844
2.311
2.212
2.107
2.219
2.211
1.680
2.259
1.920
2.295
2.005
1.753
2.296
1.985
2.127
2.004
1.471
1.715
2.392
2.286
2.049
2.132
2.397
1.635
2.391
1.903
2.165
2.194
1.914
1.772
2.204
2.108
1.698
1.925
2.197
2.252
1.609
2.125
2.106
2.259
2.170
2.107
1.748
2.088
2.120
2.137
2.284
2.245
1.965
2.136
2.271
2.142
1.951
2.174
2.304
2.383
2.368
2.420
2.143
2.180
2.010
2.152
2.194
2.318
1.498
2.352
1.908
1.801
1.678
2.098
2.199
1.991
2.019
2.357
1.732
2.447
1.421
1.934
2.216
2.000
2.235
2.226
1.843
2.194
1.660
2.167
1.536
2.396
2.253
1.875
2.376
2.310
2.411
1.922
1.571
2.358
2.078
2.412
2.002
2.341
2.000
2.319
1.709
2.346
1.966
2.201
2.073
2.203
1.978
2.127
2.143
2.114
2.149
2.430
