2.328
1.723
2.126
2.129
2.192
2.117
2.401
2.339
2.247
2.418
1.509
2.135
2.103
2.093
2.266
2.149
2.086
2.399
2.400
2.288
2.288
2.025
2.027
2.243
2.245
2.325
2.284
2.227
2.086
2.307
2.179
2.294
2.147
2.017
2.223
1.569
2.329
1.907
2.392
1.836
2.253
1.991
1.946
2.183
2.134
2.367
2.398
2.329
2.316
2.008
2.273
2.049
1.731
2.179
2.172
2.311
2.307
2.229
2.220
2.093
2.218
1.995
2.137
2.205
2.018
2.109
2.271
2.329
2.108
1.712
2.311
2.378
2.042
1.777
2.368
2.084
2.200
1.959
2.284
2.186
2.264
1.988
2.014
2.199
2.264
2.163
2.086
2.369
2.046
2.127
2.208
2.197
1.722
2.184
2.378
2.289
2.100
2.017
1.667
2.259
2.134
2.298
2.224
2.226
2.359
1.798
2.136
2.331
2.260
1.946
2.161
2.000
2.081
2.166
2.273
2.180
2.388
2.270
2.243
2.261
2.157
2.327
1.805
2.134
2.010
2.274
2.068
2.366
2.403
2.318
2.000
2.112
1.763
2.055
2.247
2.377
1.889
2.236
2.191
2.102
2.235
1.324
1.994
2.027
2.029
1.992
2.408
2.218
2.037
1.679
2.040
2.291
1.928
1.771
2.323
2.353
1.920
1.949
2.084
2.139
2.405
2.384
2.273
2.107
2.443
2.397
1.797
1.800
2.002
2.300
2.222
2.382
1.448
2.392
2.381
2.229
2.246
1.905
2.396
2.291
2.227
2.208
2.303
2.269
2.144
2.260
2.102
2.333
2.446
1.994
2.175
2.268
2.314
2.167
2.338
2.284
1.903
1.728
2.214
2.364
1.756
2.028
2.364
1.793
2.114
2.164
2.086
1.881
2.156
2.071
2.187
1.623
2.197
1.984
2.000
2.114
1.893
2.271
2.246
1.843
2.113
2.285
2.003
1.899
2.278
2.360
2.248
1.580
1.877
2.366
2.234
2.162
1.983
2.045
2.382
2.070
2.296
2.386
2.067
2.120
2.379
2.319
2.083
2.255
2.151
2.074
1.750
1.728
2.054
2.232
2.116
1.789
2.245
1.930
1.606
2.034
1.936
2.261
1.942
2.187
2.179
1.726
2.027
1.500
2.366
1.807
2.254
2.371
2.276
2.429
2.054
2.322
2.419
2.370
1.842
2.399
2.284
1.767
2.362
2.268
1.806
1.900
2.341
2.287
2.044
2.261
2.209
2.168
2.054
2.172
2.287
1.931
2.364
1.970
1.843
1.723
2.120
2.010
2.191
1.957
2.269
2.029
2.335
1.839
2.261
2.423
2.197
2.114
2.139
2.424
2.223
2.323
2.087
2.159
2.149
1.786
2.452
2.128
2.008
2.169
2.131
2.215
2.248
2.366
2.384
2.220
2.124
2.071
2.348
2.298
2.142
1.857
1.839
2.143
2.067
1.810
2.240
2.099
2.394
1.998
2.323
2.104
2.285
2.044
2.051
2.214
2.045
