1.606
2.024
1.711
1.721
1.982
2.358
2.408
2.285
1.838
2.315
2.187
1.895
2.241
2.238
1.748
2.057
1.820
2.100
2.173
1.956
2.274
2.254
2.401
2.088
2.133
2.196
2.254
2.359
1.972
2.073
2.378
2.246
2.094
2.088
2.439
2.204
2.147
1.696
2.033
2.288
2.291
2.220
2.112
2.199
2.248
2.364
2.294
2.250
1.976
2.320
2.372
2.015
2.421
2.355
2.331
2.134
2.110
2.218
2.081
1.683
2.355
2.338
1.553
2.258
2.289
2.056
2.295
2.295
2.201
2.203
2.408
1.598
2.409
1.640
1.585
2.360
2.282
2.401
2.271
2.287
2.426
2.017
2.177
2.131
2.089
2.117
2.240
1.856
2.026
2.315
2.301
2.204
2.276
1.999
2.400
1.831
2.383
1.937
2.019
1.824
2.019
2.311
2.090
2.185
2.221
2.066
2.180
2.200
2.136
2.099
2.312
1.585
2.273
2.044
1.860
2.401
2.131
2.168
1.966
2.427
2.199
1.981
2.185
2.061
2.294
2.404
1.635
2.132
1.605
2.262
2.335
2.259
2.033
1.816
1.497
2.140
2.050
2.103
2.380
2.130
2.220
2.253
2.255
2.270
2.392
2.311
2.395
2.378
2.196
2.058
2.358
2.121
2.201
2.046
2.096
1.948
1.931
1.868
1.737
2.036
2.402
2.339
2.235
2.235
2.234
2.216
2.206
2.037
2.038
2.126
2.415
2.255
2.111
2.147
2.124
2.233
2.119
2.316
2.305
1.908
1.965
2.121
1.761
2.265
2.184
2.130
1.402
2.189
2.389
2.165
2.285
2.245
2.301
2.019
1.985
2.421
2.421
2.375
2.383
1.790
2.128
2.031
2.286
2.292
2.279
2.180
2.308
2.158
2.306
2.368
2.400
2.142
1.726
2.297
2.088
2.058
2.171
2.280
1.501
2.371
2.277
2.325
2.081
2.266
2.147
2.044
2.397
2.061
2.350
2.147
2.363
2.280
1.770
2.180
2.217
2.067
2.346
2.258
1.842
1.900
2.059
2.210
2.032
2.101
2.357
2.342
2.371
2.187
1.815
1.979
2.265
2.279
2.328
2.028
1.547
2.359
2.024
2.184
2.371
2.245
2.205
2.388
2.033
2.196
2.050
1.809
2.160
2.216
1.805
2.258
2.071
2.285
2.397
2.254
2.137
2.279
2.195
2.287
1.598
2.121
2.113
2.370
2.039
2.356
1.701
1.857
2.361
2.327
2.221
2.237
2.146
2.329
2.308
2.386
2.167
2.279
2.382
2.340
2.401
2.303
1.607
2.299
2.277
1.966
1.600
2.257
2.306
2.223
2.132
2.282
2.069
2.198
2.176
2.161
2.347
2.415
2.238
2.378
2.419
2.163
2.270
2.265
1.520
2.249
2.173
2.345
2.302
2.270
2.357
2.020
2.151
2.074
1.948
2.164
2.322
2.235
2.004
1.682
2.419
1.787
2.396
2.206
1.808
2.045
2.298
1.961
2.292
2.247
1.838
1.564
1.518
2.046
