2.088
1.930
2.082
2.349
1.994
2.350
2.242
2.204
2.188
2.025
2.393
2.116
1.881
1.908
2.311
2.181
2.121
2.155
2.181
2.079
2.123
2.137
2.164
2.277
2.084
2.159
2.241
1.981
2.114
2.446
2.080
2.138
1.785
2.190
2.216
1.720
2.064
1.866
1.934
1.909
2.179
1.982
2.267
2.184
2.213
2.160
1.523
1.881
2.286
2.108
2.206
2.059
2.168
2.019
2.204
2.290
2.387
2.038
2.070
2.272
1.947
2.360
2.030
1.994
2.267
2.235
2.155
1.957
2.138
2.183
2.141
2.418
2.331
2.128
2.246
2.351
1.992
2.345
2.115
2.208
2.298
2.249
1.896
2.216
2.085
2.080
1.824
2.150
2.111
2.129
2.300
1.420
1.946
2.287
1.732
2.243
1.514
2.149
2.200
2.156
2.309
2.173
2.186
1.812
2.285
2.074
2.342
1.775
2.268
2.263
2.234
2.307
2.101
1.951
1.790
2.147
2.074
1.951
2.203
2.266
2.215
2.386
2.030
2.297
2.379
2.138
1.416
2.366
1.960
2.216
2.247
2.148
2.168
1.868
2.256
2.256
2.185
1.537
1.780
2.199
2.103
2.292
1.970
2.181
2.060
2.220
2.169
2.294
2.011
2.264
2.262
2.252
2.364
2.067
1.496
2.365
2.053
2.090
2.125
2.076
2.125
1.892
1.496
2.110
2.393
2.228
2.100
2.108
2.186
2.319
2.228
2.268
2.259
2.144
1.829
2.212
2.242
2.168
2.311
1.892
2.265
2.246
2.266
2.265
2.261
2.277
2.260
2.128
2.099
2.234
2.119
2.133
2.384
2.103
2.022
2.133
2.063
1.887
1.793
2.121
2.188
2.145
2.148
2.173
1.945
2.297
2.057
2.195
2.221
1.733
1.697
2.217
2.110
2.227
2.335
2.293
2.300
2.404
2.385
2.305
2.202
2.059
2.411
2.162
1.997
2.389
2.253
2.053
1.591
2.295
2.343
2.250
2.286
2.278
1.772
2.274
1.865
2.146
2.285
2.175
2.047
2.277
2.220
2.348
2.273
2.253
2.173
2.035
2.139
2.403
1.696
2.139
1.928
2.227
2.199
2.387
2.183
2.103
2.221
1.784
1.917
2.333
1.863
1.846
2.247
1.465
2.163
2.265
1.990
2.246
2.184
2.067
2.363
1.474
1.850
2.187
2.320
2.211
2.149
2.179
1.966
2.333
2.331
2.141
2.179
1.613
2.232
2.167
2.035
1.448
2.211
2.224
1.931
2.199
2.267
2.266
2.152
2.274
2.221
2.225
2.279
2.413
2.084
2.267
2.246
2.184
2.343
2.191
2.129
2.172
2.222
2.049
1.935
2.365
2.122
2.241
2.240
2.029
2.191
2.222
2.136
2.326
2.093
2.205
2.256
2.283
2.405
1.821
1.831
2.107
1.921
1.635
2.039
2.175
2.112
2.097
2.225
2.124
2.116
2.127
2.250
2.348
2.104
2.358
1.860
2.364
2.109
2.292
2.270
2.014
2.372
2.230
2.265
2.029
2.284
2.116
1.514
2.217
1.663
1.938
2.173
2.150
2.291
2.216
1.508
2.361
2.100
2.255
1.710
2.150
2.086
2.070
2.228
2.302
2.374
1.969
2.113
2.122
2.134
2.418
2.412
2.403
2.403
2.412
2.331
2.384
2.271
2.326
1.497
2.425
1.757
1.846
1.865
1.854
2.309
2.291
2.231
2.246
1.890
1.753
2.271
2.089
2.226
2.097
2.041
2.144
2.094
1.766
2.090
2.036
1.990
2.247
1.938
1.981
2.359
1.877
2.160
1.523
1.732
1.806
1.991
2.138
2.244
2.057
1.890
2.123
2.404
1.489
2.127
2.105
2.302
1.597
2.170
2.408
1.502
2.198
2.054
1.787
2.116
2.115
2.386
1.476
2.202
2.210
2.185
2.287
2.335
1.789
2.265
2.370
2.218
2.022
1.567
1.818
2.125
2.296
2.374
2.108
1.957
1.926
2.150
1.527
2.239
1.722
2.117
2.090
2.214
2.103
1.872
2.121
2.097
2.288
1.745
2.328
1.446
1.899
1.665
2.286
2.193
2.089
1.941
2.076
1.986
2.232
2.291
1.927
2.012
2.203
1.836
1.553
2.229
2.133
2.371
2.366
2.380
2.264
2.042
2.369
2.362
2.273
2.309
2.406
2.177
2.184
2.339
2.234
2.057
2.396
1.845
2.195
2.058
2.015
2.301
2.208
2.271
2.214
1.834
1.731
1.824
2.108
2.110
2.169
1.908
1.912
1.592
2.321
2.317
1.794
1.803
1.834
1.754
2.111
2.039
2.256
2.220
2.244
1.899
2.168
1.928
2.147
2.096
2.187
2.166
2.170
2.076
2.234
2.201
2.342
1.879
1.415
2.260
2.264
1.751
2.298
2.198
1.900
1.747
1.967
1.948
2.070
2.233
2.297
2.233
2.037
2.076
1.826
2.211
2.102
1.716
2.290
2.050
1.564
2.138
2.025
1.807
1.912
1.959
2.291
2.010
2.367
1.886
2.268
2.231
2.110
2.372
1.894
2.082
1.944
1.747
1.863
1.979
2.242
2.312
2.298
2.016
2.296
2.122
2.210
2.241
2.147
2.221
2.014
2.188
2.367
2.158
1.879
2.194
2.161
2.218
1.814
2.012
2.142
1.710
1.565
2.119
2.228
2.208
1.792
2.005
2.236
2.094
1.592
2.258
2.238
2.022
1.681
1.841
2.119
2.185
1.933
1.928
2.079
2.147
1.977
2.007
2.037
2.309
2.172
2.035
1.947
2.074
2.142
2.329
2.369
1.793
2.079
1.972
2.164
2.261
2.296
2.117
2.281
2.069
2.167
2.231
2.044
1.953
2.241
1.984
2.032
2.070
1.576
1.656
2.383
2.339
2.440
2.183
2.056
2.263
1.818
1.865
1.820
2.268
2.239
2.230
2.077
1.538
2.042
1.923
2.247
1.862
2.270
2.196
2.212
1.859
2.283
1.882
2.130
2.187
1.899
2.306
2.019
1.970
2.409
2.043
2.309
2.329
2.232
2.315
2.100
2.065
1.442
2.255
2.081
2.197
2.253
2.066
2.198
1.993
2.251
2.072
2.362
2.337
2.001
2.371
2.281
1.626
1.890
2.151
2.078
2.385
1.530
2.226
2.125
2.004
2.084
2.159
2.132
2.407
2.396
1.786
2.158
2.026
2.227
1.974
2.205
2.149
2.133
2.272
1.885
2.315
1.600
1.987
1.406
1.935
1.912
2.108
2.062
2.159
2.265
2.177
2.220
2.365
2.414
2.025
2.133
2.239
1.910
1.697
1.946
2.330
2.211
1.487
2.110
2.313
2.114
2.125
1.935
2.216
1.965
2.154
2.155
2.159
2.173
2.199
2.114
2.279
1.888
2.313
2.251
2.352
2.212
2.248
1.926
1.732
2.262
2.162
2.163
1.812
1.927
1.835
1.843
2.427
2.305
2.173
2.277
2.374
2.377
2.381
2.215
2.307
2.046
2.237
1.995
2.179
2.286
2.374
2.033
1.761
2.362
2.139
2.198
2.271
2.141
1.916
2.253
1.909
2.187
2.186
2.211
2.269
2.295
1.986
2.371
2.010
2.220
2.209
1.434
2.103
2.274
2.077
2.108
2.272
2.011
2.010
1.905
1.979
1.948
2.233
1.840
2.332
2.331
1.845
1.935
2.316
2.043
1.995
1.584
2.314
2.289
2.070
2.294
2.156
2.039
2.097
2.239
2.226
2.228
2.148
1.880
2.251
2.295
1.847
2.300
1.609
2.199
2.183
2.286
2.282
2.292
1.830
2.337
2.227
1.986
2.237
1.997
2.316
2.133
2.321
2.134
1.871
1.563
2.173
2.008
2.009
1.773
2.314
2.005
1.602
2.279
2.101
1.968
2.193
2.142
2.344
1.963
2.161
2.157
1.534
2.352
1.981
2.077
1.780
2.255
2.092
2.092
1.999
2.060
2.144
2.114
2.257
2.224
1.773
2.301
2.062
1.945
2.230
1.705
2.167
1.626
1.766
2.246
2.205
2.178
2.130
2.198
1.710
2.252
1.942
2.200
1.955
2.157
1.860
2.176
2.077
2.036
2.178
2.270
2.268
2.203
1.871
2.244
2.261
2.244
2.256
2.157
2.236
2.067
2.390
1.874
2.220
2.118
2.222
2.211
2.207
2.088
2.217
1.511
2.105
2.241
2.376
2.365
2.306
1.974
2.179
2.220
2.147
2.202
2.198
2.402
1.560
2.172
2.115
2.271
1.941
2.244
2.216
2.207
2.053
1.688
2.037
2.082
2.145
2.191
1.867
1.800
2.394
2.137
1.845
1.941
2.214
2.103
2.206
2.305
2.055
1.493
1.823
2.256
1.997
2.180
2.258
1.913
2.212
2.157
2.393
2.351
2.265
2.062
2.349
2.215
2.264
1.876
2.192
2.228
2.280
