63.438
64.526
59.370
62.467
59.737
53.158
60.051
58.919
45.407
53.495
60.760
54.729
55.053
47.976
52.748
45.411
54.277
55.394
45.862
55.248
62.995
55.512
53.130
69.465
51.942
48.436
56.226
62.327
50.195
72.195
56.646
57.793
64.995
59.631
58.252
58.319
57.872
47.151
53.378
48.681
54.073
63.180
49.104
60.738
52.901
50.835
73.470
43.849
53.163
76.559
51.006
51.381
59.786
62.014
66.811
63.127
75.666
60.509
49.324
58.551
52.820
54.410
53.188
64.011
56.728
54.318
51.265
58.309
55.210
57.649
54.309
53.275
58.144
51.731
43.327
52.498
52.659
65.194
47.572
48.353
55.415
64.932
57.956
58.410
43.505
59.185
58.192
53.530
54.165
54.912
51.492
66.002
56.882
69.814
59.944
59.079
44.308
50.231
62.493
64.920
73.253
50.059
57.825
43.950
52.104
46.340
48.094
50.092
52.713
64.316
63.114
56.873
49.733
44.538
64.817
56.294
62.366
56.626
49.676
50.354
55.314
50.855
48.665
59.833
69.424
69.648
47.714
57.856
41.924
48.140
90.163
54.096
45.962
48.407
59.771
59.383
53.381
49.175
53.297
52.853
48.961
61.285
49.308
48.984
49.344
51.869
51.311
64.496
61.059
54.498
68.335
66.883
61.550
52.008
48.841
50.700
54.649
48.167
61.786
49.764
42.816
62.820
44.879
61.099
63.864
70.780
51.220
49.365
48.224
48.817
58.233
65.010
68.963
69.919
52.754
45.458
67.584
57.173
51.777
60.022
47.373
58.507
51.750
49.617
50.591
48.246
60.224
52.863
58.390
48.172
55.775
49.743
43.560
53.830
75.686
52.400
56.140
58.332
56.837
47.441
59.211
55.436
53.249
48.662
71.478
54.444
50.413
56.407
50.141
50.781
53.424
51.867
51.936
43.724
59.138
53.380
50.303
60.254
49.951
