66.469
104.601
53.264
77.121
95.055
83.967
73.577
61.992
77.117
71.819
84.576
70.560
113.008
92.885
54.669
48.815
74.515
69.851
55.876
66.985
76.645
67.728
75.244
69.229
65.982
76.946
66.992
64.977
75.058
69.879
53.722
69.999
60.657
98.148
57.381
84.905
75.204
63.909
63.217
69.414
62.911
86.429
66.861
95.023
62.901
101.255
99.272
71.030
64.306
60.584
80.034
78.875
64.923
52.043
79.921
59.202
55.334
61.412
100.805
58.996
73.092
75.217
96.830
87.181
93.304
62.784
57.317
51.061
86.037
91.160
57.878
75.396
60.560
58.440
59.015
43.893
61.159
74.472
58.744
56.329
66.542
61.545
81.369
64.502
89.035
56.836
57.864
86.620
104.564
70.175
70.575
69.566
54.220
87.964
120.051
93.700
103.815
58.164
64.586
75.391
69.862
65.198
67.224
75.745
65.055
103.581
59.733
63.304
58.542
76.142
67.161
69.137
44.932
43.466
51.739
51.982
72.471
63.013
90.577
78.956
75.830
61.999
69.752
93.233
51.962
60.868
57.731
53.562
70.760
115.997
56.330
48.632
78.933
69.458
92.218
66.592
60.279
96.081
83.039
68.051
99.864
71.829
88.271
102.810
71.833
116.627
78.603
65.500
57.174
85.404
102.836
75.665
93.807
71.686
68.893
60.186
57.633
114.325
72.643
63.440
63.389
66.638
71.007
62.299
60.938
74.843
108.548
69.762
90.362
82.315
103.823
57.319
68.982
99.987
75.912
87.250
50.126
67.650
80.256
69.606
88.962
52.504
89.882
56.384
82.905
82.487
60.379
56.935
100.358
80.439
84.133
64.578
64.848
83.667
50.545
61.317
96.474
91.344
66.611
87.020
102.378
82.562
82.915
57.527
71.415
81.397
49.397
59.849
70.869
80.507
81.956
83.707
102.348
83.050
48.255
109.019
53.809
70.509
95.400
57.249
96.094
55.289
76.742
73.855
90.116
43.353
90.057
69.452
105.655
74.470
48.662
49.064
71.005
53.525
46.256
55.418
64.439
75.327
51.141
71.030
53.202
64.655
45.381
55.087
57.239
52.168
53.861
78.299
80.894
49.840
76.377
66.039
54.793
58.257
63.761
84.059
93.872
78.984
49.647
56.840
95.570
68.966
61.719
57.238
75.779
75.566
84.903
83.874
57.521
64.048
91.638
88.312
42.841
45.943
50.783
44.045
45.648
65.076
91.417
51.831
78.547
54.188
86.204
80.694
53.807
91.386
83.271
48.628
50.161
53.848
102.017
63.639
91.715
51.358
64.092
79.820
55.944
54.391
54.123
57.164
53.438
62.454
61.441
101.351
69.346
82.683
93.680
81.161
69.923
86.364
84.746
59.341
96.445
49.566
96.863
74.020
107.882
79.707
88.295
51.295
72.151
95.234
96.751
68.005
67.960
57.320
50.227
66.588
46.599
93.906
79.421
80.892
59.678
79.067
56.408
55.872
56.343
55.618
55.840
56.063
56.381
55.606
55.874
56.207
56.317
56.031
56.130
106.462
47.439
47.344
50.518
106.086
54.822
50.790
55.181
88.897
54.198
107.332
106.546
104.674
106.418
105.194
104.637
57.017
77.080
70.850
76.900
107.838
106.055
56.001
61.258
58.345
56.834
56.984
65.538
66.118
87.937
59.093
64.296
83.378
60.379
57.465
57.268
46.963
61.802
82.277
55.101
60.807
81.318
77.367
73.115
83.095
81.031
68.677
54.585
58.267
69.868
70.386
84.972
83.877
73.412
60.642
66.702
60.370
68.851
93.463
73.363
71.132
80.052
76.133
116.237
89.071
59.984
85.089
45.913
67.291
66.099
96.287
117.320
52.451
68.312
64.002
65.337
92.807
102.229
88.218
75.967
67.570
93.501
69.791
49.549
67.397
93.160
63.799
60.853
58.394
67.107
90.442
87.594
52.056
83.955
64.317
101.225
63.038
84.435
76.827
77.796
48.110
81.936
77.210
76.435
65.343
52.655
100.285
65.694
97.681
67.467
93.732
114.882
98.372
97.679
105.292
98.222
107.785
95.273
97.924
56.180
52.112
56.015
104.406
54.361
94.547
83.527
106.877
77.396
78.842
78.959
65.536
85.302
79.606
70.355
60.481
69.453
70.016
67.461
56.137
83.848
70.469
69.911
53.839
91.284
48.228
50.156
47.670
80.852
64.795
51.650
48.768
73.774
47.786
82.284
81.972
100.800
64.691
79.316
101.308
82.577
69.185
61.420
70.195
60.825
78.390
64.377
104.184
87.683
88.990
86.429
63.277
74.899
66.352
63.565
57.328
80.090
66.189
64.356
64.784
58.624
66.291
81.367
84.322
85.013
82.552
104.117
93.271
67.029
72.230
97.151
78.056
89.885
84.312
52.271
76.344
48.615
69.896
76.693
78.127
56.683
66.508
73.009
84.220
57.104
88.585
54.675
67.053
70.296
100.523
60.084
65.519
50.912
66.047
49.715
92.684
68.530
76.080
51.205
63.653
71.519
82.428
81.133
81.717
85.638
89.577
69.954
75.401
64.991
61.785
70.994
60.427
106.604
90.398
101.838
48.921
73.833
57.973
64.563
95.007
92.274
66.187
80.137
63.655
103.724
101.400
96.907
98.833
67.065
84.434
62.758
81.475
87.583
58.265
57.732
62.311
47.479
68.751
80.982
63.292
84.699
48.134
58.836
86.238
81.355
68.492
61.761
75.841
82.023
79.803
52.603
54.575
60.330
113.884
62.913
73.168
65.727
60.084
79.887
56.071
47.277
55.810
89.686
66.192
70.729
47.263
97.797
58.887
56.428
79.649
50.768
68.465
82.861
68.818
72.831
62.932
75.836
88.145
51.250
104.700
86.970
76.424
74.683
82.487
78.498
63.228
82.698
58.556
62.220
78.293
57.634
54.687
105.065
56.419
59.984
50.128
50.257
56.643
82.629
92.319
58.650
82.081
58.822
65.322
91.201
63.071
65.887
62.288
65.066
82.813
80.716
89.982
91.831
81.342
58.860
58.542
85.058
67.156
99.811
105.999
64.677
59.744
79.295
69.128
42.929
62.426
70.997
83.351
43.033
57.748
77.725
59.142
113.754
54.161
49.350
65.123
87.358
78.299
59.695
105.671
78.465
100.746
60.259
91.171
52.339
67.871
83.245
62.467
44.722
52.542
90.558
83.176
84.413
67.496
64.814
85.017
103.941
82.826
54.621
61.143
84.909
81.723
47.741
63.453
70.872
61.678
79.062
89.397
66.033
103.479
61.563
52.286
83.760
56.950
66.069
80.056
109.942
82.217
105.937
83.978
57.267
66.941
64.589
52.567
95.765
61.041
61.823
108.382
66.345
88.739
89.104
82.977
71.143
67.778
84.382
56.432
76.012
72.284
77.448
62.263
62.963
71.278
61.883
78.034
61.571
90.224
55.224
61.315
93.825
87.514
43.900
56.900
60.488
101.480
72.555
74.147
64.210
66.807
61.873
68.596
66.407
60.369
98.573
72.258
47.763
66.759
89.066
49.261
70.874
57.399
89.709
63.634
77.967
113.318
45.031
41.996
60.355
47.069
92.781
92.265
77.838
65.161
81.276
95.494
67.173
73.963
57.004
63.600
90.431
77.238
55.365
81.368
104.955
66.744
67.986
51.254
88.861
69.877
88.432
49.932
97.426
87.411
68.508
75.616
60.422
57.715
112.688
56.271
103.452
60.162
87.582
79.208
61.386
71.858
73.415
63.347
73.176
73.549
96.428
75.704
83.165
92.470
90.140
70.944
57.763
61.900
42.864
59.001
69.738
60.110
79.049
55.119
91.257
91.612
79.010
65.283
51.423
65.404
63.407
54.458
49.807
50.219
82.357
84.293
56.838
84.673
101.712
69.094
76.943
87.953
55.142
73.263
101.025
112.148
72.772
83.176
87.151
68.004
82.472
103.490
66.380
82.205
53.322
82.602
85.652
64.282
96.664
73.235
93.468
106.033
96.611
55.020
93.779
59.957
48.784
62.487
110.647
77.704
104.678
57.983
96.462
57.440
69.398
108.266
69.938
69.559
72.634
90.562
45.468
67.642
93.297
57.701
74.906
102.067
80.911
76.509
104.335
78.095
54.249
53.892
69.281
67.582
76.274
57.746
55.914
70.436
70.376
73.942
96.125
61.191
69.285
79.052
72.898
82.325
53.280
62.616
66.863
58.269
116.030
60.553
78.325
65.847
55.219
71.737
61.871
52.025
59.997
88.747
78.739
68.431
55.217
62.964
102.333
80.082
71.602
99.730
67.420
82.382
58.945
70.110
87.000
67.441
61.150
77.184
85.172
76.340
74.686
66.920
58.535
75.915
100.381
82.761
70.759
55.730
54.355
54.676
57.107
58.550
76.593
75.567
100.025
102.745
93.496
68.986
88.999
94.108
53.320
92.411
96.569
90.440
60.887
79.793
91.756
103.992
67.821
66.213
64.354
55.940
52.334
87.466
93.759
53.379
85.388
46.538
65.600
78.868
86.188
83.685
68.251
92.528
52.454
43.095
60.354
58.863
57.318
108.678
65.855
71.185
50.377
65.054
54.059
65.704
91.451
68.111
63.672
64.129
59.954
74.509
93.840
97.182
52.274
78.791
85.678
58.689
42.982
102.814
92.338
125.251
71.498
117.029
59.976
88.387
52.672
89.069
64.382
94.411
108.093
83.571
72.243
67.584
46.400
56.005
96.117
90.467
71.025
50.798
53.267
81.092
51.725
96.304
101.729
60.970
92.187
102.944
52.370
97.630
57.849
64.293
58.349
64.302
90.743
66.660
55.527
58.552
59.132
59.214
60.778
60.778
59.288
58.149
56.250
57.762
58.336
58.565
54.744
56.556
58.449
55.206
57.887
57.675
60.758
90.647
80.338
76.886
77.965
65.737
88.606
101.862
66.221
53.970
67.004
59.628
77.344
90.380
64.258
65.045
74.456
59.720
79.824
109.052
62.535
62.378
77.254
91.756
44.009
68.374
75.682
62.266
68.281
70.729
55.889
89.614
68.059
43.274
92.966
80.485
69.239
77.238
89.959
47.644
57.495
106.681
55.396
59.353
73.139
63.190
94.363
73.141
63.548
82.127
61.761
78.797
88.586
87.687
74.344
120.651
76.298
52.224
53.945
53.968
54.646
82.580
89.442
68.234
54.786
55.058
104.881
103.669
91.313
90.663
63.848
77.569
49.457
49.366
50.759
48.861
62.616
58.749
59.910
57.930
101.168
113.758
73.771
72.107
70.626
88.368
65.939
62.600
80.287
71.926
99.393
96.924
56.749
49.270
59.942
83.476
58.048
73.541
51.556
101.976
85.282
86.627
81.206
50.759
60.396
105.832
106.621
55.491
56.970
71.156
68.608
64.591
69.984
90.699
78.364
69.853
77.378
55.409
96.581
58.017
96.566
101.066
46.800
98.386
70.463
57.369
66.197
69.096
69.186
63.928
61.049
91.422
62.685
95.426
95.126
61.867
54.912
86.706
115.171
62.092
98.724
79.921
66.384
60.502
82.418
79.371
51.449
63.407
62.701
49.826
60.189
77.293
93.852
105.065
63.043
80.879
105.769
78.499
75.628
49.902
74.488
89.166
99.393
52.389
71.635
92.393
86.109
76.899
90.681
81.332
65.760
76.766
66.531
67.331
59.501
63.746
102.563
64.417
56.321
96.466
88.653
52.513
63.762
74.964
82.041
57.202
83.210
99.968
67.685
77.386
68.186
53.788
78.143
103.965
82.938
87.688
73.958
79.031
83.581
98.569
79.052
59.926
86.376
67.893
78.083
83.385
102.515
104.335
113.973
92.387
62.344
54.879
57.523
56.242
77.646
76.966
61.111
107.485
76.934
72.185
118.410
78.881
59.204
73.015
97.828
103.044
59.715
75.695
63.339
56.865
98.969
99.599
50.364
44.259
49.350
92.857
70.401
78.419
83.076
53.466
77.454
53.675
46.384
106.981
56.692
69.576
106.363
66.473
97.372
72.311
58.130
58.817
80.924
83.871
68.228
55.386
60.697
77.435
49.742
63.643
57.351
61.018
82.583
61.010
76.928
99.969
65.883
89.922
47.105
92.890
64.677
65.981
56.011
84.299
52.053
58.249
58.696
69.595
59.449
50.351
69.245
64.482
86.241
57.706
59.377
58.415
91.612
50.152
50.794
81.330
86.493
62.001
82.399
76.400
76.949
66.451
80.980
99.764
55.958
65.972
42.732
65.550
66.672
98.698
107.809
103.136
53.270
94.168
82.456
82.556
92.046
82.646
92.205
81.988
51.917
76.171
57.564
91.818
101.173
93.832
58.421
56.269
68.131
79.170
84.366
91.801
57.595
54.610
107.404
84.875
61.888
77.214
63.123
84.770
86.582
55.030
65.116
54.156
100.745
54.612
66.171
68.284
60.758
69.142
76.418
71.721
83.210
67.845
73.716
69.000
90.408
55.983
59.758
65.253
69.256
71.475
72.114
71.578
95.155
50.671
80.565
60.385
53.220
61.156
62.989
51.464
53.696
50.088
48.934
50.927
48.492
51.511
53.210
52.722
52.644
55.821
54.532
54.466
55.480
72.048
73.607
80.791
60.927
89.771
