65.315
112.097
78.150
57.864
62.809
55.777
55.197
80.912
79.194
49.715
60.207
56.307
75.879
52.132
52.852
52.900
68.002
59.913
68.323
64.512
66.071
74.461
74.961
57.301
56.831
75.039
53.407
61.323
60.037
77.839
69.107
76.770
51.664
52.644
69.214
65.562
57.309
51.991
70.190
92.546
83.126
114.417
114.759
66.699
57.456
114.966
66.661
61.510
49.732
63.518
70.604
67.840
64.952
69.354
49.406
97.336
61.242
69.859
57.230
63.560
55.315
47.150
58.402
57.051
82.455
57.224
88.248
70.054
73.637
90.033
57.545
65.403
65.704
52.836
62.272
55.860
113.761
67.481
59.225
56.896
66.430
58.345
108.758
65.332
70.833
92.659
60.520
44.322
102.931
64.622
56.504
55.592
72.726
79.150
52.546
81.559
57.023
67.757
90.879
49.168
48.486
83.183
55.432
71.279
60.500
64.123
76.726
85.360
59.519
48.466
106.380
57.089
59.189
92.141
67.539
63.021
94.967
92.900
97.172
71.344
50.842
54.369
95.227
77.854
88.548
125.447
63.291
95.821
114.632
89.632
94.856
103.074
57.089
84.914
80.064
60.311
53.839
104.976
62.327
63.789
62.886
123.474
70.258
71.978
66.893
63.948
98.025
52.972
78.707
61.739
79.636
54.577
64.876
83.706
71.920
82.156
55.264
49.089
73.459
80.845
91.582
60.321
54.251
71.133
55.813
65.682
55.013
75.698
52.717
56.162
61.416
67.006
45.327
78.291
57.564
57.888
56.664
55.778
55.021
50.894
47.397
57.842
56.163
89.249
53.524
47.188
60.157
59.432
66.871
78.063
62.236
50.980
68.259
73.376
53.800
71.849
62.429
80.668
63.095
63.026
47.443
99.430
69.318
89.316
83.713
55.213
52.720
65.700
49.224
77.954
59.119
69.844
50.693
72.306
80.417
56.220
67.123
45.998
53.683
93.627
54.264
46.728
66.161
61.379
71.811
66.933
101.026
87.954
96.617
78.490
65.951
65.107
90.677
97.135
94.585
64.518
108.568
70.182
72.940
54.363
62.131
102.785
52.195
47.495
71.016
63.108
60.787
51.491
57.401
45.150
57.510
61.731
56.315
48.694
73.591
53.826
59.696
72.026
67.044
109.945
76.934
72.872
66.615
47.358
58.815
59.411
57.743
58.310
58.659
96.186
112.348
52.816
79.279
70.575
60.624
62.336
62.016
84.376
64.203
54.050
77.492
61.330
46.264
59.961
60.005
59.777
65.467
42.475
43.158
57.078
62.888
53.918
59.316
60.194
100.404
95.510
97.509
51.592
65.794
70.028
72.235
62.853
71.703
47.431
53.502
51.892
54.753
48.987
49.962
50.388
67.958
78.555
78.345
115.351
45.225
60.147
66.741
48.843
51.572
60.925
66.159
73.454
51.766
60.718
76.549
62.445
106.449
83.942
69.230
65.231
61.275
61.004
67.300
92.988
46.852
102.008
73.702
45.942
58.400
83.777
69.555
50.319
83.889
72.816
51.469
78.112
73.663
56.746
53.525
57.626
66.192
89.229
61.443
67.201
58.739
50.860
69.395
55.049
68.928
77.127
57.815
82.376
71.054
92.507
61.062
92.048
89.883
63.185
88.443
71.163
55.529
61.153
81.550
86.754
56.919
86.928
63.720
61.127
102.474
67.168
60.049
60.268
61.228
74.090
85.881
46.436
100.632
54.243
91.182
94.447
64.349
66.325
69.674
69.866
71.930
57.449
55.489
104.953
71.720
73.041
69.599
48.268
69.319
65.011
63.467
65.146
63.294
69.803
117.160
53.596
54.104
92.745
106.119
53.688
80.229
95.738
76.799
52.751
55.618
55.881
56.903
50.932
52.042
54.223
51.750
77.686
62.710
70.112
55.210
75.736
59.982
49.232
82.757
72.114
60.097
58.702
67.040
79.481
74.450
48.231
80.511
51.818
53.412
65.500
54.125
76.622
89.021
66.855
51.200
56.243
104.489
92.379
49.977
54.106
75.815
62.789
53.847
54.636
49.235
59.989
62.184
86.021
51.688
46.105
56.226
51.614
50.359
62.094
62.552
83.175
56.668
78.161
56.651
55.487
51.465
60.187
99.370
62.848
55.091
55.472
58.966
54.476
94.711
55.803
55.420
59.224
62.358
68.627
57.886
52.608
50.312
98.030
61.101
63.762
71.978
65.276
72.587
89.359
49.790
109.592
54.333
114.426
54.186
75.955
60.785
74.626
73.563
72.007
58.448
72.440
55.361
52.875
59.954
66.035
49.743
111.042
51.059
61.161
69.066
109.530
72.690
52.904
55.293
49.324
65.524
