104.248
71.395
44.693
53.025
55.355
48.161
59.139
43.671
48.744
47.689
53.916
47.905
57.583
50.652
54.387
58.380
50.447
51.041
50.977
50.654
51.379
52.413
46.412
52.348
53.701
47.622
49.035
52.014
62.427
48.022
41.172
84.308
46.485
45.532
48.457
45.597
45.570
49.575
49.273
57.976
59.472
56.624
54.607
70.602
58.155
50.397
55.128
45.149
61.523
44.737
47.654
49.961
52.766
53.170
48.222
48.923
53.762
51.339
50.125
58.306
67.273
48.889
42.898
53.686
55.616
47.828
51.108
61.963
59.798
55.522
55.395
47.132
48.824
52.965
53.327
50.737
49.454
54.422
58.791
57.991
56.492
54.989
66.893
59.607
48.438
48.384
50.484
54.715
53.737
69.282
78.188
48.389
47.258
58.181
57.775
47.308
66.622
62.675
58.496
63.308
72.209
45.476
54.656
46.701
52.666
54.998
51.189
50.662
58.505
59.591
64.021
61.420
55.580
55.718
55.013
59.460
67.522
49.928
57.345
64.119
48.292
57.993
49.103
94.399
56.465
67.350
45.928
62.143
57.920
51.844
74.091
64.255
57.204
44.228
61.203
49.329
64.342
60.315
52.746
64.011
64.068
60.935
49.097
48.340
65.457
57.125
50.155
56.755
58.794
48.894
53.843
62.733
71.677
51.243
58.789
44.165
46.521
64.326
66.748
56.765
83.956
58.238
57.644
65.341
51.592
54.586
46.413
43.835
65.305
51.755
54.534
63.759
67.610
44.842
54.879
54.528
55.091
55.885
52.462
46.798
48.701
42.502
60.952
45.472
66.188
50.737
49.507
49.493
46.569
51.052
46.529
43.958
61.978
48.650
49.088
49.411
46.477
67.466
60.306
54.143
49.549
51.472
59.220
46.170
58.452
50.852
51.338
68.094
65.787
57.590
58.217
44.478
53.219
47.357
63.483
50.458
72.001
48.249
61.468
53.335
45.454
59.115
57.223
57.451
62.089
52.189
61.974
71.173
52.605
60.330
45.807
43.099
50.202
60.593
55.456
62.518
50.900
68.326
49.695
52.352
45.585
64.603
54.307
54.766
45.560
42.189
91.469
62.935
54.139
46.163
55.871
48.032
51.567
53.527
62.774
64.422
48.155
53.910
69.090
50.635
45.080
50.622
56.787
69.182
59.564
46.677
63.482
61.253
67.252
59.190
67.070
82.611
58.505
55.165
48.873
49.018
58.532
44.490
50.697
48.471
51.738
51.289
59.798
52.632
60.813
55.284
48.159
57.985
53.436
48.723
44.155
47.770
68.125
60.440
54.398
49.392
51.437
47.715
49.925
45.114
52.082
53.654
61.114
50.308
43.970
51.296
47.240
61.540
49.367
45.154
48.859
62.446
47.409
62.131
59.285
45.790
51.479
52.086
71.933
61.454
59.270
48.301
64.154
61.786
52.865
64.476
48.829
56.607
63.798
80.052
45.289
60.695
58.568
89.220
57.594
51.444
80.468
58.669
55.648
55.809
44.808
47.016
48.581
45.475
50.430
62.214
57.559
55.827
73.944
48.525
45.084
64.148
59.679
62.028
47.196
45.775
49.579
48.252
52.964
59.560
53.516
57.612
51.083
61.287
56.633
70.663
58.199
50.285
60.766
62.960
48.554
50.800
60.547
65.520
65.593
64.905
56.406
48.090
62.297
63.424
54.004
48.822
45.906
45.186
63.008
61.804
52.137
45.502
44.986
67.232
64.302
67.202
61.100
45.006
48.056
42.533
71.130
58.715
56.479
51.271
68.232
61.512
56.829
58.991
64.287
47.990
50.331
46.215
48.022
53.074
68.252
64.549
51.845
68.972
54.701
92.289
59.378
51.590
60.392
60.793
58.991
62.776
55.834
52.137
60.075
49.510
47.595
59.705
60.662
47.695
58.919
47.479
44.006
72.894
58.060
56.930
49.209
61.404
58.770
66.828
68.032
69.823
49.008
62.959
51.352
60.669
49.747
70.514
68.420
63.061
62.870
55.081
64.346
48.061
69.517
53.871
55.258
55.092
64.853
82.290
68.045
50.040
58.425
54.514
49.374
64.598
61.796
72.428
83.307
46.697
64.981
51.081
52.534
67.053
52.558
57.960
49.076
64.355
53.562
83.987
69.880
72.473
45.550
53.420
60.424
57.996
59.485
55.611
43.633
56.069
60.992
51.622
77.094
43.869
73.939
59.171
62.747
48.360
44.078
