66.246
54.945
57.203
82.148
69.089
78.260
78.723
95.934
58.324
69.825
58.035
93.431
72.538
87.259
84.631
69.105
58.042
101.534
56.923
46.960
76.775
97.435
64.360
97.850
94.488
104.569
57.746
57.945
90.469
57.462
95.337
93.144
95.288
105.685
107.697
50.169
70.059
74.880
66.989
83.590
65.612
63.147
65.913
55.084
85.029
98.067
69.359
47.618
96.432
82.526
66.993
97.429
83.342
82.478
68.329
87.971
78.098
55.671
56.664
75.757
74.348
56.074
68.379
62.629
63.307
66.608
55.827
85.006
49.663
69.292
69.288
55.918
51.836
93.571
59.314
87.831
62.553
49.415
99.335
55.927
61.109
93.956
87.652
61.564
52.441
67.034
63.313
82.772
59.805
83.704
95.358
66.854
64.331
60.505
60.381
59.073
79.568
53.873
63.015
68.027
92.250
53.617
76.290
52.113
51.054
94.676
72.579
50.843
53.039
81.704
82.791
80.517
71.864
60.153
66.091
46.632
87.188
64.226
89.459
53.873
85.481
114.289
59.143
68.088
83.678
43.286
110.603
90.623
85.794
63.786
91.635
68.268
102.873
66.605
65.116
86.175
55.217
71.444
97.609
66.453
63.952
57.680
77.925
81.726
58.301
68.284
56.866
78.567
57.600
59.476
65.151
98.149
89.936
79.203
75.100
65.203
48.959
87.041
82.290
63.733
67.280
81.145
56.387
68.006
91.740
84.757
83.030
97.911
80.064
56.767
97.705
79.541
99.074
62.158
97.914
58.062
77.337
74.028
74.369
72.259
58.222
83.067
76.569
58.804
55.174
106.174
90.272
94.950
82.769
64.712
62.070
60.626
71.661
48.725
54.969
93.110
63.843
73.296
96.955
76.772
67.857
65.384
104.723
53.999
46.651
59.689
45.816
79.893
68.080
56.066
97.544
65.825
52.851
57.418
58.706
75.882
89.372
68.112
69.109
61.248
71.448
57.992
89.558
61.950
100.602
56.916
48.687
47.611
97.670
51.187
85.959
79.412
69.950
57.187
74.950
103.411
75.688
113.079
54.059
70.311
60.488
76.320
71.855
75.185
71.803
57.874
76.904
68.446
58.371
66.531
83.102
72.544
60.825
55.115
66.102
77.111
61.085
73.432
78.057
77.836
81.926
104.582
70.862
71.038
73.355
79.411
61.091
81.304
105.408
62.230
79.812
61.587
78.045
72.940
55.943
94.198
69.800
68.154
75.526
62.430
81.435
91.601
88.451
74.649
51.200
66.723
74.682
90.415
60.701
68.996
60.521
91.455
84.302
104.446
81.328
86.336
78.318
58.544
95.990
83.571
76.907
81.907
90.012
65.441
67.623
48.657
56.160
51.279
60.329
80.332
98.090
58.193
84.948
62.396
99.549
84.110
91.203
57.787
56.361
76.769
68.345
88.670
77.834
116.130
95.351
52.464
52.970
69.943
65.454
80.643
64.524
76.603
73.412
84.314
79.441
60.765
71.944
71.896
64.837
88.231
82.583
79.780
66.010
57.785
77.018
73.628
70.066
78.259
80.884
51.365
69.331
78.516
54.245
73.766
51.471
57.157
77.353
57.135
67.222
74.556
84.732
89.330
63.703
84.485
75.770
109.590
66.726
76.264
66.920
70.096
56.386
87.773
54.919
59.171
75.258
68.334
86.228
58.664
67.187
74.393
103.956
88.611
80.807
67.518
54.717
72.059
60.777
53.525
86.117
67.573
79.222
70.844
60.844
66.297
58.118
93.774
65.309
83.951
66.981
67.350
64.496
87.826
101.723
59.723
65.165
57.198
65.159
82.710
53.102
73.979
85.544
64.688
81.782
64.373
63.686
70.511
68.270
91.988
74.674
76.335
54.929
58.039
73.933
83.913
88.587
84.571
74.601
103.025
66.511
68.760
66.836
96.968
85.383
82.230
67.320
59.845
63.757
66.041
107.534
53.644
52.092
89.485
65.332
64.611
57.941
73.577
88.903
94.381
58.162
83.067
65.362
48.695
71.218
63.281
56.651
117.590
64.638
67.860
107.050
56.121
67.431
55.855
58.687
67.580
57.022
70.757
63.671
65.277
54.065
95.205
52.886
57.115
58.548
69.500
102.216
57.387
51.606
83.033
78.966
66.809
60.137
55.061
92.842
93.792
90.717
82.894
43.738
68.568
62.626
82.965
49.699
74.322
66.010
77.680
64.107
107.285
65.992
87.971
76.448
73.094
65.471
64.173
67.391
69.806
67.869
63.466
64.945
65.536
58.585
58.982
70.098
68.209
56.020
75.473
81.506
94.147
72.794
90.536
67.795
58.721
73.900
79.229
82.190
74.456
84.357
96.379
60.963
67.413
71.828
89.850
66.648
54.378
97.454
54.727
56.134
57.135
51.266
74.166
60.607
56.548
88.066
64.694
97.880
73.780
68.285
101.606
68.651
64.077
98.216
94.734
75.486
54.374
88.035
72.378
55.522
74.258
69.695
68.019
78.424
78.351
90.083
81.407
62.899
68.165
91.767
66.854
72.218
79.226
90.070
67.390
64.786
79.547
60.851
74.218
75.539
78.403
67.998
76.837
54.868
61.153
73.191
74.742
111.333
76.083
64.043
101.845
52.348
82.012
92.672
62.026
77.949
74.036
70.898
77.697
47.428
69.316
87.617
79.901
82.429
69.205
73.122
60.388
62.596
69.515
83.438
61.572
58.188
62.396
78.538
86.298
73.907
58.980
84.553
62.770
58.038
61.786
71.114
62.378
90.883
108.085
54.204
55.677
73.719
53.131
61.236
68.132
73.930
76.664
61.517
56.359
58.036
113.904
83.607
78.267
68.739
74.157
122.951
72.785
60.624
108.678
68.141
61.883
81.079
76.763
85.467
93.029
93.461
58.649
94.973
110.104
77.723
89.631
51.944
57.902
61.744
70.868
66.059
62.071
70.074
61.798
57.671
61.008
56.640
66.930
72.172
54.833
56.836
50.667
58.350
50.700
61.455
73.150
51.482
85.446
54.293
51.880
88.693
60.855
53.907
56.569
55.349
97.746
78.966
49.429
64.436
52.688
88.466
83.182
64.756
84.765
52.295
65.769
54.430
51.694
56.087
47.941
60.899
50.871
49.214
43.173
84.077
79.652
84.516
61.488
52.939
61.643
53.789
99.425
82.548
53.050
58.179
83.342
50.697
56.148
61.769
48.232
63.020
67.992
66.219
79.630
107.156
103.136
55.602
74.306
66.089
96.403
70.393
71.535
72.284
73.924
102.160
53.225
57.375
93.583
65.401
78.563
120.109
64.065
102.403
60.510
85.934
103.460
72.506
68.418
73.068
105.727
74.923
65.817
64.481
48.656
50.360
49.513
80.075
90.185
99.627
115.862
64.035
71.158
84.943
93.002
66.204
53.885
53.585
82.363
93.377
82.408
51.369
61.556
90.942
77.518
64.840
81.183
48.683
55.631
100.500
55.559
75.325
63.213
58.958
89.886
108.162
83.161
58.135
71.654
75.589
62.226
83.838
65.121
53.512
50.304
71.525
76.922
78.287
82.406
57.770
56.046
49.471
84.310
89.558
70.577
76.351
45.020
61.041
69.285
76.370
76.191
65.780
69.730
76.002
54.362
71.838
61.633
77.969
83.660
49.923
80.515
67.123
80.020
82.284
51.654
102.196
89.798
49.172
82.404
99.405
82.694
60.033
76.862
101.741
84.169
81.040
68.096
98.684
49.185
52.018
63.975
91.401
57.753
52.449
83.386
68.808
92.593
79.779
53.343
65.041
88.434
85.139
65.617
78.133
67.482
86.541
66.810
81.651
81.706
111.464
81.877
52.041
85.150
60.402
81.793
71.907
93.242
58.103
82.710
83.568
85.583
72.989
62.163
69.179
55.598
87.229
96.007
49.082
88.497
65.160
92.986
54.399
100.586
96.131
75.339
58.890
76.372
64.385
67.104
76.556
96.708
86.104
55.240
103.398
79.397
67.375
53.657
98.943
61.297
71.252
66.863
56.777
80.374
53.574
91.891
82.192
51.578
74.895
56.691
60.513
50.271
67.478
76.602
78.031
91.289
55.215
66.019
77.631
73.634
78.104
54.815
112.178
88.137
96.709
64.044
65.982
90.210
69.622
99.337
80.995
81.030
60.055
82.085
63.849
55.428
64.660
99.145
83.194
78.490
84.416
50.708
47.714
90.447
63.014
87.815
84.213
65.267
58.738
63.879
64.618
66.471
80.265
90.214
59.295
78.027
69.692
90.586
52.910
44.685
69.187
79.234
78.384
103.195
73.998
74.059
62.052
49.889
91.690
86.213
54.607
80.319
66.494
94.494
53.045
69.207
109.984
78.848
59.636
68.310
53.377
74.649
83.162
53.650
79.378
110.963
90.011
60.584
71.357
63.756
86.356
61.716
74.525
66.862
67.642
66.011
68.394
69.274
69.460
72.162
100.984
64.538
62.079
59.970
62.284
61.346
78.836
77.161
77.070
77.632
52.678
56.972
58.888
57.412
57.534
57.875
51.328
43.085
47.482
49.709
80.258
61.622
93.335
102.989
64.371
93.806
91.175
64.102
54.460
56.993
59.130
53.161
88.515
45.750
106.161
89.023
63.026
51.870
54.453
95.752
98.559
53.388
83.723
77.663
90.356
85.125
84.403
52.885
85.655
81.481
64.099
115.414
60.817
64.870
66.063
93.539
57.065
87.515
45.401
64.022
98.306
59.006
49.114
54.020
93.384
76.444
86.682
72.765
67.901
57.891
92.272
70.576
70.805
53.458
65.969
94.777
55.095
52.651
91.857
64.502
54.296
70.852
59.509
45.821
45.742
45.468
59.108
59.361
58.953
85.722
88.428
83.444
96.738
66.933
65.809
51.156
77.699
55.573
66.532
68.123
72.463
46.104
88.223
79.188
64.328
85.661
54.094
55.022
62.267
53.067
117.870
46.913
106.085
89.647
64.521
79.238
51.193
92.917
69.982
103.468
94.844
65.010
107.491
106.022
108.624
64.497
60.880
66.853
98.325
70.323
57.935
94.121
56.128
71.115
83.410
74.215
51.029
56.780
60.926
53.279
56.044
93.825
86.231
74.993
80.811
97.346
83.414
84.382
69.954
85.637
106.388
95.104
95.133
80.577
58.086
105.769
77.768
69.822
80.058
80.914
68.120
97.737
107.511
85.584
59.906
61.675
85.422
87.798
83.573
72.273
61.685
67.713
83.952
80.938
80.478
97.005
103.459
78.236
88.466
50.585
62.678
60.321
65.813
65.154
63.175
88.429
57.960
75.932
48.235
70.536
61.038
96.114
68.910
93.651
77.344
73.330
72.325
64.406
51.561
77.214
80.268
63.485
86.873
87.456
53.597
49.442
62.648
62.031
48.981
49.178
55.860
79.570
59.660
58.510
89.178
78.828
67.113
106.845
76.574
59.794
58.517
53.322
63.877
79.962
89.916
58.242
62.860
85.728
63.875
70.097
98.855
82.085
63.226
48.984
72.673
56.387
73.826
76.066
73.579
89.007
82.712
82.255
93.424
57.274
54.631
88.068
51.113
99.907
63.470
80.147
61.014
66.687
78.127
69.435
57.276
120.708
83.700
63.769
51.460
49.480
74.323
82.264
84.032
73.470
67.301
92.738
85.460
85.157
60.313
48.689
83.705
84.198
106.204
61.262
86.444
89.049
58.212
53.759
76.964
77.603
55.290
54.384
97.398
66.657
85.486
89.591
58.838
73.312
55.069
56.320
43.884
44.908
75.338
103.751
57.560
66.651
80.836
82.678
81.154
64.635
62.284
75.258
68.531
82.234
83.004
91.741
91.149
87.249
83.909
85.155
68.758
59.255
56.708
89.234
79.384
74.564
97.402
66.133
75.918
73.722
67.710
58.036
94.390
82.391
81.778
81.889
81.796
55.170
62.419
71.691
71.720
91.839
107.051
76.891
94.540
54.903
81.567
50.994
52.577
58.944
101.463
91.550
82.370
62.390
81.917
62.835
87.205
74.549
69.820
95.957
81.835
89.823
63.727
49.152
79.239
70.697
57.996
71.604
72.834
55.271
79.532
81.206
56.820
101.044
85.606
75.193
92.098
54.284
65.175
81.102
56.334
69.116
62.697
87.681
84.010
107.410
82.641
45.347
102.063
75.890
92.691
60.667
63.739
79.494
92.294
69.639
75.571
70.513
69.745
100.634
91.444
66.060
65.708
90.871
62.037
71.907
89.036
53.513
53.515
65.490
80.126
79.869
79.979
68.858
56.792
56.213
56.060
94.027
56.779
92.809
104.612
53.995
54.377
87.350
98.080
82.528
63.828
79.464
53.888
63.605
77.409
75.863
75.056
70.681
84.074
85.255
87.323
102.598
83.342
72.569
82.209
68.386
67.214
78.229
70.726
76.118
69.516
97.627
98.571
104.944
99.007
66.094
75.639
65.318
51.071
56.955
49.395
48.108
87.060
55.872
54.433
55.283
55.890
55.260
51.478
53.970
53.039
79.669
64.322
84.323
56.648
89.876
74.052
61.816
99.597
99.550
49.113
56.468
83.773
95.596
77.074
104.083
70.759
50.275
91.078
57.282
101.064
59.997
67.438
57.181
52.507
50.368
66.896
53.854
46.436
46.313
44.109
49.193
57.868
45.285
92.709
67.325
72.653
75.844
81.461
82.028
59.387
80.587
68.905
59.666
47.849
50.946
50.148
67.263
64.078
71.633
100.485
60.158
93.462
48.659
51.587
81.705
73.967
74.236
70.297
101.875
100.188
57.748
50.833
54.558
63.686
79.305
59.439
79.885
80.345
81.556
53.396
71.247
62.267
63.943
104.902
55.708
73.753
83.377
87.448
81.997
90.117
77.210
62.331
111.531
104.874
67.335
55.819
60.985
71.424
49.509
53.061
62.927
81.732
48.831
53.385
72.602
72.966
77.522
103.359
80.555
81.825
70.607
61.445
61.516
60.718
92.516
107.611
84.223
104.339
72.192
77.852
89.521
61.606
106.884
105.211
53.308
63.917
67.335
55.672
93.258
93.722
78.668
85.570
79.757
106.127
97.046
66.414
80.276
50.432
78.514
65.037
75.936
80.812
80.618
80.351
54.723
69.771
90.427
68.334
58.799
51.352
60.467
72.223
80.085
51.521
46.194
64.173
81.084
62.248
69.171
57.516
77.935
64.839
49.305
88.042
70.262
81.871
85.305
114.805
77.162
88.103
70.827
81.328
73.493
86.701
47.887
69.854
66.965
69.173
91.060
92.036
83.751
51.962
80.606
61.279
83.170
64.437
54.331
58.187
78.592
68.130
57.647
54.529
112.142
63.790
97.301
68.757
98.772
62.049
63.876
101.234
78.956
90.126
65.638
90.808
51.343
100.072
82.732
73.553
53.618
83.545
55.511
60.053
53.007
62.713
92.456
52.324
59.659
52.563
58.569
96.431
58.770
69.269
91.872
78.739
99.430
85.992
59.826
86.465
103.934
70.493
103.744
70.058
59.648
55.131
92.417
105.925
60.114
80.216
85.655
72.889
78.550
95.619
80.281
97.704
70.680
58.184
91.087
59.470
104.872
60.894
56.561
70.090
102.775
60.477
52.277
63.644
74.330
89.070
67.661
113.248
103.543
99.376
110.773
52.214
73.737
55.300
103.552
51.971
76.747
56.038
69.267
61.091
58.742
69.054
49.701
87.059
48.856
74.547
91.992
53.095
69.486
75.014
51.838
89.015
76.509
61.268
89.196
86.684
62.441
56.846
51.783
99.166
45.422
54.946
58.609
79.720
47.845
65.481
66.509
66.103
104.098
64.070
63.096
54.547
59.429
83.160
71.759
83.366
52.406
66.263
58.050
107.950
81.779
67.263
62.849
66.139
86.879
64.300
93.526
57.691
86.255
81.633
54.735
54.484
88.644
83.082
61.011
91.836
63.840
78.220
85.955
94.257
61.872
83.183
64.743
74.421
104.553
79.223
52.494
53.945
73.833
90.697
57.652
67.001
106.415
84.116
65.696
93.892
73.918
72.368
79.757
57.492
61.917
52.018
93.973
54.104
59.145
83.036
70.226
83.588
63.741
74.886
77.942
81.614
66.857
71.052
88.121
57.709
88.283
82.037
50.319
54.589
52.685
60.636
83.983
100.558
83.848
52.983
68.671
57.536
79.807
93.445
59.081
111.968
81.485
85.658
54.631
56.399
57.738
80.881
89.027
45.654
75.882
86.589
83.286
94.324
92.296
58.474
95.506
85.900
58.174
81.172
59.681
94.268
70.881
77.679
102.625
53.243
80.846
66.260
94.849
80.405
78.375
69.071
107.787
70.207
64.181
59.635
53.460
63.891
63.012
66.211
52.764
80.807
82.463
67.061
72.230
88.294
69.059
84.680
59.886
53.871
62.758
92.121
54.394
67.339
70.795
60.565
68.946
98.958
101.385
89.627
52.491
80.867
105.073
78.088
58.100
75.466
83.965
87.848
92.912
95.703
101.979
108.085
49.259
45.314
90.707
61.877
84.142
59.307
62.332
65.212
99.625
65.693
79.900
54.652
48.827
66.852
61.031
84.419
47.958
59.819
60.073
78.137
67.635
55.792
84.144
88.212
110.449
90.365
92.074
82.374
87.352
113.900
67.249
88.536
85.597
56.509
48.347
50.237
94.546
98.877
57.168
82.362
52.582
99.670
81.090
78.030
87.972
77.100
60.043
79.505
94.429
102.622
105.869
87.353
53.555
70.648
83.630
86.371
88.038
98.337
54.458
76.103
60.255
91.397
69.472
53.675
84.988
103.214
70.161
95.856
84.697
82.258
81.928
57.800
70.865
78.040
63.919
100.319
106.174
44.298
101.894
56.657
59.272
59.977
82.570
93.175
54.962
82.115
82.464
98.432
82.055
54.361
103.755
78.260
75.000
66.910
63.964
111.467
85.983
66.751
55.284
55.023
79.821
51.205
98.379
58.418
62.888
80.522
59.638
84.419
76.906
61.410
70.359
66.212
80.347
46.599
80.893
63.395
56.115
78.364
83.285
87.211
60.530
95.207
84.750
83.232
57.689
88.176
52.709
87.159
65.492
76.359
82.295
93.727
67.101
48.688
94.586
52.371
60.082
92.617
89.881
75.329
83.088
71.143
76.036
118.019
100.200
85.556
78.500
54.912
82.382
103.714
78.779
57.882
91.405
81.036
72.015
103.382
80.751
55.321
56.430
48.422
64.185
65.452
114.770
53.570
44.400
86.220
68.357
55.167
67.010
77.943
90.020
69.799
81.267
106.816
75.625
113.276
105.482
98.845
59.065
59.961
65.716
76.419
44.588
43.786
47.779
91.212
83.561
62.156
83.993
57.647
70.490
49.956
66.251
88.319
66.962
65.246
51.081
91.350
106.996
84.843
75.871
59.381
61.849
115.473
55.688
68.804
90.493
72.665
75.764
84.924
88.804
90.593
85.925
123.308
55.272
56.181
57.178
56.950
57.079
78.878
91.527
53.960
103.728
44.467
44.314
72.083
65.353
77.105
79.723
77.633
101.880
66.801
52.200
66.675
70.595
58.239
80.765
63.612
80.815
71.084
56.500
78.405
88.087
73.298
63.944
52.528
53.896
102.928
96.278
61.285
74.476
95.290
86.968
76.061
91.101
93.529
57.059
80.639
85.856
88.568
109.211
80.728
51.038
80.685
90.100
66.786
81.369
78.965
90.596
56.737
50.142
68.945
54.555
54.012
50.518
88.430
68.506
54.616
54.041
105.083
82.544
53.055
52.115
80.332
64.429
56.355
68.216
78.379
95.048
93.428
82.169
99.519
57.815
108.266
105.083
49.857
46.775
76.029
51.238
65.601
70.735
64.513
63.935
59.309
57.417
109.895
107.617
96.141
44.461
71.041
77.509
68.708
52.784
76.545
84.028
53.606
62.991
66.825
59.672
92.303
57.324
44.031
55.058
71.589
71.239
88.920
68.678
77.079
79.215
58.294
73.450
89.847
68.903
78.997
94.560
69.766
54.202
94.522
117.483
81.658
77.231
73.536
75.436
58.761
78.857
91.198
77.812
97.650
64.031
86.897
49.058
74.669
90.891
62.065
89.761
56.223
60.031
78.832
68.859
69.925
79.425
88.377
99.291
64.609
47.574
92.349
62.368
107.290
42.517
54.517
63.512
67.313
62.891
91.514
106.672
102.970
81.623
53.492
76.232
62.927
60.649
60.703
61.337
60.247
64.078
68.362
51.103
56.381
74.798
51.520
99.391
96.833
71.349
61.891
53.881
108.702
99.201
102.104
87.255
68.408
52.620
69.320
87.976
60.866
102.627
65.022
60.348
100.539
59.609
90.446
99.558
62.022
47.947
71.767
52.552
68.532
96.888
109.247
83.715
78.115
103.978
44.178
66.675
62.871
71.620
82.934
53.510
74.818
91.466
99.386
61.997
67.336
78.128
64.633
72.687
85.041
69.556
89.002
62.604
86.211
63.309
78.820
76.790
80.538
56.367
64.349
80.364
67.057
53.603
91.418
63.946
73.293
86.427
82.810
88.521
70.221
55.453
65.313
63.768
94.983
52.684
82.188
75.765
44.752
44.194
70.772
65.004
106.530
65.205
70.943
85.427
95.262
77.189
85.447
95.096
57.878
53.827
101.971
58.883
52.458
98.016
50.763
75.845
65.013
71.047
106.197
107.527
62.442
64.880
96.938
61.801
69.116
54.855
80.664
54.215
69.183
61.935
66.801
73.344
67.285
55.311
97.252
65.096
57.911
59.207
68.590
60.602
79.522
89.625
81.343
91.428
73.845
103.990
83.404
49.349
100.996
64.823
121.266
67.740
70.531
74.342
82.462
98.807
74.899
61.768
105.035
90.431
66.306
66.673
93.349
63.987
64.542
62.033
59.548
53.932
59.616
57.848
123.916
55.059
104.265
55.349
58.795
76.532
57.040
59.226
60.003
74.943
76.036
100.524
60.138
69.570
83.096
60.440
106.529
62.636
103.548
71.234
51.978
71.476
57.140
84.643
58.864
48.142
55.680
63.526
87.232
58.057
69.306
50.581
56.776
50.718
75.324
77.917
67.872
54.154
82.137
66.239
117.457
65.302
105.499
103.486
67.063
57.444
59.830
78.890
79.870
52.545
110.563
81.785
73.346
61.657
87.026
67.889
51.989
55.193
114.834
99.747
78.110
66.403
91.114
106.251
69.549
95.301
64.979
104.972
87.175
60.485
81.928
54.969
55.528
94.216
61.514
75.366
54.527
88.182
73.123
78.235
74.861
106.422
91.207
80.515
60.654
93.510
56.248
66.960
78.707
74.879
92.259
88.210
76.414
56.337
85.100
64.220
64.346
67.001
86.310
71.324
72.377
52.011
65.955
50.958
87.025
66.025
52.813
59.591
58.534
54.987
71.991
90.058
72.835
73.232
56.241
65.072
77.529
50.122
87.638
77.292
101.251
49.774
83.172
78.048
85.261
100.386
94.927
88.980
61.246
52.479
68.589
90.089
67.068
60.550
68.251
81.923
83.629
69.967
107.225
83.248
70.526
74.964
83.317
55.767
79.777
77.453
88.826
104.660
59.484
67.141
57.865
92.509
109.256
64.153
78.417
89.565
68.549
79.171
97.578
60.634
57.361
102.444
69.105
70.180
95.283
93.198
62.251
55.169
63.163
81.187
47.936
73.930
58.542
80.209
69.793
82.116
97.887
54.115
103.881
85.308
59.895
67.393
57.767
54.904
72.619
63.026
114.995
68.834
81.478
63.570
99.391
76.012
55.603
72.232
82.937
64.371
66.061
62.825
92.022
59.259
107.564
60.121
64.903
89.689
62.053
54.449
78.591
65.054
58.592
105.663
97.063
67.533
65.660
82.445
75.612
48.760
66.968
56.809
55.793
59.947
58.308
68.299
63.865
86.376
64.340
71.949
53.606
71.872
58.589
90.069
65.558
85.664
98.794
77.287
55.845
82.272
104.569
70.018
57.031
56.319
88.391
87.278
60.693
53.035
94.111
88.433
67.995
73.452
62.584
63.738
83.117
71.136
60.264
56.803
80.299
92.122
104.780
99.629
76.491
57.573
86.004
80.519
69.080
101.011
57.013
54.057
87.482
50.129
87.882
84.519
57.974
63.170
76.267
82.787
79.907
60.106
115.046
79.770
79.987
58.463
82.278
63.370
71.570
77.714
65.717
66.413
57.540
111.362
81.126
75.146
75.955
104.117
60.880
106.631
74.886
67.609
86.442
57.686
95.334
57.301
63.664
59.674
88.963
96.597
77.405
101.655
71.374
89.006
82.871
105.762
67.052
81.489
65.460
59.386
71.971
92.853
85.566
102.090
83.740
80.784
66.119
62.750
52.677
77.858
63.010
44.066
103.206
77.539
65.128
77.750
86.665
76.107
103.959
99.066
50.843
77.190
76.160
64.043
106.483
80.840
59.293
90.205
76.080
78.788
67.853
69.471
90.265
79.162
60.458
69.536
88.154
89.853
84.052
66.621
63.056
108.860
68.615
57.091
65.713
53.663
60.356
65.791
56.319
86.160
74.922
61.791
69.983
73.001
89.921
73.728
70.782
65.636
82.320
104.372
78.935
71.609
63.183
90.134
88.095
61.103
87.415
108.253
88.037
55.389
104.719
70.283
55.218
94.238
95.541
95.317
94.316
65.857
62.798
99.139
88.429
56.191
74.711
63.299
57.188
81.234
75.476
81.353
102.853
112.850
56.208
61.479
88.966
67.009
61.345
55.210
81.846
71.815
67.538
66.019
99.138
70.009
66.439
81.825
54.107
71.868
62.232
82.504
79.257
63.519
75.334
60.299
63.901
54.885
67.766
77.996
68.861
51.788
55.581
54.205
81.543
52.157
88.439
59.463
82.500
82.380
82.455
89.090
101.837
99.487
97.924
51.740
68.902
54.166
102.802
103.749
79.177
48.712
50.647
49.353
76.309
50.791
44.709
67.522
51.281
51.755
61.397
54.334
105.113
75.110
79.460
59.344
56.564
61.696
62.326
52.533
54.360
52.869
54.644
54.292
53.744
64.970
52.571
53.972
