78.636
66.216
97.274
82.902
59.727
49.994
49.674
56.325
76.490
56.827
59.646
105.616
66.151
78.959
63.129
58.342
88.933
70.072
97.333
70.692
64.122
95.411
69.112
84.893
67.034
62.878
73.302
45.092
78.657
47.771
56.602
54.212
101.864
80.993
67.787
110.942
55.459
57.725
70.762
87.758
69.256
91.763
88.585
65.069
93.877
81.169
81.142
89.437
108.696
96.253
68.165
81.599
54.332
69.652
91.738
73.401
84.858
72.435
68.699
64.224
58.579
53.629
56.877
89.597
82.311
80.941
63.656
74.046
67.420
109.309
84.427
56.002
90.762
80.766
69.469
65.635
50.248
53.818
66.778
87.886
105.796
91.729
80.187
77.676
115.720
59.659
68.757
66.309
58.309
110.097
72.969
95.257
97.133
73.709
79.023
64.246
86.689
90.198
87.295
81.304
79.782
72.442
52.382
76.163
67.854
78.613
87.238
67.982
95.539
59.682
90.092
50.181
43.895
108.750
59.076
86.592
66.977
89.397
90.770
72.057
74.039
82.408
103.028
72.274
59.173
53.382
83.734
59.029
51.974
74.500
84.626
65.051
47.474
96.088
75.438
57.379
77.798
75.419
88.820
52.960
47.697
87.484
73.187
72.093
72.513
57.143
52.284
46.636
60.357
60.791
68.603
109.326
99.629
51.140
64.659
63.064
99.044
84.162
94.833
63.393
92.742
61.225
58.429
63.873
49.548
74.248
80.993
55.769
82.278
53.955
84.151
99.330
73.314
94.476
65.735
69.612
67.868
79.094
89.174
85.654
75.820
71.190
84.224
47.588
58.768
61.893
93.386
108.232
75.296
87.816
72.057
114.698
62.180
64.646
86.864
75.935
119.338
79.462
90.009
52.393
61.758
49.978
81.309
115.602
75.297
49.665
74.679
81.973
45.716
86.333
86.179
58.744
75.787
65.164
64.774
83.919
64.036
68.319
64.249
64.858
95.547
56.140
68.082
70.672
92.788
57.386
100.992
58.194
65.707
71.995
67.443
82.121
72.483
77.555
59.327
86.472
84.489
82.246
73.426
87.892
79.382
91.190
48.372
60.166
51.586
61.323
79.328
94.236
59.700
78.089
76.333
74.299
81.198
65.599
78.095
95.018
68.392
81.542
79.538
101.137
85.492
43.839
57.701
83.283
72.722
78.436
86.630
103.573
71.040
62.017
78.892
69.152
93.932
50.121
73.932
81.147
81.216
76.789
69.040
64.176
62.641
76.380
62.802
65.510
73.162
80.099
94.174
82.875
85.624
59.431
59.683
77.460
56.323
70.657
107.251
60.002
111.696
58.086
75.924
62.339
59.257
55.591
62.781
75.440
66.634
110.101
62.339
60.783
59.352
80.952
69.991
102.596
71.568
84.857
76.841
84.031
80.616
58.709
54.682
58.327
91.789
102.634
78.188
59.573
96.133
79.349
60.918
68.116
57.562
68.665
113.311
67.090
74.445
65.512
49.115
74.769
107.198
49.388
84.788
111.844
94.137
81.181
94.613
74.362
55.789
81.087
85.801
68.018
74.526
87.642
63.273
64.496
56.680
53.337
88.792
66.290
95.408
44.772
94.327
59.713
85.610
96.628
67.070
53.691
56.274
69.042
81.723
59.191
49.915
110.060
100.251
55.744
84.911
91.877
55.529
85.774
84.357
76.254
97.022
88.935
74.146
66.766
65.182
65.867
90.139
63.221
54.412
58.199
66.987
61.084
112.020
103.087
64.890
74.473
92.110
69.933
87.747
74.482
55.893
59.377
109.489
99.459
107.571
72.421
90.720
79.148
116.749
71.225
120.965
105.883
58.695
99.674
52.345
64.145
83.846
70.956
82.181
81.765
59.724
66.792
85.696
76.808
76.230
71.428
96.428
118.311
91.257
89.864
50.064
58.391
71.794
48.755
57.724
85.001
95.548
66.898
84.506
65.866
95.729
87.580
61.938
69.737
59.080
76.438
73.007
55.769
61.991
77.669
77.073
54.017
100.506
74.136
61.275
53.302
88.561
55.732
52.971
85.447
49.561
85.482
77.092
77.394
99.099
50.627
47.236
76.556
86.415
79.707
58.155
78.267
84.197
79.367
52.370
88.148
60.903
57.552
55.601
106.939
62.043
65.382
65.635
81.810
92.326
75.422
100.683
97.474
103.153
67.374
104.519
59.157
67.658
98.834
56.415
69.294
68.720
61.268
79.534
107.479
67.767
88.953
82.832
78.784
57.955
81.228
107.884
80.335
49.709
57.772
85.828
54.731
90.056
64.634
55.726
48.224
58.615
57.506
93.142
86.537
79.288
80.895
79.374
77.072
76.512
65.942
71.276
68.132
57.492
73.468
67.185
82.669
68.709
113.746
58.401
64.959
57.928
53.996
60.584
85.238
73.203
107.058
73.842
88.454
68.433
71.125
94.807
60.763
84.115
101.226
82.584
78.158
70.550
47.286
58.448
55.368
107.208
62.425
78.176
73.897
67.258
78.193
73.950
83.392
72.057
77.620
65.596
83.658
72.695
50.726
59.087
79.294
47.681
73.224
112.178
58.386
112.147
51.839
62.184
48.667
118.498
64.989
52.775
53.785
46.995
52.731
59.242
77.143
64.341
64.247
91.602
80.131
48.686
65.301
86.356
65.375
59.127
92.258
58.598
68.895
65.477
53.436
55.417
49.024
49.828
53.969
52.848
48.971
64.318
67.966
99.179
104.474
55.041
77.054
67.173
59.278
53.192
73.746
89.353
52.945
50.896
55.485
90.716
103.813
104.053
51.004
79.830
49.813
86.745
81.471
55.460
65.371
100.725
58.482
117.162
99.924
94.057
61.777
53.570
73.157
45.145
49.548
57.850
72.920
50.471
83.255
45.353
97.359
50.172
52.096
91.528
80.805
102.829
55.314
77.565
96.349
57.358
48.781
61.722
62.680
54.547
72.366
103.423
88.132
74.757
82.952
72.754
87.319
61.989
67.557
88.658
89.510
67.090
47.107
73.922
51.691
76.352
94.021
72.919
54.036
52.237
51.764
94.689
72.428
48.294
75.637
83.065
93.115
45.031
55.061
78.238
56.270
65.118
76.182
65.889
58.212
58.271
78.312
56.702
49.095
54.033
87.163
84.358
87.113
53.984
53.190
52.687
65.555
65.569
63.824
52.354
67.278
55.734
59.957
71.279
59.115
102.585
58.325
63.017
54.306
54.204
54.078
53.053
77.910
60.707
62.786
56.348
54.145
57.722
53.723
45.947
52.303
60.116
94.974
73.033
58.710
88.628
74.434
64.450
54.976
55.916
72.985
67.749
75.623
51.454
88.317
61.792
51.687
49.905
54.275
64.347
58.206
91.964
76.194
54.447
86.244
58.941
57.016
85.344
58.759
82.326
71.895
76.442
69.318
63.626
57.814
75.875
57.716
58.144
48.819
98.346
62.500
45.905
80.416
55.435
55.658
82.098
71.264
48.907
83.284
57.783
88.610
109.305
56.137
56.221
69.123
62.781
66.974
73.347
69.165
61.033
65.071
62.980
83.208
62.705
100.461
85.445
86.420
47.864
49.889
68.741
91.330
76.839
77.965
90.550
71.135
73.911
63.854
60.419
91.302
68.278
88.108
81.895
86.616
52.071
93.513
76.787
80.007
89.842
92.323
80.553
73.022
67.922
69.304
73.049
66.829
50.736
100.743
79.643
97.863
64.153
106.114
105.642
89.308
94.367
106.683
79.469
67.363
51.163
89.695
70.755
76.686
76.424
101.173
106.370
51.167
62.423
71.721
63.244
50.101
100.577
120.038
72.787
124.668
60.563
62.588
89.176
79.989
58.703
74.752
82.794
92.102
50.579
78.953
76.933
64.728
78.251
93.374
72.754
55.602
46.638
78.044
81.729
89.187
75.488
74.569
83.981
61.546
83.509
73.159
116.046
78.555
50.744
59.293
88.422
77.234
63.236
58.051
70.825
58.626
61.942
75.531
53.381
53.081
89.380
87.925
86.063
87.255
51.585
72.252
58.478
81.818
69.250
83.675
51.943
103.587
88.811
67.564
54.097
72.351
79.396
86.012
81.362
95.742
108.384
70.335
83.955
62.385
54.064
50.602
51.042
55.894
81.057
60.089
102.108
70.631
65.278
97.617
100.403
56.375
90.674
63.845
90.535
82.810
52.257
72.352
105.517
88.657
82.660
103.567
75.847
74.814
57.464
61.617
102.442
74.207
71.497
85.789
82.637
85.279
79.726
55.580
77.515
117.034
75.259
64.739
101.187
89.584
58.046
55.815
73.019
71.116
92.866
89.000
70.660
81.570
110.013
70.188
84.677
51.539
76.394
82.707
81.993
54.409
48.593
60.378
81.723
75.139
68.288
84.186
103.061
51.638
80.277
63.773
70.322
56.510
65.381
88.880
64.490
50.258
85.495
49.530
82.043
83.137
60.015
59.261
51.675
64.097
78.244
91.432
72.369
65.933
81.165
81.545
54.670
59.673
56.414
55.727
69.381
70.773
60.371
72.809
80.094
82.384
74.738
65.619
93.471
54.805
78.055
80.559
76.976
76.529
51.156
75.828
87.488
82.983
96.744
85.406
54.006
59.428
105.248
81.588
90.759
97.997
133.583
121.929
76.873
105.321
95.930
75.401
79.967
50.499
83.804
67.140
54.138
57.917
78.211
84.744
119.822
66.492
65.904
48.484
76.005
50.631
70.309
66.543
71.004
87.880
63.920
78.949
78.141
54.709
87.485
67.505
59.187
87.562
82.351
54.457
70.753
80.332
64.703
88.066
75.306
101.305
86.472
86.587
74.086
66.814
87.141
90.795
102.977
75.315
50.274
91.481
67.758
57.553
46.923
58.696
69.042
83.337
86.264
79.277
73.428
99.393
88.648
76.676
73.942
59.608
103.225
84.570
93.603
62.204
87.127
67.949
67.693
67.731
58.450
65.578
54.022
66.234
67.215
79.471
63.444
59.297
100.924
66.261
45.643
87.440
62.343
65.826
56.549
99.538
75.269
62.376
67.237
67.943
88.564
49.998
74.650
72.666
59.639
64.003
54.155
115.922
72.164
80.001
89.718
90.576
89.524
88.628
86.516
79.593
50.116
50.927
49.328
49.635
