96.199
102.131
102.030
102.555
95.332
107.423
85.076
90.204
77.394
93.458
96.884
100.198
85.390
72.817
71.740
58.190
57.465
79.901
57.331
68.976
64.351
80.354
64.795
73.891
52.124
62.947
59.680
85.467
84.548
70.163
93.250
61.485
98.597
80.123
83.566
61.967
97.679
70.776
61.306
74.431
47.930
67.070
66.980
88.683
73.695
56.659
57.034
60.423
65.055
72.296
71.755
72.439
83.682
111.183
68.338
74.277
54.435
73.495
92.756
71.487
65.081
74.807
74.228
62.520
69.380
65.157
64.355
66.017
58.516
113.173
86.007
98.439
60.062
62.458
55.754
61.199
60.727
87.828
65.338
78.383
80.025
66.903
111.899
67.033
79.766
45.458
69.443
103.294
62.410
87.477
77.173
91.064
62.803
64.620
88.744
84.889
70.796
68.802
72.197
58.632
61.183
96.858
51.114
56.541
53.482
79.250
81.764
104.835
92.026
54.350
75.292
59.398
55.448
84.664
76.601
73.734
86.942
82.359
92.996
92.278
75.536
115.095
70.407
62.916
80.204
90.937
55.632
60.534
60.636
54.824
96.682
94.943
93.030
48.655
62.226
75.928
74.780
88.237
78.471
49.111
69.855
56.051
65.336
80.211
77.033
72.480
69.118
75.049
63.091
78.264
78.572
71.481
48.272
60.926
64.870
100.634
73.560
90.178
73.076
64.166
95.585
106.595
50.979
74.917
64.812
77.859
79.586
100.652
60.517
70.576
65.378
94.706
100.580
50.271
84.782
73.533
64.920
88.961
73.411
92.950
75.816
81.808
95.920
55.971
88.517
97.646
97.627
99.409
85.286
56.610
108.839
72.906
67.224
54.177
104.112
79.559
87.217
77.733
89.265
95.727
55.805
49.890
74.368
58.955
61.997
77.990
95.012
80.508
78.672
58.808
68.146
53.199
60.488
112.040
73.262
76.051
68.074
86.374
75.539
72.759
47.719
65.429
69.676
58.140
82.047
67.785
68.085
49.802
69.081
71.237
69.688
56.434
65.614
81.291
55.888
65.337
84.434
101.817
68.582
67.807
91.971
70.822
66.016
80.411
73.318
77.693
54.315
93.534
56.642
66.692
89.404
112.821
119.305
69.236
88.726
64.508
83.631
58.983
72.003
54.794
104.646
69.385
89.101
72.391
82.414
65.173
55.815
63.392
73.786
71.618
63.992
57.192
57.979
61.574
61.322
68.521
103.855
108.917
81.805
68.734
87.536
82.309
71.357
71.410
56.501
73.126
79.492
67.509
93.822
72.685
73.567
96.965
74.202
95.394
106.623
109.803
52.170
99.488
57.358
80.873
65.649
94.088
53.110
77.597
54.496
91.920
85.664
74.329
52.130
54.128
89.608
63.333
73.862
66.248
98.677
77.207
56.542
56.885
54.230
55.121
53.371
82.153
82.168
66.342
103.590
73.280
60.376
82.457
83.865
67.564
62.249
70.925
63.773
87.042
74.305
89.518
63.339
50.100
92.817
54.297
107.899
75.418
72.587
106.712
63.428
94.278
107.690
58.066
86.843
51.777
88.575
64.759
64.935
79.806
86.721
52.987
74.672
76.298
99.043
107.748
77.919
100.788
48.212
49.648
79.127
72.347
79.392
100.802
68.976
65.638
111.283
73.124
94.331
84.010
52.393
105.797
68.858
99.330
67.189
63.182
64.201
46.655
86.908
61.566
79.300
64.128
85.387
81.044
97.483
64.757
98.867
46.022
103.475
79.413
93.226
95.862
65.384
111.012
89.552
105.414
87.785
74.893
98.148
58.673
66.930
73.726
60.678
64.190
58.834
73.907
76.817
102.704
74.992
83.913
51.530
61.952
71.906
63.899
58.864
85.579
69.658
67.157
63.016
43.019
54.823
83.896
95.309
58.809
85.821
79.506
83.982
73.248
73.660
81.547
69.655
102.861
84.841
86.510
82.103
66.564
69.609
55.993
107.201
89.651
100.000
62.346
62.629
79.014
75.171
64.717
65.599
72.652
59.809
62.198
61.116
59.684
100.505
86.496
65.609
67.458
89.185
70.999
58.113
58.444
75.152
103.344
47.298
54.520
82.989
102.519
72.060
49.639
74.726
77.236
57.239
80.660
62.106
89.592
81.845
87.974
74.007
81.746
65.137
99.373
56.054
69.963
53.301
57.845
63.226
86.903
95.001
70.210
49.595
56.502
63.743
86.276
67.100
90.712
105.913
101.892
68.074
62.834
79.257
101.171
62.257
80.666
95.988
97.682
62.065
81.073
83.084
70.839
60.838
98.418
59.079
91.022
93.042
77.379
60.994
51.451
73.807
60.849
73.663
62.018
70.914
56.055
54.616
69.523
89.571
61.805
86.650
119.828
58.396
73.234
106.573
55.817
51.589
71.478
80.202
58.923
73.457
73.336
73.610
107.693
72.645
80.907
63.457
59.109
64.729
68.540
91.105
75.368
75.710
83.591
72.440
71.646
89.917
63.306
67.101
96.236
60.818
76.456
58.522
95.724
63.296
78.715
74.097
84.829
105.078
80.258
60.939
83.814
98.243
53.046
84.991
84.613
71.960
59.786
58.208
117.925
64.192
67.080
98.788
70.271
85.277
73.001
65.116
55.916
61.653
71.060
91.981
52.257
85.094
55.004
68.473
95.310
80.707
79.292
52.469
52.286
52.678
50.865
56.513
64.858
86.391
77.826
65.656
51.824
59.089
82.898
51.023
94.633
75.631
76.290
76.905
58.435
55.027
92.415
64.710
61.346
75.088
80.447
84.019
74.270
73.107
88.232
89.042
58.972
62.554
68.114
60.774
64.287
85.678
60.279
44.385
64.462
91.213
115.612
91.794
50.171
58.534
47.606
63.444
83.817
89.582
61.811
65.104
65.085
63.330
52.303
85.071
85.228
59.443
78.602
81.766
72.109
70.296
65.687
64.892
83.611
56.064
55.211
55.002
54.876
55.349
61.877
67.401
68.802
55.498
57.999
80.012
72.323
60.555
71.203
68.928
63.356
51.846
58.319
63.281
73.237
60.716
79.072
66.131
69.368
60.447
63.893
63.406
83.114
61.380
65.601
95.003
51.714
59.890
65.666
85.824
116.077
71.114
86.721
50.864
106.683
84.141
62.647
58.224
79.362
72.551
72.814
51.221
75.909
73.580
51.064
50.678
54.602
66.910
62.598
97.701
59.870
65.785
66.016
82.663
80.364
108.061
77.755
82.122
86.137
42.950
92.445
78.453
87.532
65.238
75.927
56.037
82.981
54.275
63.418
57.147
82.556
62.955
56.664
96.269
60.650
84.955
69.003
98.429
90.689
49.187
68.744
81.602
90.562
67.896
61.592
60.689
81.675
61.287
69.984
93.171
47.744
76.004
60.443
69.315
79.933
94.851
76.677
76.576
68.443
92.687
65.773
48.980
82.244
105.039
64.167
63.892
50.939
63.459
67.249
67.668
60.226
68.087
68.366
64.314
60.837
67.718
68.727
83.371
91.488
71.516
63.398
57.653
50.226
86.494
70.296
61.534
78.463
49.714
57.904
83.637
134.235
54.609
96.451
61.252
73.211
61.231
60.023
76.036
77.870
85.544
63.580
80.464
58.327
90.461
61.837
75.860
51.848
85.799
68.290
81.645
89.819
83.055
52.020
52.254
51.905
78.778
47.619
49.747
80.287
52.011
90.454
70.115
64.008
102.720
59.093
64.203
83.550
68.830
100.650
84.000
79.750
53.457
77.298
80.076
74.027
48.724
86.689
83.957
64.519
54.041
54.341
73.462
45.160
96.358
82.761
99.642
61.018
59.616
84.752
85.360
59.173
87.465
56.706
52.611
63.266
105.546
63.232
81.658
116.894
61.220
61.816
76.306
78.536
68.747
80.736
74.477
52.044
69.875
79.829
79.305
49.884
70.484
64.602
58.905
57.441
81.781
64.419
66.750
94.563
89.158
57.832
87.164
61.850
59.427
74.095
93.032
53.320
99.677
60.305
56.915
57.234
79.471
61.590
60.154
91.804
77.548
57.309
85.155
93.649
54.232
61.608
63.509
78.357
73.090
89.735
74.432
54.379
62.453
83.783
76.544
61.777
79.779
86.203
50.336
63.062
54.014
94.512
77.958
87.391
58.395
73.114
71.077
59.153
73.855
87.677
73.121
76.385
103.030
89.416
103.041
62.143
104.478
86.945
56.667
59.122
79.120
63.887
55.916
51.256
54.145
59.355
46.229
61.904
89.874
57.374
58.135
55.839
57.472
63.073
73.392
64.802
79.623
79.010
69.061
68.060
87.610
70.922
89.534
58.771
59.114
93.817
65.049
76.525
97.209
77.286
67.344
67.015
73.054
60.776
114.120
88.472
54.873
76.297
84.698
80.893
50.059
85.385
61.667
57.728
60.704
65.757
52.238
81.373
56.912
74.853
51.897
83.236
55.898
62.657
84.680
55.209
75.586
63.612
116.354
90.767
84.727
90.681
71.798
94.348
67.086
64.996
118.144
58.103
87.977
56.925
77.890
63.566
70.307
59.920
99.148
62.809
64.454
59.689
64.175
63.636
69.124
90.361
95.097
68.291
75.414
68.153
56.274
81.312
65.173
68.838
52.998
57.154
83.006
111.349
87.828
54.150
93.874
83.105
57.142
81.591
62.550
91.532
75.858
87.377
88.938
54.138
57.659
85.794
74.643
54.549
66.992
66.705
54.208
92.506
71.389
90.625
61.547
77.500
94.039
101.770
73.325
53.871
49.694
82.459
64.213
60.647
100.021
87.421
70.259
105.564
54.320
68.623
47.969
57.554
73.269
99.321
52.948
80.217
55.498
64.813
87.473
99.664
83.246
62.129
74.556
77.301
64.265
62.835
80.664
63.425
77.854
71.446
109.581
56.141
85.387
52.973
98.888
57.493
79.200
98.274
72.358
60.049
46.448
59.969
91.161
67.252
79.760
96.425
61.267
83.480
59.401
53.300
89.431
63.056
78.323
59.215
69.592
77.283
75.077
85.018
43.601
98.816
56.874
92.493
66.050
63.301
89.187
104.146
88.118
64.480
78.126
80.198
59.709
67.813
93.758
70.155
74.669
58.149
81.359
48.177
87.403
81.276
92.054
67.401
59.551
102.346
78.426
112.743
61.319
81.079
67.716
78.444
108.565
73.063
68.383
71.927
53.994
81.300
79.024
66.753
52.558
58.379
59.605
109.227
95.109
91.035
59.305
98.983
75.835
75.642
43.530
83.626
76.544
76.753
80.156
88.957
70.409
102.059
55.003
58.000
79.576
95.669
58.701
98.158
74.344
63.757
62.499
79.154
52.414
77.316
47.998
74.966
55.228
58.310
57.753
56.672
110.064
63.126
71.082
81.195
49.344
59.986
55.752
84.529
86.347
81.596
80.922
70.557
70.863
59.572
63.273
53.449
86.807
62.108
68.797
49.984
58.892
90.404
90.097
81.667
89.038
79.015
43.388
64.114
59.808
85.642
57.161
70.890
102.717
83.759
103.970
95.201
79.228
80.857
80.036
57.866
52.161
75.896
64.831
107.113
101.632
80.294
87.590
90.730
48.586
85.902
80.092
81.195
55.787
89.082
61.358
100.910
62.254
53.219
108.106
62.910
75.524
67.940
93.264
95.719
95.024
60.439
54.202
51.378
74.761
100.548
55.926
69.587
78.874
53.411
73.781
104.439
83.263
45.196
63.083
48.926
55.174
76.840
80.219
74.585
62.393
87.559
59.816
82.959
52.241
75.823
64.294
76.062
68.276
94.084
84.097
46.366
88.006
57.255
60.420
95.610
90.270
81.234
90.779
61.040
45.870
84.942
65.293
51.864
63.380
85.395
67.384
85.299
83.303
74.280
65.447
53.680
109.804
121.952
100.633
80.526
85.554
91.287
62.614
65.224
69.025
62.422
102.894
95.075
95.122
71.436
80.445
52.919
80.937
80.472
70.135
100.949
77.310
55.324
79.899
91.704
57.831
85.468
63.858
70.716
56.623
60.488
96.239
84.938
53.635
92.844
121.072
105.097
84.360
62.232
54.422
90.960
74.644
62.939
55.477
86.611
64.479
68.357
74.007
62.452
69.034
91.281
81.898
111.062
51.706
85.610
60.417
72.728
84.634
94.364
80.041
73.803
60.362
98.604
72.599
86.531
87.418
45.888
83.804
99.506
53.638
94.715
82.074
78.412
94.733
64.046
52.646
68.887
52.686
93.895
77.712
63.483
66.243
51.275
53.604
78.862
82.611
62.167
83.495
75.649
84.102
49.584
74.168
84.642
62.675
51.315
108.175
88.976
80.760
98.936
102.399
56.167
76.380
62.305
81.161
48.668
59.183
110.813
61.864
52.670
101.336
84.553
68.990
80.752
64.660
97.172
90.897
95.962
78.976
102.847
69.692
69.826
80.484
65.097
74.167
89.840
60.663
58.077
64.163
86.759
71.550
56.273
67.503
79.303
96.784
101.097
54.140
52.303
64.293
87.653
80.860
65.851
53.765
61.546
63.692
64.307
73.049
48.584
88.518
44.407
72.885
77.614
67.287
48.945
68.143
94.673
61.381
57.166
71.231
72.018
64.085
68.211
52.985
78.763
73.224
79.468
58.827
97.497
73.849
62.008
62.394
62.822
111.244
72.863
48.310
90.095
84.149
68.462
68.168
98.939
87.219
59.046
62.153
81.374
93.689
103.035
72.893
100.124
52.030
85.169
75.112
48.060
60.846
70.187
77.310
55.547
76.231
59.985
59.499
58.749
57.905
53.767
65.583
68.671
82.088
94.787
75.026
59.367
92.442
52.750
60.530
74.092
71.049
64.931
63.079
103.969
100.341
70.811
78.123
83.894
100.797
83.195
77.778
79.960
73.843
83.314
71.757
77.998
77.562
43.424
73.981
92.725
54.734
91.858
53.607
53.691
55.365
73.452
54.852
49.314
92.711
89.296
58.863
71.718
52.112
54.077
101.425
82.141
76.515
78.480
83.860
84.306
56.896
96.037
91.380
104.741
60.327
91.137
76.493
58.197
70.038
52.350
71.333
87.821
64.764
77.787
67.832
111.649
46.109
81.414
83.104
109.063
80.825
103.919
93.488
60.553
47.439
73.219
50.619
59.910
94.161
104.402
63.295
81.473
57.033
71.891
54.113
68.512
87.208
58.437
59.575
49.654
53.779
49.556
62.144
95.942
81.375
83.980
62.647
81.806
77.107
66.079
56.895
54.548
106.234
58.697
76.718
63.628
64.490
64.260
93.886
67.498
101.692
64.094
85.096
63.700
64.029
80.493
104.280
57.143
55.278
64.030
64.192
77.905
78.821
82.995
76.846
79.580
84.090
54.796
52.936
83.386
73.605
70.750
51.760
58.739
51.444
77.194
58.443
56.664
78.424
71.739
102.092
64.194
63.867
65.439
63.381
92.966
108.697
61.042
59.769
75.604
93.970
80.687
66.274
51.473
57.026
52.432
64.043
102.527
77.268
102.815
64.128
63.548
62.639
83.421
46.555
106.873
84.352
77.952
80.438
89.663
100.511
93.095
61.804
63.580
78.823
59.488
91.890
87.050
92.646
74.767
66.905
59.909
56.295
97.439
92.154
86.313
97.446
72.080
56.991
68.068
60.624
55.585
83.001
62.286
62.245
62.895
57.886
58.792
51.718
49.996
102.829
96.829
72.419
69.628
57.284
56.329
103.850
75.480
88.729
85.784
96.451
59.815
74.379
113.981
76.427
97.750
79.105
90.566
108.083
59.325
44.046
52.538
89.091
79.937
53.870
101.299
53.103
80.067
63.191
89.061
82.353
79.389
59.995
53.524
82.469
54.384
53.140
61.119
50.110
82.501
79.433
61.271
54.519
79.249
46.239
54.692
69.073
99.040
79.086
56.319
76.284
74.643
52.050
56.093
60.321
60.484
59.640
82.154
62.912
49.763
90.057
50.983
54.311
80.735
62.694
53.558
53.266
54.796
56.531
91.590
89.370
56.482
66.190
66.722
64.643
64.804
70.752
92.191
79.186
62.277
58.846
73.097
73.845
60.688
56.980
68.202
71.473
46.644
47.210
105.250
85.438
82.450
55.199
51.380
48.635
53.695
55.409
51.436
51.795
55.458
55.726
54.114
47.720
47.407
47.418
59.871
54.762
56.036
50.740
53.892
50.457
48.066
50.298
50.972
54.094
52.850
54.661
54.362
56.777
105.237
102.311
80.231
67.007
102.041
55.437
59.920
59.634
51.794
