60.958
95.538
67.918
59.625
60.990
64.659
46.067
47.009
59.862
44.450
104.329
68.552
76.207
72.030
50.964
72.914
69.235
46.543
46.575
59.543
59.814
79.166
79.173
65.308
65.093
57.554
53.558
67.327
83.080
56.898
64.634
56.111
68.131
78.577
59.646
105.939
48.078
84.995
54.334
91.529
64.210
78.129
81.053
64.188
72.034
56.789
54.425
59.742
66.301
71.696
65.837
74.945
92.737
71.224
73.731
54.301
49.470
59.411
58.659
78.641
67.710
81.638
64.685
62.984
78.220
87.060
53.988
61.354
73.052
99.557
54.535
56.444
81.416
99.387
50.357
64.654
61.023
84.089
52.958
62.423
51.697
84.239
76.873
68.890
59.897
62.574
70.061
51.215
77.082
72.292
73.604
66.086
100.985
65.191
53.699
61.340
70.581
67.784
105.487
61.792
68.112
53.324
63.085
57.896
50.814
91.447
70.807
51.227
61.581
86.164
71.750
81.026
82.824
64.300
56.956
67.610
51.362
61.066
56.871
56.412
64.183
49.455
98.243
70.138
73.386
58.437
83.373
49.410
46.657
51.706
87.742
76.135
106.963
82.370
60.345
44.896
87.079
67.205
65.051
74.823
69.466
124.747
79.127
78.448
75.533
79.470
44.822
67.212
81.390
95.668
77.366
51.671
86.661
102.284
53.677
48.017
90.319
84.997
74.850
75.432
46.091
50.028
55.306
67.284
51.019
58.078
99.940
92.055
81.670
56.092
57.704
47.115
123.134
45.871
46.547
55.138
56.572
94.765
47.991
49.891
62.353
65.033
53.485
61.488
65.023
62.755
70.716
57.815
43.436
81.165
68.209
61.995
54.610
61.994
53.246
59.045
90.383
90.983
66.921
48.082
95.413
82.557
49.725
93.331
79.111
66.329
78.436
91.365
66.281
80.060
68.380
104.061
68.225
79.625
81.582
68.602
83.069
59.352
57.715
96.832
67.253
59.826
79.583
85.641
57.540
47.556
54.991
115.411
94.506
52.508
62.552
69.348
79.922
75.056
44.638
74.749
52.772
48.468
73.065
71.912
50.899
49.101
80.063
67.009
69.778
73.061
101.097
101.145
75.946
56.662
70.664
101.803
53.781
82.742
98.621
80.500
84.588
54.668
86.265
64.311
61.937
97.617
77.322
114.094
43.245
95.152
55.773
47.994
58.459
43.927
78.998
49.495
43.917
48.048
96.195
45.546
59.383
91.909
56.695
50.914
99.837
89.486
53.564
59.159
79.549
55.993
63.164
60.762
73.940
67.612
56.840
82.872
46.304
80.913
94.750
105.939
68.629
86.306
68.965
82.334
61.432
73.656
48.113
93.640
57.752
43.994
76.569
72.481
65.035
43.624
63.074
51.120
72.286
67.674
65.245
105.971
47.802
68.421
86.825
62.241
74.301
61.465
57.590
51.944
46.248
59.234
76.859
85.548
43.700
56.241
64.628
87.015
91.102
63.507
68.308
86.838
60.237
73.593
48.434
87.271
50.211
69.160
53.806
86.055
77.078
60.611
73.747
