72.892
97.585
68.618
72.842
63.879
65.128
56.334
63.444
54.175
98.297
50.400
66.327
66.831
73.970
75.699
80.882
55.298
78.100
79.964
63.217
78.685
62.130
66.492
72.402
62.607
75.306
55.303
95.025
98.174
52.751
48.377
65.885
72.666
77.423
57.503
68.048
53.722
94.459
71.457
64.390
93.933
86.661
57.418
58.747
83.443
72.554
77.707
101.249
91.986
65.376
69.922
93.431
54.043
72.652
58.837
90.522
76.910
95.811
100.136
58.611
61.775
75.049
67.541
76.101
52.950
48.468
48.445
48.399
47.500
48.354
66.070
97.220
60.007
53.973
61.922
65.225
59.986
59.932
69.144
67.422
52.926
92.088
90.256
85.800
70.941
93.482
46.862
105.213
67.767
69.214
50.158
60.997
66.502
58.394
78.648
48.048
62.535
71.726
73.986
98.322
87.639
55.060
60.125
73.764
48.862
66.352
59.839
48.803
98.544
76.452
52.415
61.792
51.834
54.958
60.504
56.842
54.418
54.410
59.829
81.787
46.447
73.453
73.537
48.680
52.770
51.155
43.460
69.067
52.476
58.134
58.766
66.344
54.074
52.159
86.972
75.024
78.870
52.316
82.643
85.285
49.176
82.448
73.669
47.922
82.602
51.187
65.452
55.663
78.336
73.070
68.431
62.473
104.560
58.607
66.121
76.435
96.180
57.683
73.328
56.424
46.387
64.886
90.276
69.653
63.073
60.307
113.249
51.869
82.673
54.880
56.203
51.939
51.564
64.075
58.417
48.492
91.205
62.085
60.506
47.248
73.666
57.379
88.082
61.708
50.678
62.670
51.999
80.156
66.793
114.913
63.253
46.891
82.467
75.950
55.336
61.717
67.448
64.485
59.682
54.777
57.790
88.296
66.369
69.137
70.043
75.863
75.891
61.886
71.861
112.542
58.298
64.275
76.664
59.645
51.193
56.605
61.898
55.075
70.140
109.859
91.932
88.552
75.277
66.212
81.347
63.429
73.714
67.864
69.064
63.977
71.302
95.900
78.881
61.194
62.205
124.496
55.501
84.952
69.376
66.985
76.743
51.406
82.499
61.600
121.337
47.473
75.383
64.358
55.829
51.530
56.255
61.531
60.665
91.931
62.174
89.554
65.815
69.111
67.325
55.465
56.206
52.715
55.054
54.947
93.203
48.529
80.744
72.283
47.404
59.166
64.272
71.856
56.473
63.360
104.744
69.467
94.336
75.228
55.058
115.556
66.915
47.802
61.973
100.354
91.849
65.019
61.084
62.790
61.438
68.802
84.015
99.992
96.195
56.812
77.484
53.160
61.423
52.300
102.794
50.665
85.516
50.174
52.111
72.084
65.191
99.728
93.767
95.508
60.685
63.312
66.008
50.728
60.711
83.171
47.643
60.077
54.994
46.014
59.160
77.098
115.183
68.824
63.410
68.208
65.050
60.591
53.813
97.165
57.183
71.794
64.428
59.687
88.824
82.734
56.820
97.722
58.017
70.089
48.597
65.075
69.235
54.748
103.309
52.897
85.334
51.346
80.669
91.225
96.709
95.456
57.804
47.975
53.454
54.089
63.690
56.735
63.654
82.065
48.195
77.980
61.810
100.192
61.749
76.708
61.499
59.200
68.510
77.449
72.008
97.951
61.027
58.449
61.198
115.228
103.083
90.230
60.155
86.317
92.031
61.741
87.483
104.494
57.377
71.877
65.974
95.100
86.944
120.937
57.530
96.058
106.002
54.710
53.157
78.783
67.174
65.180
46.301
60.870
61.841
61.778
64.428
63.223
97.905
58.353
65.225
121.950
123.221
82.706
84.759
60.452
70.847
53.551
76.717
86.510
60.695
80.995
65.274
55.775
57.406
59.368
58.353
57.221
52.566
72.910
71.960
99.798
57.625
63.666
63.220
55.163
91.185
78.545
106.851
54.321
83.072
78.002
60.954
75.428
93.813
101.281
101.465
84.884
69.245
106.564
51.852
112.153
65.741
77.999
56.711
89.930
55.984
107.572
48.677
56.773
67.134
59.296
60.629
60.706
59.693
59.733
72.442
73.679
55.979
63.779
81.587
51.823
50.145
74.847
58.779
103.605
73.901
91.455
103.932
63.416
60.170
64.416
47.828
95.473
63.048
68.215
69.983
65.687
90.095
94.092
56.382
73.109
62.316
60.124
49.572
75.358
54.714
70.599
58.945
50.343
55.571
56.486
59.226
66.626
56.626
76.933
124.515
50.882
50.167
71.455
64.561
64.010
100.723
61.765
75.049
57.421
68.238
75.307
54.712
56.834
95.682
74.862
85.203
58.119
66.552
62.765
62.739
62.810
80.146
50.392
77.681
68.779
85.376
56.862
56.791
49.586
47.939
83.703
70.268
66.112
62.126
46.793
106.205
89.738
97.134
64.355
74.630
48.597
48.011
84.929
53.569
105.625
59.829
61.134
51.757
67.204
75.846
47.193
50.137
80.950
68.207
81.404
73.053
64.944
63.386
97.905
105.471
53.053
47.135
90.096
54.981
49.370
81.780
77.206
60.191
57.941
88.563
55.626
105.818
76.609
82.982
78.805
69.224
57.258
52.562
53.805
56.955
55.287
52.109
54.247
64.971
52.866
57.175
72.696
101.047
72.307
82.593
55.657
54.531
66.949
62.913
85.290
65.459
51.324
47.913
45.360
48.887
47.412
50.454
48.214
56.828
77.897
74.688
70.134
77.900
68.351
89.634
105.615
56.807
56.242
71.221
53.635
74.465
62.079
49.350
55.400
50.859
53.208
53.115
53.516
67.409
56.545
54.330
108.369
48.316
98.115
84.525
81.765
61.765
85.982
52.234
52.830
51.177
53.861
94.419
85.113
120.991
61.094
93.866
58.670
59.362
75.927
61.900
84.937
53.916
67.605
92.214
54.016
113.388
48.330
70.794
68.699
62.341
80.713
50.256
99.120
84.776
60.584
76.545
64.042
76.425
99.206
113.693
74.175
60.041
54.064
51.756
76.865
73.386
53.585
46.881
68.793
56.686
72.610
95.810
78.815
93.248
91.799
54.079
53.169
55.383
52.894
54.774
61.997
65.966
87.452
92.274
51.947
78.029
79.818
52.384
50.886
59.411
51.740
76.431
48.966
59.818
49.238
112.941
83.994
71.422
77.830
46.370
82.731
98.033
49.105
46.434
52.737
56.748
81.830
82.777
66.017
57.788
53.165
83.612
64.666
84.047
79.432
78.933
85.588
91.758
85.242
64.005
51.523
87.345
88.962
72.761
53.877
59.575
102.526
89.501
72.213
59.523
54.499
66.499
86.983
60.118
78.742
55.869
68.728
88.928
97.670
69.211
56.125
54.837
59.452
47.427
96.276
99.614
98.057
104.114
48.932
51.810
48.918
54.001
52.692
77.001
73.847
88.459
92.667
86.490
61.565
104.906
62.400
49.303
90.863
49.210
128.846
67.286
86.272
87.493
97.067
57.980
54.997
121.505
75.983
57.855
62.499
50.968
64.468
73.699
68.298
53.982
62.029
57.355
79.372
58.390
67.144
