70.621
58.788
63.433
73.393
78.895
59.580
65.119
61.580
84.082
75.558
66.206
58.336
56.394
53.099
95.118
69.254
71.018
54.493
99.055
71.916
60.860
75.475
83.179
77.522
85.904
82.549
78.161
90.756
56.014
61.489
47.237
71.181
82.537
71.056
83.326
112.442
83.597
64.429
58.890
51.231
76.911
83.240
69.704
62.816
95.326
56.524
87.707
71.572
81.506
86.812
78.255
74.930
76.814
88.202
84.454
65.383
49.073
74.832
73.728
53.323
89.768
72.368
91.873
60.967
70.807
88.882
69.258
86.014
89.588
72.140
54.503
76.262
73.256
54.201
77.394
58.465
67.893
59.829
60.430
67.388
67.333
45.805
44.379
90.311
76.854
75.905
58.487
71.803
53.807
93.557
64.232
71.851
87.608
98.212
81.920
56.144
68.464
73.886
88.198
71.061
79.412
93.301
86.405
63.118
89.750
54.662
52.806
71.722
101.049
75.032
51.551
49.053
53.980
81.137
63.324
68.284
61.062
46.115
68.912
101.900
55.140
110.267
73.542
55.982
52.461
88.949
83.025
106.613
53.855
53.476
108.641
92.329
52.891
91.599
53.735
55.098
83.496
72.471
61.625
66.022
58.086
64.260
69.040
87.262
55.386
97.384
60.581
93.352
103.627
75.084
79.594
87.296
92.903
58.141
65.494
69.854
65.742
66.523
62.585
46.970
54.858
83.530
74.408
84.103
89.195
74.822
52.626
77.356
78.809
99.665
66.380
56.752
72.401
76.111
64.186
90.126
59.423
61.582
64.700
51.665
70.546
98.613
64.661
84.939
57.767
80.862
59.951
88.118
63.158
65.735
113.708
84.366
64.131
78.734
65.326
62.632
66.386
84.853
66.267
61.605
59.754
84.810
61.657
64.277
65.902
64.928
75.818
95.319
102.791
52.564
67.643
63.289
69.142
60.145
89.631
76.081
56.340
61.709
101.000
85.100
58.262
94.540
68.836
74.916
65.558
78.065
58.411
74.388
64.349
74.579
56.365
76.954
89.313
59.878
89.927
78.764
70.036
55.753
79.730
54.413
80.485
59.170
70.682
58.581
63.948
57.124
64.722
97.568
56.453
74.334
83.069
67.319
89.573
95.930
96.248
72.079
66.295
53.978
90.853
64.258
81.534
55.435
64.828
64.841
70.204
68.045
87.194
90.597
61.157
67.229
65.888
63.207
91.894
54.919
81.088
62.463
70.377
89.750
61.588
58.052
62.609
90.039
75.406
60.425
63.788
84.842
82.619
84.021
71.634
74.365
75.255
74.384
59.207
99.062
64.277
63.141
85.000
61.405
55.697
78.373
67.648
65.062
59.169
53.385
74.974
60.206
58.232
59.360
49.632
57.635
87.216
76.759
92.000
68.730
58.878
56.840
80.071
67.552
90.349
81.219
56.096
70.946
89.180
61.303
81.991
83.803
61.040
65.651
83.314
55.635
65.624
74.961
67.579
67.597
68.175
75.301
102.328
67.547
61.083
58.449
90.889
82.252
63.314
63.890
64.938
71.649
63.320
72.976
89.317
75.428
66.948
71.348
75.200
90.004
52.430
90.194
89.472
70.552
87.169
65.730
88.030
62.480
72.403
90.751
101.338
73.875
52.092
60.149
91.311
70.647
70.962
59.859
62.565
57.422
74.438
66.013
74.725
99.100
89.382
71.989
58.882
59.814
59.615
90.022
63.598
73.729
76.928
74.937
59.983
100.845
83.878
57.344
59.105
77.868
95.306
56.366
52.056
66.532
65.425
63.666
72.706
57.735
66.459
72.638
71.620
84.464
62.352
60.340
81.198
101.427
67.285
77.424
72.132
67.305
80.937
78.373
64.910
61.493
53.667
54.217
76.731
52.971
60.012
70.926
54.666
54.503
67.657
54.225
62.477
73.114
60.032
71.885
82.855
67.250
80.326
72.566
94.718
93.015
63.669
66.784
104.852
74.702
59.214
73.455
66.767
60.780
69.306
81.288
91.189
86.350
49.166
62.869
95.178
59.807
59.375
68.834
69.613
81.070
83.621
72.893
70.903
56.936
58.214
64.491
67.071
47.281
66.022
64.663
57.066
67.053
80.725
59.232
56.834
58.825
97.075
59.033
80.695
62.761
109.131
74.312
91.202
89.140
108.557
61.241
66.351
86.094
74.399
77.096
72.603
91.266
80.445
70.855
67.242
86.022
54.791
56.280
90.977
102.069
90.691
55.549
80.348
66.703
67.136
72.702
71.732
69.534
59.256
55.385
47.328
77.057
64.928
53.522
51.310
77.174
47.127
61.280
85.781
63.262
63.648
69.249
51.598
77.971
102.882
71.856
58.703
54.722
62.120
81.365
63.613
60.985
54.275
85.817
52.480
76.586
84.690
51.320
108.451
77.861
78.230
58.994
67.804
62.903
50.893
70.000
59.303
76.054
59.777
50.647
52.514
72.311
64.026
52.726
55.047
48.523
87.698
87.778
65.734
51.306
57.716
48.227
97.563
83.793
58.684
93.741
73.818
58.140
64.699
60.147
56.470
72.969
64.847
56.915
84.247
48.300
72.112
70.110
65.292
89.465
69.172
80.380
74.384
84.186
99.515
64.935
63.802
56.717
64.376
68.035
74.061
58.689
58.383
68.108
86.007
65.716
58.643
71.433
79.890
75.605
57.086
53.805
71.541
82.894
76.820
96.012
61.501
55.622
71.920
70.884
52.688
82.378
55.484
71.676
69.009
103.060
56.864
57.026
84.181
81.272
79.958
79.264
55.616
67.417
83.872
46.165
70.145
71.589
60.999
50.895
57.946
53.023
64.907
49.366
60.412
57.293
57.155
60.866
78.577
91.828
52.063
103.270
70.262
70.884
79.590
63.619
57.298
69.197
91.896
67.068
59.845
68.387
100.590
74.919
58.260
65.200
71.257
74.857
50.705
66.883
47.757
57.020
60.787
74.853
70.736
96.482
96.473
54.590
60.616
64.970
75.787
85.039
90.925
67.522
45.746
103.244
73.165
70.868
79.729
96.371
66.714
56.657
62.867
58.904
56.901
73.518
102.894
62.033
55.339
59.755
61.535
50.020
79.586
62.086
56.048
82.214
60.672
70.646
71.014
81.178
66.055
56.662
89.248
87.185
55.796
65.481
50.077
66.011
81.740
55.162
60.391
53.012
55.519
56.336
58.139
97.749
73.868
72.633
67.832
56.934
45.546
70.544
56.619
60.654
52.514
65.984
81.661
87.304
77.274
80.379
82.810
51.795
53.006
70.511
66.246
66.027
67.018
57.257
87.104
76.532
83.912
67.428
52.206
54.597
61.299
70.783
86.333
100.347
62.200
107.778
68.749
62.223
63.613
52.296
65.935
97.585
70.508
71.534
79.716
76.425
50.434
58.938
70.816
71.718
65.644
71.054
77.634
94.165
53.299
66.221
102.477
61.147
88.600
70.644
73.377
76.685
46.045
75.719
79.760
51.398
79.478
44.675
65.429
52.883
89.633
44.881
42.777
63.812
76.872
51.315
60.778
59.530
106.128
73.816
53.995
61.605
81.634
72.444
65.323
80.581
76.650
63.117
97.399
82.917
85.380
47.124
60.454
48.542
50.206
66.042
53.409
51.302
105.841
95.010
81.814
55.644
54.959
56.272
88.250
60.394
81.808
94.839
99.496
72.267
43.614
63.253
51.250
55.186
87.868
86.338
99.775
82.103
52.257
61.588
77.390
54.258
98.475
44.638
49.614
59.072
58.791
80.606
53.424
65.935
70.214
78.725
75.846
66.439
72.172
74.675
59.181
85.159
100.144
45.215
70.927
50.296
54.444
54.232
49.386
75.377
64.801
87.362
93.595
75.214
69.293
100.315
106.160
84.485
67.918
101.042
66.673
111.492
70.223
82.132
83.097
100.892
87.663
57.517
52.438
89.547
63.719
71.825
96.559
88.911
51.904
103.859
66.498
66.051
75.049
83.369
57.672
90.104
55.644
86.730
99.617
55.890
52.094
72.086
82.724
71.959
56.545
56.977
54.325
64.376
79.073
73.465
80.112
64.874
64.868
65.875
101.896
79.580
94.751
72.918
71.180
91.613
60.644
78.437
80.886
67.928
67.147
60.097
55.111
84.438
81.497
100.390
80.804
77.473
88.005
65.662
60.778
63.742
64.307
66.378
63.527
65.035
52.551
50.572
81.177
72.396
49.059
73.559
77.098
49.015
76.270
68.156
73.767
53.661
52.468
65.843
63.835
86.582
59.695
57.469
66.232
64.375
78.268
66.392
56.786
62.639
73.543
79.008
53.587
49.087
83.695
80.964
85.981
87.216
50.810
82.273
71.159
77.594
46.297
75.869
64.629
54.592
67.692
54.886
105.257
90.436
72.613
56.086
69.751
95.623
59.733
63.871
75.515
74.550
66.595
62.561
66.818
66.329
49.300
51.870
54.269
82.287
82.697
105.007
59.771
47.471
56.268
52.528
52.736
54.503
49.948
56.143
56.800
55.120
54.276
73.525
47.554
73.124
90.723
59.171
54.125
62.850
77.497
48.205
86.324
60.155
86.612
62.037
84.486
48.726
65.685
86.131
55.574
52.337
53.561
102.455
67.082
60.865
85.066
63.611
80.164
45.712
86.223
76.688
78.149
80.242
85.268
104.598
54.924
91.526
93.062
69.612
87.035
80.901
80.521
58.942
67.087
55.203
62.267
59.309
75.811
81.013
110.618
86.136
68.016
93.659
48.183
84.197
63.050
80.087
76.447
66.728
104.752
91.938
111.338
69.292
60.461
77.910
99.355
90.603
103.650
48.448
72.269
75.153
84.054
60.913
70.229
65.529
68.994
69.345
75.465
86.828
70.646
75.119
54.888
84.740
57.009
92.896
64.454
65.363
68.007
59.645
60.939
102.844
67.042
73.552
72.910
84.052
55.315
55.886
55.428
52.901
74.813
92.103
46.260
61.814
47.659
57.999
63.123
87.433
74.065
62.730
81.038
58.810
84.129
90.007
60.215
86.451
81.269
85.300
68.603
83.780
66.064
40.731
51.055
107.770
61.131
70.332
66.552
54.396
67.086
66.403
78.169
53.459
71.838
66.032
64.900
65.333
53.355
90.248
61.906
65.510
54.141
57.730
60.738
60.872
48.309
61.283
75.741
83.077
48.244
54.608
66.056
67.098
82.640
85.038
82.488
75.055
80.076
94.384
66.824
58.570
108.693
84.989
81.911
108.837
67.451
69.690
104.167
77.517
72.806
69.560
68.676
54.109
62.138
67.082
108.575
51.076
81.006
93.566
80.781
93.549
65.717
47.579
91.456
61.144
97.506
71.226
70.915
68.464
83.549
60.088
70.110
56.966
91.993
58.312
79.497
59.357
53.945
59.818
101.729
98.734
66.335
44.081
43.378
79.465
101.811
62.061
95.551
81.300
61.930
52.243
54.456
52.824
87.893
81.999
79.811
85.026
79.429
51.710
54.281
66.032
50.043
81.938
58.303
65.360
87.601
93.282
103.721
71.097
91.762
67.938
58.687
53.834
92.407
103.844
77.627
58.324
54.809
100.691
76.334
81.960
96.282
72.085
87.656
93.541
55.150
59.705
91.133
82.674
64.336
86.235
59.557
64.516
81.929
78.156
88.681
98.898
81.352
72.175
58.816
54.613
47.320
63.175
101.741
95.117
77.915
54.935
54.351
88.777
56.509
92.877
61.031
71.015
65.363
82.890
66.913
76.164
57.207
87.048
58.227
68.581
95.164
105.643
61.782
45.417
80.127
53.642
65.318
58.218
83.740
78.487
90.397
97.540
79.128
60.276
82.115
80.893
73.102
55.352
72.308
61.072
81.474
60.149
108.768
102.709
62.258
80.954
76.092
70.116
49.747
92.224
57.760
51.149
103.798
62.863
48.521
69.717
84.566
90.882
66.542
74.558
99.968
72.188
50.085
46.114
70.262
82.733
51.840
72.056
48.424
60.624
76.359
61.109
59.698
52.554
92.480
68.857
96.631
81.404
81.772
81.035
68.625
73.835
51.523
74.381
75.482
94.361
61.074
58.994
62.095
89.569
73.069
59.509
59.386
67.208
67.125
101.899
104.443
95.356
57.086
58.336
59.915
68.875
60.563
74.670
83.428
58.129
79.709
66.536
76.504
58.834
63.124
86.800
53.154
55.569
60.465
64.713
83.508
71.658
84.237
56.772
83.253
65.434
101.339
70.678
76.055
78.116
69.745
64.974
66.139
62.308
76.867
81.963
77.687
82.185
59.782
65.389
81.574
74.717
77.982
62.709
64.303
63.360
63.727
62.594
63.567
63.014
61.870
65.019
60.994
61.856
62.974
65.675
64.691
59.875
61.788
55.413
99.450
65.600
61.798
63.714
53.241
59.995
82.547
63.004
68.608
64.632
75.920
103.174
56.327
83.497
53.597
85.675
78.367
63.695
96.528
100.894
82.524
79.959
76.920
78.499
75.244
58.766
92.907
93.424
62.160
62.473
107.746
73.144
68.964
88.691
67.548
60.906
78.676
48.879
91.101
82.510
82.085
51.900
87.859
83.700
88.048
111.223
71.786
61.562
91.458
63.443
76.562
50.356
69.801
62.393
88.845
52.645
63.369
73.180
61.215
110.603
84.515
73.900
50.958
88.005
59.634
63.508
66.656
67.714
81.419
61.853
100.477
49.682
116.680
74.140
70.882
84.252
75.310
56.162
64.726
72.281
50.485
58.977
62.017
52.753
66.949
80.602
66.933
73.197
64.307
67.170
64.418
102.614
62.455
74.612
79.796
110.314
93.410
57.686
66.593
71.043
69.680
76.691
81.963
68.596
77.485
58.894
49.053
60.906
71.321
57.311
52.359
51.951
84.863
80.176
83.999
86.563
74.039
85.505
67.540
45.815
95.521
110.886
53.011
50.445
56.104
49.614
80.717
47.621
50.243
97.300
87.950
88.243
55.096
59.292
86.353
89.929
104.470
59.241
69.010
82.185
83.546
48.980
60.266
62.384
73.821
71.857
58.131
65.434
59.097
58.223
86.972
52.774
78.849
93.050
79.669
54.373
60.790
58.119
55.309
97.123
63.504
49.621
89.035
55.903
59.155
94.031
62.309
69.239
57.219
58.578
59.260
106.233
60.655
54.120
83.479
56.723
59.976
52.530
72.614
52.855
55.322
51.137
92.637
91.600
63.009
86.358
88.439
90.721
60.465
96.598
95.320
59.701
81.084
76.853
47.486
70.373
61.029
102.614
81.651
80.335
111.087
71.444
70.350
79.903
84.732
99.032
59.116
45.439
82.504
86.475
84.766
79.022
111.886
57.179
83.089
69.924
64.048
68.642
67.005
63.050
63.355
63.284
62.961
66.106
57.634
55.074
49.915
78.988
66.150
68.136
74.442
56.567
77.902
47.860
53.317
72.104
47.072
65.120
99.057
81.257
83.148
62.250
70.642
68.630
71.707
95.975
86.062
71.175
61.173
83.072
92.143
65.479
65.615
78.444
55.886
67.169
54.273
68.299
51.780
80.175
74.593
71.672
75.884
61.608
76.079
103.423
47.881
76.862
50.759
76.787
80.673
63.951
82.109
85.302
59.308
50.032
78.166
75.650
51.450
103.388
64.027
45.868
101.386
52.570
73.035
79.262
63.554
51.599
43.248
43.481
50.261
92.024
55.180
102.704
94.127
50.904
53.333
53.036
52.007
53.526
52.372
63.938
93.363
71.624
87.240
52.997
81.030
79.574
53.971
64.657
56.211
52.805
63.781
55.801
85.213
97.417
87.481
64.930
94.172
81.534
54.117
52.943
55.884
54.403
54.363
56.854
51.985
56.037
69.321
49.666
80.073
80.466
85.217
62.039
50.064
61.533
79.058
59.945
59.050
65.387
65.542
60.620
84.257
63.314
92.454
64.375
86.448
129.653
46.703
62.775
51.599
69.731
88.643
81.299
60.845
59.535
43.967
54.425
92.104
87.750
92.624
86.830
104.300
85.583
89.914
54.615
58.564
65.693
87.645
93.175
108.050
103.518
52.870
53.984
75.594
77.484
48.687
79.352
73.751
48.944
50.877
64.438
65.709
61.726
52.750
53.547
54.161
55.321
52.163
51.056
122.703
50.331
62.793
105.714
43.689
50.746
64.985
48.980
56.525
58.542
58.979
105.256
103.462
57.385
