74.166
73.045
115.844
118.852
69.060
115.041
77.485
86.745
68.720
72.660
72.272
78.666
71.901
113.486
114.387
116.618
118.343
114.539
72.746
106.833
82.901
72.534
76.017
69.924
60.076
68.340
83.970
72.718
69.769
80.739
64.330
50.695
80.698
73.572
92.005
91.634
53.358
57.597
69.107
109.307
62.383
87.154
62.515
62.151
61.620
111.843
108.495
108.713
82.665
61.739
73.077
84.367
59.471
57.757
54.853
80.367
50.338
65.919
66.123
62.318
115.479
89.679
113.548
101.785
68.719
112.596
96.496
63.368
63.633
48.715
74.253
109.648
73.213
106.743
108.167
110.704
110.221
114.936
116.221
107.783
109.252
54.236
114.870
119.579
85.440
115.463
109.474
73.715
113.784
95.791
51.548
53.567
77.607
114.212
115.636
115.275
69.365
51.517
61.207
53.117
68.576
68.795
70.181
69.372
61.344
68.507
67.574
71.399
71.455
67.797
68.439
72.206
68.683
68.242
91.099
72.581
72.137
68.481
68.473
77.441
70.528
73.083
113.612
114.248
114.919
113.550
109.273
109.640
110.008
111.510
116.665
110.333
107.950
109.922
108.429
77.088
110.458
119.430
119.703
120.429
120.817
109.983
81.485
80.074
104.856
75.505
77.093
74.971
57.523
49.951
77.285
62.173
63.918
51.752
68.294
52.623
63.133
55.049
61.011
73.639
62.799
68.047
88.107
77.754
66.715
54.279
95.577
63.349
68.740
72.824
45.079
91.700
66.823
65.130
84.835
108.547
50.511
75.092
47.480
80.741
67.232
45.433
54.614
49.999
72.949
64.456
54.239
79.268
58.668
101.097
96.507
117.071
91.495
53.361
69.425
74.586
51.082
85.789
78.371
58.570
56.124
88.382
84.818
83.153
64.492
66.697
65.656
59.465
55.494
53.882
54.094
67.114
45.138
101.025
86.208
94.079
90.556
77.950
76.447
76.975
80.840
53.833
54.161
74.766
57.894
77.661
77.942
63.330
48.543
86.142
80.782
81.253
65.053
49.693
53.968
63.680
49.125
77.647
57.790
57.836
58.002
111.073
92.322
58.082
72.674
86.143
59.170
56.155
53.386
52.883
85.066
59.014
43.504
72.984
84.589
80.277
53.871
54.048
48.270
92.718
93.104
53.320
53.145
53.673
53.159
53.695
45.071
82.344
59.503
45.864
54.763
75.047
77.230
71.893
96.124
91.207
74.560
78.190
87.648
89.020
95.811
56.323
56.079
47.147
80.605
89.657
84.018
78.102
75.514
63.098
108.719
78.964
79.305
71.130
75.512
67.985
76.610
61.559
55.831
54.075
53.997
90.610
87.786
64.762
62.959
92.991
44.179
102.205
87.444
65.662
59.943
55.591
96.780
68.583
88.111
89.146
52.998
83.362
49.777
80.868
118.481
116.697
98.846
52.709
55.539
61.405
91.190
77.629
51.892
51.440
89.019
111.465
98.611
55.560
55.459
76.846
83.297
69.224
68.079
46.706
50.682
71.417
75.826
63.016
60.671
86.480
76.354
84.206
77.500
58.950
67.533
57.340
58.695
83.637
71.690
76.275
68.716
64.734
58.078
103.567
75.389
57.468
58.037
72.726
56.921
115.121
84.801
79.017
87.093
76.413
59.053
93.127
73.076
72.601
71.968
79.903
59.233
81.024
87.037
90.647
48.633
74.121
85.083
63.629
55.305
108.561
65.348
54.372
87.845
78.777
72.518
54.220
57.069
65.020
63.523
73.103
94.311
56.557
73.989
62.408
59.312
74.608
68.918
92.024
61.515
89.453
67.194
84.054
75.698
53.018
88.610
90.316
90.423
52.120
56.134
82.148
101.273
91.525
89.892
90.658
81.912
61.754
94.433
60.298
96.037
72.716
50.522
84.305
85.903
58.504
85.168
48.029
100.497
80.119
88.354
47.452
95.332
117.829
66.595
51.707
83.689
124.998
58.301
58.863
66.942
59.462
79.373
104.084
70.846
74.398
80.992
61.867
89.576
90.091
99.836
56.627
64.308
101.513
67.332
85.622
77.187
89.476
90.340
80.835
71.460
74.509
84.073
93.418
109.438
67.911
68.629
68.213
51.201
92.931
118.573
68.933
74.927
99.979
74.372
81.710
64.399
60.321
65.843
67.791
52.162
58.649
66.503
58.247
83.623
81.036
111.259
82.602
85.710
81.265
90.275
56.928
61.097
60.955
87.594
88.950
55.277
48.453
75.065
82.857
88.486
52.369
53.505
88.874
88.192
65.911
77.439
52.900
52.537
98.993
110.759
81.660
58.480
63.166
80.637
87.039
68.191
63.600
58.467
69.086
68.630
67.872
67.827
61.175
48.882
96.167
59.819
89.039
75.433
48.186
52.922
74.308
51.394
68.274
92.558
100.143
103.287
78.089
87.380
79.183
98.316
60.003
111.096
58.695
67.114
99.050
88.539
58.245
62.371
80.890
69.823
73.958
92.763
91.910
109.762
74.434
70.177
74.836
68.568
86.323
111.882
69.826
80.624
66.575
62.370
49.470
48.760
49.737
49.862
84.528
66.305
71.652
93.673
75.767
59.066
70.796
88.244
79.141
90.566
99.097
82.941
76.041
67.398
83.184
67.116
71.008
52.052
114.827
102.662
65.773
64.672
71.012
64.838
103.014
68.700
79.328
94.253
49.190
99.097
50.339
64.550
88.113
47.016
77.375
73.893
98.928
88.210
82.548
97.720
64.143
63.061
55.184
59.571
66.843
80.451
65.372
91.356
83.968
84.405
64.702
53.779
52.080
111.997
74.122
58.570
79.784
65.282
67.335
80.609
59.009
56.328
92.757
78.794
79.213
76.849
76.983
94.596
72.135
85.028
62.030
75.819
88.751
78.933
81.790
64.341
49.762
91.556
68.830
90.042
53.700
83.308
49.249
72.714
68.527
59.740
90.753
53.181
55.319
60.279
95.328
59.820
105.865
94.808
57.201
72.004
71.650
50.047
114.793
79.345
63.716
62.511
76.416
83.903
61.093
64.858
88.247
53.623
101.855
88.864
70.918
58.690
74.546
60.120
97.918
59.057
53.571
64.172
64.592
62.258
83.105
80.398
87.800
49.687
80.830
82.305
109.274
76.275
68.501
73.741
74.444
51.916
57.375
100.070
76.396
71.232
71.472
62.925
58.778
83.374
71.084
63.615
67.360
82.815
90.792
83.506
92.392
50.705
58.467
72.897
51.987
47.225
104.379
72.044
78.726
61.675
52.899
117.500
74.441
63.350
77.225
75.182
57.755
56.994
68.679
89.846
87.118
66.022
66.521
50.039
74.181
75.767
62.930
81.789
71.730
62.886
60.778
74.992
44.940
89.188
67.448
72.372
63.268
58.453
55.907
56.463
115.576
104.871
81.931
106.247
54.683
80.076
51.028
64.262
71.836
78.681
67.348
81.523
70.463
94.378
79.475
55.996
46.961
94.183
49.734
78.402
68.550
82.463
60.151
76.955
104.340
84.353
85.492
57.835
118.531
55.525
97.242
80.263
99.449
59.916
56.095
92.086
72.470
57.704
57.693
49.462
75.555
69.571
64.059
91.259
59.316
56.142
82.217
81.593
80.481
91.975
48.341
62.678
51.395
65.722
74.131
89.388
74.301
69.649
80.693
78.461
79.733
115.231
95.025
78.012
92.817
53.944
88.356
53.338
87.500
99.109
66.537
58.389
51.194
51.030
110.958
83.944
53.210
86.080
65.193
76.472
52.657
83.134
105.103
50.076
96.709
63.435
45.257
64.936
79.497
106.423
82.158
62.275
86.810
66.663
82.343
70.473
73.560
63.797
88.332
75.034
102.479
104.045
102.543
60.019
53.466
75.542
61.391
59.198
63.902
73.884
50.245
86.816
62.381
64.584
63.969
83.467
59.281
103.802
67.688
106.094
68.605
84.081
57.007
101.943
85.984
72.005
83.385
81.376
88.524
82.772
72.382
83.348
52.346
68.135
99.767
101.256
77.999
75.724
95.283
89.871
48.719
56.409
75.071
70.683
105.582
71.826
73.659
54.379
58.065
106.250
60.026
79.675
63.582
78.012
69.426
50.467
56.037
80.151
76.766
63.460
77.844
99.484
61.481
50.349
65.070
96.388
64.182
80.126
87.119
78.891
103.497
70.669
89.604
51.843
65.918
62.501
62.483
62.172
82.301
78.005
78.294
52.880
115.418
52.521
74.030
89.026
80.331
72.051
85.417
46.594
87.151
79.935
59.470
81.491
63.740
83.149
52.382
99.398
48.027
71.489
77.585
74.609
66.748
55.302
78.489
64.941
67.927
102.053
71.734
118.209
66.663
105.794
59.224
84.471
57.301
64.939
76.380
57.290
70.628
69.623
63.721
63.432
55.016
88.566
95.697
75.017
113.517
73.967
61.239
73.773
50.392
85.274
84.104
81.423
82.211
68.123
60.161
62.069
52.356
69.850
67.995
67.850
63.519
68.566
64.444
66.976
65.816
54.335
116.693
48.453
71.916
68.881
52.927
98.790
56.760
79.410
62.695
51.279
53.304
84.126
87.026
60.362
63.207
52.490
94.755
89.811
78.226
61.950
75.888
81.940
49.419
87.074
88.819
74.033
47.664
103.664
90.092
77.645
79.580
85.071
99.147
55.129
92.308
108.032
74.652
82.377
75.077
103.525
68.537
66.475
61.291
120.082
75.027
74.660
67.676
50.749
68.776
87.363
61.466
63.421
66.012
50.401
93.092
65.670
50.722
65.830
89.963
103.817
88.586
60.661
77.464
53.426
85.556
64.406
69.144
49.613
55.182
73.091
78.186
75.525
62.125
69.460
73.028
90.448
59.624
80.087
95.036
74.925
101.853
98.967
78.577
81.829
79.281
84.279
116.438
60.512
87.925
69.779
97.594
67.400
47.291
62.418
50.154
54.753
85.042
62.085
61.625
82.381
89.265
45.916
58.841
55.784
53.633
86.785
54.032
78.574
73.467
90.818
63.742
56.604
85.719
55.809
75.355
68.724
72.458
60.707
100.406
81.336
55.486
49.317
89.632
81.423
67.802
66.546
71.149
58.896
56.017
52.260
71.912
56.917
51.524
49.669
56.740
69.613
60.593
78.143
71.517
