114.355
79.920
92.768
104.772
80.105
58.217
46.593
55.921
95.778
53.783
64.582
86.608
57.474
59.546
105.377
76.133
104.017
70.400
64.474
79.750
60.401
63.172
48.853
73.410
62.132
63.285
65.765
50.113
77.203
83.439
49.334
63.298
78.592
76.471
43.702
66.610
69.521
96.848
74.053
57.915
52.437
56.975
70.820
68.548
57.895
57.665
53.311
54.427
81.946
54.092
49.084
88.320
43.946
49.965
50.713
74.817
81.334
63.560
71.136
95.101
50.051
56.231
116.862
64.217
54.676
81.398
56.700
59.194
69.120
59.725
57.040
111.839
49.366
109.226
107.707
48.136
52.340
54.888
57.809
52.195
45.233
82.191
69.481
71.231
80.706
69.921
66.028
90.904
80.434
53.948
52.102
59.770
57.401
74.155
47.065
98.877
49.684
87.737
82.485
99.131
85.587
47.631
68.069
66.243
64.848
83.085
69.872
60.258
71.783
72.360
50.228
107.005
57.750
87.934
92.998
46.601
67.625
71.810
81.808
44.883
63.242
81.022
66.880
80.199
51.398
43.633
98.407
76.039
100.898
57.345
53.551
61.775
84.746
92.548
101.771
76.335
81.444
68.998
46.087
72.734
58.705
62.414
57.162
54.512
48.151
55.927
53.008
55.533
66.262
79.471
53.392
81.044
64.888
75.864
67.288
87.066
90.124
102.054
93.011
81.044
46.400
49.301
64.432
64.562
64.205
58.775
59.539
80.464
80.284
60.130
43.809
64.931
74.094
68.333
63.486
64.425
69.449
58.686
53.768
85.980
89.908
69.428
96.534
56.473
64.419
66.913
119.254
56.943
52.365
62.154
60.153
54.069
55.099
77.702
81.469
44.473
43.506
57.901
45.424
101.732
72.566
80.864
62.581
54.840
56.587
71.802
69.391
70.219
50.465
50.403
46.816
65.200
101.380
48.104
68.927
87.912
65.296
61.675
115.910
47.028
58.152
53.153
70.804
54.552
74.999
85.119
49.765
72.956
58.604
64.805
54.073
56.428
93.051
65.020
62.564
71.522
52.303
57.053
92.206
84.575
72.424
57.604
86.445
66.467
50.457
50.055
48.117
59.427
92.572
82.527
60.018
59.350
52.540
80.054
103.375
52.446
82.302
67.788
50.894
62.219
61.856
50.922
74.113
56.135
75.604
84.016
64.304
60.938
88.580
63.152
71.779
59.952
48.235
61.781
67.694
56.732
71.834
50.535
108.436
72.455
76.932
52.446
74.345
49.118
103.963
86.361
50.201
52.459
64.665
60.676
70.628
60.782
53.132
45.568
73.587
52.686
55.246
53.263
49.687
51.203
115.893
49.405
54.791
78.899
105.997
53.647
64.050
63.951
78.632
60.022
79.672
63.192
65.038
62.272
55.031
43.719
64.400
48.493
55.170
66.802
52.023
52.732
108.847
56.291
72.265
53.327
59.748
51.251
54.564
78.422
63.414
81.999
86.813
72.670
47.230
60.700
72.078
101.887
48.123
89.898
46.125
64.982
105.842
71.226
56.279
90.668
52.486
58.085
95.508
111.626
103.509
72.722
