73.715
89.312
68.431
55.499
75.568
52.753
59.746
61.622
64.961
77.728
47.922
67.790
91.612
92.030
54.634
64.098
65.580
80.338
65.965
76.814
68.819
67.023
68.029
57.478
79.513
65.316
60.603
91.168
67.455
40.768
72.154
70.515
97.669
69.648
71.046
107.485
77.393
89.491
80.925
96.177
72.446
83.836
53.471
67.251
64.853
71.010
109.369
89.229
52.524
72.796
63.275
74.992
63.228
74.849
68.571
55.944
47.345
77.417
73.006
63.662
80.743
53.509
74.388
84.427
54.778
68.001
78.125
90.136
65.465
66.717
66.747
47.086
55.732
73.041
54.975
47.310
84.472
60.704
69.156
65.212
52.252
60.836
96.469
58.448
73.596
64.500
94.719
71.266
69.753
75.214
53.662
120.080
80.866
58.600
101.209
55.196
102.742
66.796
65.001
77.261
54.820
66.823
74.680
95.785
60.148
77.391
57.526
96.815
56.130
61.976
62.790
60.772
78.193
82.999
97.863
65.988
66.092
84.542
64.030
54.807
60.338
46.233
84.833
49.917
49.499
72.986
125.156
53.145
82.311
59.583
53.674
71.976
71.540
89.060
58.337
61.105
65.929
105.495
102.515
58.182
77.593
65.747
82.070
65.102
74.968
65.741
68.294
52.495
83.410
53.141
62.455
58.378
50.785
72.022
110.029
49.669
77.310
67.847
69.226
85.957
69.345
84.491
112.925
72.154
47.771
64.557
77.282
66.139
59.689
53.967
60.780
61.686
62.165
61.783
92.125
58.124
58.262
63.919
55.570
85.544
62.767
64.305
61.835
61.952
61.842
59.645
61.238
65.141
68.835
60.398
64.825
71.779
49.567
70.613
72.706
73.384
68.936
87.108
94.054
67.623
64.091
60.844
75.909
68.450
81.193
53.670
71.874
57.546
69.101
97.654
106.263
67.738
75.541
56.769
50.438
54.874
55.099
53.864
47.014
49.637
55.968
77.053
48.733
67.683
74.119
47.628
58.091
77.672
101.032
52.604
52.023
59.074
58.802
54.374
88.419
61.142
87.085
74.305
56.306
67.762
75.873
70.431
56.824
55.028
56.944
63.825
76.225
80.944
69.486
56.595
94.801
71.361
76.709
64.864
58.353
49.433
61.820
69.649
62.807
105.566
86.185
59.587
88.837
95.545
56.145
110.821
68.717
56.582
79.351
61.865
73.472
76.788
49.326
114.455
90.218
74.366
53.589
63.627
70.236
68.651
88.542
52.355
51.858
70.303
68.354
101.966
62.706
65.616
81.458
114.038
61.739
68.077
84.310
53.956
61.189
59.771
62.090
63.365
66.517
67.367
53.235
49.120
73.293
58.459
56.387
72.315
48.618
67.279
71.869
72.010
68.725
76.015
86.057
47.278
64.612
61.340
69.024
78.534
58.646
57.515
69.564
55.080
76.247
59.613
59.400
65.477
44.350
87.300
87.537
69.095
88.732
102.133
83.947
66.412
69.700
80.244
64.989
61.092
67.059
73.593
58.891
53.331
73.333
50.598
95.260
47.107
70.806
63.187
54.295
79.769
48.434
60.296
59.520
85.774
58.459
71.041
112.530
65.049
104.100
84.191
60.101
62.022
54.049
55.393
108.836
52.682
73.914
67.230
105.548
64.709
74.043
81.527
60.008
51.499
49.957
77.695
78.451
71.701
74.938
49.280
48.127
48.535
48.235
48.627
59.404
53.146
65.461
57.639
108.957
45.716
95.176
87.275
86.726
84.310
54.443
53.128
63.133
61.143
84.649
107.732
51.767
80.993
61.554
79.702
77.378
65.851
70.877
94.399
66.842
80.673
77.355
62.772
96.046
82.486
52.282
92.920
71.139
105.085
97.490
94.623
77.940
65.295
54.200
73.750
85.549
74.257
54.348
117.217
81.256
86.827
55.162
100.202
75.890
44.480
117.274
64.403
73.188
89.816
67.899
68.148
46.208
110.212
61.956
60.230
72.090
54.421
51.277
87.127
54.691
56.590
60.307
81.168
102.741
86.226
64.454
59.589
48.191
71.043
79.471
90.551
77.593
105.575
56.631
107.420
69.477
71.133
65.367
77.052
93.313
66.077
68.281
60.766
92.713
54.284
106.793
84.685
113.253
63.662
64.342
67.029
82.060
71.274
81.460
67.776
50.208
86.057
83.288
71.112
89.980
103.124
56.514
70.580
45.627
44.975
47.744
58.110
84.810
51.694
59.086
62.268
54.037
42.849
62.991
63.693
49.154
59.129
72.927
47.162
90.067
60.153
70.810
83.439
53.756
57.586
51.820
66.899
95.312
106.800
100.049
71.376
82.700
73.934
90.171
87.804
104.816
51.328
51.189
100.556
99.574
91.968
108.681
69.988
74.728
63.045
65.903
63.318
85.713
66.185
85.339
60.922
77.367
60.954
62.899
64.504
73.434
52.800
53.485
50.824
81.002
119.324
54.067
54.725
97.829
55.152
63.743
87.602
99.874
82.634
86.253
72.562
59.730
53.145
59.637
74.765
70.537
92.356
66.086
69.736
103.764
51.372
78.672
101.573
62.241
78.842
92.340
89.736
84.186
51.012
79.646
46.132
84.092
54.534
53.328
76.269
53.312
95.610
67.869
77.742
97.056
88.432
77.275
53.428
52.369
56.514
80.667
62.394
73.301
63.806
58.036
68.215
64.778
79.921
68.343
51.020
64.517
89.213
65.123
67.350
63.713
90.273
75.637
68.249
104.961
111.247
77.100
59.413
62.418
100.759
84.839
65.651
70.170
104.731
65.262
60.065
87.671
103.697
95.331
68.658
70.803
83.248
89.414
78.591
67.213
77.383
76.406
80.136
59.818
68.505
77.330
83.448
77.117
71.819
58.309
53.031
101.020
69.511
90.355
65.884
61.685
52.597
71.321
53.986
71.126
65.044
58.698
84.229
76.707
60.673
76.732
79.651
79.138
110.230
101.947
52.452
47.995
47.290
65.755
73.236
53.667
96.415
95.826
96.456
53.398
59.998
62.107
77.067
109.891
78.305
81.904
59.333
93.639
51.713
62.243
59.425
91.155
55.600
89.220
65.419
65.222
86.604
55.149
75.854
77.681
48.723
88.021
59.397
52.911
59.837
53.824
73.461
74.982
112.689
54.499
68.947
63.694
66.522
81.385
73.292
84.491
58.459
73.225
51.344
47.913
80.006
47.893
51.912
113.806
89.471
75.990
77.363
46.708
102.728
60.606
63.313
69.376
80.488
70.949
76.156
48.533
48.075
99.712
64.987
79.844
69.982
84.895
63.141
71.906
77.892
61.265
82.627
52.644
100.465
83.118
116.984
88.713
89.414
69.925
82.593
65.714
70.562
59.032
70.013
56.156
52.606
85.844
70.031
53.796
92.052
101.704
88.745
56.717
68.518
113.776
82.987
56.810
66.904
84.258
80.431
61.272
83.562
64.003
61.935
63.830
67.413
66.032
75.973
51.914
89.863
52.560
63.529
56.242
57.449
54.157
83.490
98.372
55.916
65.730
64.997
89.126
84.647
101.807
84.685
44.273
55.700
65.240
49.566
52.470
46.443
45.913
64.091
57.132
80.069
61.099
85.242
75.366
54.204
60.984
79.093
91.547
45.817
69.660
63.820
55.854
62.861
93.663
53.971
90.829
63.330
68.718
66.585
63.892
65.393
88.071
47.043
76.138
61.297
62.111
117.745
78.566
55.554
76.182
76.316
62.164
78.581
81.560
91.862
84.555
89.249
63.977
92.079
52.301
55.237
94.094
82.215
52.541
82.768
86.013
105.515
51.704
60.520
74.227
58.590
66.224
88.466
71.621
64.420
66.339
65.184
67.988
88.714
63.471
52.740
85.530
58.276
116.509
61.495
69.946
63.778
62.085
56.933
90.101
58.310
62.073
89.137
60.118
86.877
54.876
70.009
49.241
64.856
90.772
99.557
74.686
79.826
81.275
100.011
54.468
86.565
99.345
59.934
68.621
88.791
74.833
72.843
48.277
89.394
64.669
70.681
107.992
46.811
91.617
77.748
90.034
58.548
67.000
70.294
86.358
83.729
71.391
71.255
63.070
72.914
91.327
53.420
72.715
82.479
67.042
99.050
64.174
98.804
92.487
63.132
59.993
62.263
69.533
64.239
103.892
59.670
83.737
62.800
87.596
68.288
92.435
62.798
78.379
73.962
70.492
52.231
64.082
67.548
85.044
69.821
66.112
66.630
65.303
65.253
58.348
72.623
52.306
93.558
56.821
77.479
67.594
67.709
69.717
79.479
68.920
110.562
65.605
65.043
45.620
48.169
56.549
76.586
58.062
70.433
72.177
61.367
72.585
47.606
96.768
71.973
72.808
56.514
94.201
60.624
62.481
58.361
81.969
105.861
78.800
78.302
74.853
73.361
89.205
96.555
56.577
64.795
104.634
94.742
61.204
75.866
60.580
60.364
82.377
106.430
87.525
59.023
70.641
60.720
64.152
87.745
66.304
72.892
42.174
49.531
66.011
72.200
54.810
63.780
59.757
92.909
70.771
60.512
53.376
