75.490
84.675
53.434
71.719
74.115
64.736
77.041
73.311
89.940
65.321
58.794
78.770
74.152
54.014
62.215
76.846
69.084
91.493
65.770
72.445
70.421
64.838
52.984
84.758
82.455
61.014
66.261
86.748
59.574
100.427
75.227
51.272
51.125
72.246
61.659
82.867
72.058
76.062
76.347
52.017
51.544
52.525
51.392
84.002
63.273
66.571
106.667
65.419
61.589
78.151
118.495
89.299
96.270
69.089
52.133
62.758
80.471
91.162
93.912
72.148
72.905
84.792
84.762
66.560
72.543
68.893
96.172
88.552
95.037
49.585
53.657
64.099
88.033
59.594
63.909
89.862
77.660
91.349
74.185
64.252
60.995
88.960
73.099
54.959
52.993
88.749
99.408
97.020
87.772
90.229
65.664
57.693
84.608
57.480
76.503
61.152
69.157
64.699
77.633
101.686
86.808
48.933
71.574
91.110
122.155
71.663
78.252
50.058
77.904
81.579
92.951
48.430
54.168
82.308
65.845
75.442
73.588
54.895
77.828
47.900
48.770
66.368
86.781
75.994
77.672
79.450
55.062
64.595
87.578
91.263
92.781
68.441
93.925
86.252
58.197
58.382
64.343
60.941
64.486
43.226
76.210
79.344
64.060
76.135
91.221
69.150
67.320
90.303
78.984
56.374
70.329
72.106
76.637
80.273
49.565
100.986
47.574
77.707
62.345
67.415
60.932
94.726
70.159
54.505
90.752
72.339
66.485
79.872
55.957
91.427
76.446
73.394
77.764
69.517
103.341
67.213
61.091
69.757
102.233
52.517
46.280
89.275
82.345
96.566
75.390
57.888
79.893
75.899
68.495
81.103
100.609
104.354
77.594
83.871
64.748
60.740
67.183
79.938
75.717
66.529
58.785
67.494
58.073
56.763
51.985
57.871
79.592
81.064
56.768
66.030
60.115
53.451
70.122
55.413
81.540
52.790
71.355
92.253
61.369
85.188
73.462
75.388
68.133
79.456
65.379
90.462
79.768
56.542
68.708
67.190
72.135
53.448
100.148
61.640
59.362
65.253
45.023
92.542
83.975
76.431
57.752
72.049
63.052
62.245
65.224
57.772
77.842
68.410
60.932
70.594
102.229
47.917
68.775
88.572
76.799
56.898
70.050
67.734
71.029
74.939
75.649
78.774
69.640
97.047
46.083
56.190
58.645
71.216
60.962
81.684
48.917
63.412
56.269
50.390
85.485
56.154
53.883
81.289
65.618
90.946
60.463
94.408
51.731
52.313
76.512
47.270
65.274
58.732
85.885
86.705
86.380
63.979
64.323
71.429
65.055
92.319
71.221
62.468
68.340
90.719
80.377
79.029
62.613
66.228
93.923
77.785
44.853
97.933
52.102
65.640
105.210
101.278
51.119
91.332
76.782
94.194
79.310
64.341
98.070
74.339
55.124
80.986
55.504
64.975
86.274
69.941
69.807
57.532
71.034
101.980
57.406
87.986
108.128
60.917
64.735
57.307
69.392
68.720
54.959
55.222
68.316
53.409
87.326
70.017
58.990
83.989
62.725
65.785
95.723
57.179
92.582
79.789
60.445
86.080
62.094
66.180
51.470
67.557
58.928
91.890
64.796
65.098
61.731
74.227
82.911
81.278
66.501
91.893
56.018
76.696
81.499
63.293
87.434
51.942
75.848
46.710
63.548
71.989
68.095
65.699
81.238
50.602
65.158
62.394
59.909
58.788
91.305
68.207
75.048
69.659
78.010
61.987
62.458
45.151
50.958
90.723
80.969
102.072
59.702
59.008
77.931
56.804
53.618
66.264
85.243
60.158
76.978
79.710
92.548
67.187
69.009
52.913
52.479
112.933
111.178
67.021
74.837
77.497
77.217
53.858
62.954
53.697
45.929
89.419
57.425
91.621
99.461
83.715
78.512
75.459
62.632
99.165
65.509
84.362
61.916
58.409
93.153
66.915
87.415
85.730
61.526
85.710
55.352
63.820
70.844
74.972
50.769
51.338
65.914
68.212
71.323
107.678
85.273
62.357
78.435
49.336
104.507
52.027
76.371
48.891
100.264
77.988
77.688
91.991
50.287
92.856
67.138
57.720
57.521
94.358
88.955
87.510
48.282
49.277
76.673
88.115
72.225
66.623
50.906
52.908
69.104
54.132
50.400
50.905
53.451
58.392
92.723
94.508
66.587
65.628
65.752
115.581
60.475
55.380
63.628
100.433
86.966
63.948
76.338
72.525
50.707
61.541
82.024
75.509
78.822
79.015
48.141
55.539
50.236
79.313
48.189
95.782
90.496
88.333
61.139
62.277
47.340
68.568
97.340
64.994
78.160
83.587
47.773
68.238
76.734
83.573
47.291
84.651
48.546
65.820
93.085
51.557
72.262
48.119
54.202
65.761
73.567
47.007
55.046
71.106
72.409
89.808
59.234
93.195
54.103
75.959
123.310
76.464
102.100
100.368
55.281
55.856
57.005
91.014
57.604
68.933
61.478
49.463
55.315
71.416
107.230
74.985
76.917
76.502
82.226
63.221
94.813
83.689
78.871
64.243
107.689
69.268
71.144
65.997
72.494
62.311
80.289
80.287
59.562
75.377
62.160
51.026
59.956
90.984
66.089
79.954
80.530
84.316
54.962
84.314
53.695
62.843
91.462
69.913
74.181
64.127
53.270
65.986
58.167
76.373
89.980
102.068
118.863
79.657
69.529
62.431
50.618
80.325
90.212
86.812
47.759
75.680
74.650
81.560
48.664
88.693
88.889
83.372
59.942
71.486
71.318
54.952
77.510
60.977
66.487
87.213
85.035
102.528
105.030
56.306
60.889
52.436
67.534
60.137
48.438
64.144
77.893
88.072
75.226
98.463
61.220
83.034
58.901
57.218
88.364
76.805
54.782
94.297
88.769
53.529
90.442
76.433
77.380
74.790
63.438
74.672
103.500
79.771
49.930
82.541
102.527
51.265
66.212
62.643
75.200
90.979
62.585
81.384
81.154
62.249
77.071
57.858
103.879
79.401
55.585
80.276
56.252
68.932
79.550
47.373
66.392
76.964
93.701
79.396
86.352
104.273
54.121
69.054
59.190
59.436
86.803
73.413
83.802
78.946
54.782
75.544
61.838
99.659
67.505
45.837
66.259
77.305
95.775
50.140
70.445
73.298
104.486
57.039
60.480
83.868
63.866
55.870
68.067
72.053
89.550
65.672
58.032
94.658
65.567
100.317
90.492
64.658
67.210
105.717
82.921
58.064
99.750
74.540
84.508
70.404
86.108
68.107
55.824
105.297
65.992
72.324
83.503
98.580
92.063
77.667
76.585
81.835
58.955
61.683
65.007
64.250
51.129
64.460
65.409
64.685
79.059
86.504
92.012
73.449
59.753
97.144
71.269
67.714
88.204
67.847
102.291
72.044
64.092
76.725
71.306
98.365
71.763
96.980
93.532
67.241
91.079
52.693
75.951
85.717
61.276
82.253
75.767
70.299
60.380
87.525
83.632
72.399
75.086
73.676
86.057
53.423
71.804
70.920
72.651
48.442
71.007
57.143
84.496
65.424
70.098
52.370
91.325
60.431
58.048
56.699
57.943
64.685
60.711
69.317
78.931
64.592
96.278
54.211
65.873
89.891
81.236
60.611
69.821
61.237
89.563
93.329
59.811
88.591
89.903
58.694
110.411
67.018
69.778
91.098
65.030
85.885
108.384
60.518
89.478
60.636
69.621
69.071
57.209
65.041
59.007
102.060
54.809
79.950
97.232
67.872
99.714
105.781
75.412
60.439
49.541
116.236
45.449
54.910
77.126
51.214
59.768
65.008
73.165
55.341
57.292
51.258
86.181
77.831
62.002
61.141
48.416
86.569
76.575
105.510
83.189
103.806
53.586
56.572
71.718
72.857
74.599
81.766
93.559
93.219
87.865
57.441
57.980
83.534
109.138
55.406
81.563
83.856
73.188
60.554
92.011
79.794
57.423
68.360
89.479
71.650
126.853
69.771
107.252
52.105
86.262
56.752
85.806
70.339
48.641
80.640
67.651
66.202
76.268
80.647
97.692
55.468
90.295
54.504
50.725
60.664
50.583
64.897
58.215
66.996
104.574
58.167
75.502
51.859
113.052
51.361
76.121
50.076
80.338
69.279
105.019
69.354
62.748
57.767
74.248
59.096
90.676
89.049
49.517
95.251
97.700
52.662
60.611
95.751
67.340
66.801
69.638
51.832
56.313
87.551
57.070
69.898
67.479
53.410
86.022
78.289
47.069
57.039
57.904
57.384
63.202
84.332
74.479
53.742
67.104
89.240
106.188
77.048
53.192
52.964
45.178
86.175
97.892
79.372
85.397
66.689
49.714
70.030
98.359
77.675
51.819
51.086
85.208
93.007
57.859
86.145
50.065
77.142
71.904
72.386
74.713
45.365
76.862
65.722
86.333
59.493
62.456
49.557
61.914
76.293
72.547
48.856
86.156
61.916
75.549
59.375
88.807
78.797
88.178
76.103
79.590
45.022
69.611
84.189
68.794
56.242
62.543
64.003
77.437
48.449
75.512
80.941
89.547
50.994
91.516
70.461
85.917
74.733
51.235
51.142
56.068
59.517
60.964
80.166
63.247
59.063
76.977
70.744
113.814
91.004
67.839
82.005
62.757
60.380
103.636
53.538
47.933
93.785
84.862
85.239
56.537
84.259
104.068
51.047
89.741
55.953
120.050
59.465
62.398
52.411
70.429
92.745
59.453
66.323
81.135
85.026
60.392
54.517
50.365
61.196
49.124
69.402
57.359
89.896
79.002
88.250
86.692
96.901
89.271
80.756
83.811
55.185
58.100
80.551
71.064
56.320
80.813
54.179
59.910
82.366
89.935
67.476
53.742
52.731
86.555
67.418
91.334
62.599
64.198
78.065
54.807
76.190
73.825
57.814
108.810
49.163
92.810
84.241
93.436
91.848
84.816
91.448
93.858
82.591
87.189
64.697
86.630
81.116
55.797
83.059
84.714
74.111
96.902
77.017
79.381
99.329
63.889
94.359
87.707
79.375
85.263
116.353
85.496
117.098
80.481
81.779
81.616
53.908
88.707
82.707
68.324
98.608
72.465
73.461
67.401
52.865
90.539
87.380
70.181
74.211
61.607
48.362
98.093
88.980
85.738
81.692
105.851
79.679
98.052
87.188
57.893
88.601
113.122
81.843
52.866
64.514
61.810
119.933
55.483
58.221
91.291
92.733
50.708
52.950
77.615
68.673
90.080
59.388
85.058
86.662
121.579
76.291
60.134
50.448
78.723
115.365
82.285
73.208
78.799
53.517
57.613
77.374
72.741
75.931
48.014
69.708
75.187
76.792
45.713
98.310
112.167
59.006
71.012
70.385
48.412
51.444
73.833
94.928
79.809
47.835
49.045
63.714
71.131
110.837
85.930
59.660
89.410
67.648
49.258
74.009
79.240
82.179
54.338
74.626
56.943
81.935
68.798
55.025
67.562
71.499
57.839
55.160
91.302
53.374
95.716
66.321
78.886
56.434
59.477
80.555
74.171
74.948
59.748
50.581
73.995
85.864
46.134
60.149
84.586
53.967
48.348
51.255
78.391
73.153
78.328
69.844
57.349
73.311
78.956
51.880
102.173
48.925
50.586
69.503
96.753
98.070
76.812
50.730
52.465
74.947
68.382
49.523
95.176
55.449
60.651
77.019
56.817
93.158
86.497
51.148
60.602
65.663
52.802
54.886
63.003
66.681
56.887
74.623
63.380
75.131
89.831
68.837
83.259
68.377
55.099
58.127
56.957
51.271
52.539
57.264
53.607
124.130
103.317
91.966
76.110
60.601
56.787
86.634
108.750
99.061
79.002
76.689
85.732
84.963
72.002
71.764
59.724
93.185
87.354
84.662
57.717
87.950
67.763
62.325
61.842
87.608
58.217
62.932
71.028
68.105
88.367
58.024
57.068
74.257
58.067
54.753
63.630
65.770
68.633
62.096
48.890
60.686
68.877
107.123
60.289
49.395
90.141
55.763
53.685
60.297
61.184
65.882
62.698
53.082
84.836
75.220
83.974
81.756
75.186
51.712
56.365
53.594
101.149
82.800
64.659
56.742
73.057
81.544
59.229
58.771
102.343
107.130
78.474
53.705
52.767
61.823
94.927
73.099
56.158
62.395
55.037
89.093
76.778
77.549
106.076
51.613
82.593
47.174
100.268
84.138
98.264
63.245
97.496
70.208
81.880
60.265
68.142
54.572
83.018
65.058
84.164
56.274
60.979
97.042
78.332
102.813
57.702
55.217
63.603
67.707
118.812
100.540
73.728
89.361
59.424
81.935
64.987
66.641
57.619
81.215
95.999
87.557
83.289
82.028
92.786
103.582
69.855
54.042
66.722
78.976
58.250
58.984
61.528
50.538
58.522
62.853
69.760
67.214
59.533
81.989
91.488
63.887
72.075
119.132
104.484
68.151
83.897
72.041
61.262
45.531
44.321
67.388
74.210
59.185
55.412
67.175
57.617
77.272
74.843
74.878
76.667
64.515
71.366
74.564
62.768
82.122
66.322
72.392
48.357
51.529
95.204
104.640
57.524
76.216
64.764
78.901
83.776
55.405
48.569
78.561
45.981
54.210
65.020
65.887
120.734
81.169
92.760
94.255
84.277
66.387
79.110
83.044
58.268
48.843
49.905
71.518
77.897
53.692
93.685
74.778
64.940
81.204
57.036
82.750
87.617
66.573
58.627
50.410
83.040
55.679
95.222
52.491
86.102
58.003
90.571
101.028
65.013
67.155
87.772
118.286
101.501
60.772
67.290
97.958
48.423
124.225
83.213
79.883
57.350
121.830
66.299
81.055
121.095
52.713
82.198
52.109
65.854
79.104
84.344
59.113
51.866
75.057
114.371
74.822
86.789
60.583
88.119
101.462
73.650
64.329
63.293
76.511
54.156
66.017
46.621
69.679
57.977
70.996
47.325
44.200
113.247
113.354
102.648
58.089
65.572
65.140
70.355
53.854
73.252
74.426
85.178
69.154
76.035
51.910
74.727
50.957
50.898
65.912
75.166
69.695
94.593
70.352
61.227
89.884
99.203
76.984
65.561
79.742
85.122
66.631
67.118
60.530
73.127
68.128
79.082
57.172
89.163
72.471
86.905
72.635
101.790
68.252
76.339
98.490
86.042
93.106
65.337
91.652
55.774
88.891
58.908
70.578
62.346
59.471
72.759
59.261
