65.363
76.608
57.277
76.094
105.804
59.591
52.153
52.253
114.662
51.095
66.999
63.755
70.759
59.775
64.300
57.366
64.130
56.545
53.312
61.253
60.267
100.946
64.050
61.498
87.396
64.753
70.652
49.913
85.262
74.097
72.974
110.051
58.006
93.523
118.998
80.723
81.029
63.800
70.585
71.681
61.842
73.412
79.997
94.014
83.883
69.269
116.691
93.610
69.164
54.769
54.511
64.631
79.741
74.996
81.418
73.995
54.942
91.847
97.673
63.709
57.390
79.212
59.409
59.999
51.834
80.644
88.421
90.595
86.892
87.959
99.407
77.923
66.581
73.549
76.703
99.512
88.953
74.075
72.097
66.496
77.020
82.388
57.680
86.571
79.713
63.279
68.216
57.940
106.687
72.149
68.248
74.347
62.177
93.520
86.833
53.997
87.824
95.440
48.068
63.486
75.405
49.386
62.340
87.399
83.102
99.633
88.242
96.186
65.008
83.183
88.595
57.003
44.177
82.962
64.222
85.528
91.311
89.952
47.070
46.427
77.570
75.965
80.691
84.194
62.067
86.477
75.170
52.913
71.851
76.916
95.983
81.103
89.984
54.679
93.639
103.095
89.258
58.273
67.786
64.139
59.318
54.953
66.890
45.282
45.884
108.373
90.471
68.898
77.432
88.842
85.546
93.581
88.432
76.131
74.158
74.543
76.661
79.096
107.982
86.562
86.480
87.146
69.857
79.160
69.042
80.911
52.594
74.581
53.346
55.091
46.146
50.801
50.602
47.739
49.380
48.959
60.586
67.949
58.594
71.543
77.571
80.615
53.423
65.596
54.517
60.430
74.741
49.015
104.562
104.002
86.533
68.176
53.601
66.757
90.302
104.619
49.542
49.128
59.934
97.887
85.360
58.338
57.474
93.912
75.749
73.102
56.662
69.623
52.574
87.495
85.662
94.226
55.144
94.341
78.317
59.669
74.337
81.614
76.432
78.217
83.607
59.432
49.771
57.352
49.788
50.261
51.418
102.970
76.898
50.788
59.881
85.791
50.802
79.737
75.031
53.368
48.653
64.977
75.105
71.210
77.452
53.802
57.351
62.410
57.305
96.338
79.954
75.960
55.056
89.160
62.706
52.800
47.070
58.681
57.607
88.385
94.363
76.034
92.694
55.352
76.820
53.798
72.703
103.780
94.947
90.179
61.825
53.015
54.313
60.660
91.216
96.706
102.687
57.761
64.666
59.806
52.666
77.962
75.793
67.693
58.104
63.606
64.693
79.987
52.709
69.827
70.619
55.046
48.842
75.676
53.854
59.440
59.888
58.507
74.230
95.391
76.002
49.593
80.615
72.410
60.648
90.020
91.118
95.028
45.970
68.555
50.023
55.846
79.085
58.661
49.076
79.241
60.443
63.594
46.898
113.651
84.247
66.458
78.025
52.481
65.938
51.567
74.854
59.890
85.657
57.283
58.545
117.804
55.507
84.681
88.793
52.388
74.942
84.268
81.315
82.438
68.667
74.787
102.582
88.307
59.554
58.647
88.830
56.902
109.262
61.283
53.478
83.658
55.215
47.823
69.548
71.305
75.148
78.010
63.785
72.840
60.470
66.479
85.631
60.595
45.576
90.851
54.226
73.887
75.445
86.183
76.464
59.165
67.599
56.350
84.777
58.774
83.199
69.223
57.805
100.633
52.684
92.126
50.927
59.341
71.929
85.249
50.433
75.775
102.126
67.908
93.660
52.040
85.338
80.450
58.317
72.669
78.162
91.882
74.958
88.926
49.185
54.781
84.631
76.091
79.613
77.625
74.458
80.539
74.248
80.601
65.720
68.970
47.078
73.295
74.436
96.184
67.915
79.865
45.096
111.994
97.122
53.421
89.728
81.687
75.987
98.327
86.560
75.171
52.660
58.642
69.261
107.654
58.451
58.146
83.012
88.893
99.610
65.478
80.367
45.545
66.094
96.781
84.538
97.549
45.679
54.086
76.857
76.605
84.878
57.856
64.262
93.652
106.723
59.820
56.889
63.809
52.742
71.940
76.900
81.366
73.677
67.232
50.407
74.352
56.607
73.552
84.687
64.991
88.733
75.270
72.320
103.082
72.156
83.987
93.782
94.980
87.669
73.093
67.155
82.868
56.633
79.659
63.169
84.182
48.797
70.074
68.962
78.190
64.534
62.109
68.076
64.433
79.906
52.189
80.703
92.239
92.452
80.402
71.631
92.952
70.769
118.904
60.818
88.709
76.915
80.997
76.175
64.161
70.178
61.229
90.875
87.172
64.747
84.242
73.857
75.181
71.742
66.839
66.014
64.438
48.209
88.870
96.109
82.447
50.957
58.058
71.148
81.195
112.715
92.554
74.639
65.886
63.570
78.088
99.659
94.251
57.776
59.363
75.606
61.731
59.457
66.087
63.311
59.750
71.684
75.859
75.364
64.075
78.645
108.274
53.637
56.157
61.770
75.883
76.384
86.841
47.460
74.272
79.525
90.305
67.142
83.094
56.649
71.566
64.389
89.772
80.514
60.605
86.350
85.774
60.901
66.043
78.458
90.345
89.132
85.026
103.931
64.526
81.191
78.653
86.119
78.618
67.137
59.713
82.231
85.452
86.499
86.212
78.212
84.442
82.001
66.632
58.369
50.747
60.268
84.927
54.643
74.814
77.029
88.532
115.115
48.948
85.048
60.384
46.656
64.638
75.370
78.289
55.024
68.918
76.625
77.178
94.190
79.679
79.090
88.809
50.774
50.486
72.015
58.364
52.785
93.213
69.170
60.178
81.342
79.086
87.752
68.544
75.466
65.751
80.868
61.777
50.618
103.082
99.400
60.293
54.572
77.454
65.987
85.148
60.461
82.185
58.188
91.034
100.077
74.181
100.527
67.072
78.189
59.349
50.661
57.920
94.817
65.846
92.947
53.581
75.346
76.063
61.055
73.477
108.737
49.896
80.421
52.531
75.263
58.147
55.014
109.916
75.852
65.784
81.197
97.752
64.045
64.656
64.771
93.972
62.210
81.963
72.780
73.433
74.813
89.046
61.419
83.208
79.113
96.694
51.378
50.869
64.851
64.328
81.250
90.421
74.753
54.870
56.562
84.840
79.650
86.008
62.839
62.453
113.780
74.078
87.558
53.958
81.926
87.091
81.012
57.461
96.026
45.501
58.961
52.693
87.403
63.583
90.374
60.970
115.059
91.221
67.556
100.894
83.335
56.459
80.173
65.717
92.272
53.918
48.167
63.721
80.194
86.362
72.467
69.210
80.345
63.431
82.941
109.146
86.646
79.802
70.260
59.026
101.961
60.398
65.438
57.124
67.537
65.395
83.350
65.663
54.281
102.327
60.853
103.570
79.056
79.782
72.316
67.646
106.613
54.496
82.761
78.551
63.663
57.531
56.047
77.529
74.997
64.842
49.978
121.079
65.012
54.327
62.059
71.346
67.378
82.850
60.895
62.628
68.622
56.639
49.271
65.245
78.863
52.060
69.020
53.391
79.067
68.935
62.787
55.959
77.451
73.792
75.431
85.512
75.444
74.182
79.694
52.166
107.959
85.778
61.482
99.167
60.206
85.832
52.927
80.611
76.332
83.015
80.297
72.218
94.520
60.249
53.297
91.317
63.098
70.238
89.347
54.758
48.522
73.661
87.190
82.264
100.495
81.700
91.502
89.555
64.423
49.831
81.702
84.123
89.239
47.970
68.298
97.435
70.030
82.053
74.274
93.232
111.046
69.666
62.321
66.591
75.948
70.463
68.753
66.061
65.220
106.264
63.835
72.200
89.838
76.980
46.727
72.833
71.159
76.063
81.937
50.954
95.444
75.104
80.852
57.006
82.002
102.859
47.662
76.331
86.856
87.944
54.361
50.436
54.402
57.999
109.263
74.072
78.597
56.199
114.930
68.730
86.006
57.056
90.333
51.230
82.411
119.001
67.236
82.896
79.347
82.174
58.203
82.951
70.245
60.391
116.191
95.839
102.445
102.624
68.488
106.884
91.414
94.836
65.066
57.168
67.205
106.509
93.858
53.707
60.899
79.639
73.864
82.635
62.758
56.771
97.779
86.583
98.805
83.599
115.546
56.058
77.319
88.403
56.572
52.304
106.228
69.038
57.483
103.961
75.868
125.111
66.926
87.594
76.021
65.906
104.201
84.992
87.341
61.799
58.196
74.692
90.552
92.045
90.325
71.398
60.505
87.399
121.447
75.952
122.794
59.838
78.569
90.794
91.845
76.524
69.789
68.670
102.165
90.825
62.622
59.417
91.579
60.885
61.231
89.112
50.707
66.512
58.480
60.278
104.591
70.522
87.804
54.776
51.353
66.800
84.474
67.703
72.300
71.383
95.440
70.997
81.956
80.522
122.164
49.752
84.675
94.089
72.273
70.567
85.367
82.159
52.548
53.255
82.689
81.953
87.938
62.564
100.960
61.874
72.329
83.025
69.603
64.184
96.773
90.166
80.946
54.907
82.367
68.049
77.033
68.382
93.028
94.111
49.926
73.599
96.610
77.712
59.691
68.462
65.953
