107.783
94.486
66.645
59.355
67.340
50.521
63.433
47.020
47.047
49.617
67.568
52.047
58.785
69.680
71.912
67.005
106.517
50.865
83.942
127.741
93.094
68.838
66.417
77.356
63.750
69.666
65.138
52.485
90.361
64.477
47.265
47.546
58.822
57.076
51.588
74.805
75.494
67.623
63.201
52.938
70.370
59.507
86.387
103.708
66.735
52.311
70.982
72.039
102.283
93.620
84.048
67.414
94.537
52.967
60.452
81.999
79.443
102.525
61.362
48.371
55.100
97.328
76.744
53.020
61.573
54.276
87.802
48.831
105.507
80.819
53.783
54.496
66.765
85.932
67.885
80.937
49.966
57.699
54.744
54.556
104.181
124.118
58.389
65.764
84.098
72.039
61.115
70.552
93.743
58.053
60.663
57.052
57.037
76.645
79.195
43.397
61.110
57.557
78.346
91.025
73.542
75.202
57.402
65.398
73.184
66.349
73.558
64.318
78.251
68.780
45.871
116.444
75.843
93.790
56.481
107.429
68.418
64.722
65.423
47.075
57.349
61.233
65.546
59.651
71.479
55.305
62.836
60.472
66.440
73.222
46.188
60.577
57.009
76.909
47.302
59.456
58.978
51.970
105.016
56.071
66.708
75.296
60.491
67.713
48.967
80.026
69.039
65.820
111.901
49.285
50.028
75.676
80.377
72.675
89.193
85.399
57.511
59.862
52.171
57.443
74.386
78.839
73.077
65.648
64.392
56.769
54.839
52.229
60.503
64.922
93.658
67.368
67.322
70.053
71.975
85.333
83.970
54.173
57.795
65.526
64.760
85.196
45.166
51.595
72.369
46.876
47.325
84.699
46.743
106.878
48.193
75.757
52.275
89.545
67.827
75.153
86.400
86.728
88.002
64.141
54.462
46.866
60.719
85.551
66.242
95.449
66.658
63.918
93.763
83.656
69.801
49.763
80.089
88.605
74.301
77.176
69.014
81.453
91.060
68.111
112.602
98.805
53.629
106.844
55.333
100.059
91.874
71.728
90.098
49.856
58.045
101.291
65.212
51.056
59.508
51.523
51.100
74.334
72.111
65.573
86.515
83.956
67.163
85.295
78.003
64.252
83.632
101.486
42.560
86.313
56.594
60.164
58.279
76.087
55.581
49.645
50.336
111.323
87.225
73.757
64.600
69.981
57.960
62.230
94.868
84.391
87.185
46.458
75.392
63.717
69.003
94.182
58.185
58.178
70.569
68.721
57.404
99.444
61.781
82.358
59.137
80.387
97.916
58.698
79.363
76.572
88.608
116.951
102.929
48.502
55.554
87.693
73.728
50.229
109.453
47.770
90.789
64.537
71.150
88.634
98.104
67.666
78.573
101.903
85.361
67.373
63.145
102.225
70.465
76.387
58.924
65.673
74.898
109.389
72.018
72.743
75.093
52.499
56.588
87.952
71.760
55.778
59.544
88.491
58.759
49.303
56.473
49.750
43.047
66.236
68.044
71.522
72.121
71.666
54.416
108.103
46.149
85.568
93.900
94.814
79.528
67.566
83.892
89.163
47.929
91.970
46.210
118.643
87.232
60.684
87.332
59.541
60.939
84.483
66.477
106.392
67.319
101.815
47.427
56.801
92.934
47.997
56.271
43.897
89.605
109.386
55.815
75.727
43.582
78.041
51.903
79.524
51.793
114.890
51.001
84.720
67.583
78.680
68.821
83.060
75.851
59.497
61.932
66.937
46.241
