13.341
9.595
11.647
13.058
11.908
13.188
13.326
16.277
10.729
12.448
10.978
15.847
13.250
14.351
15.086
12.616
12.557
18.247
10.595
9.039
12.809
18.320
11.769
16.426
17.646
18.135
10.130
9.988
15.668
11.321
17.755
14.980
16.184
17.563
17.898
9.455
11.844
13.418
11.221
14.474
12.349
12.190
13.091
11.122
13.753
16.488
12.369
9.588
16.197
15.896
12.319
18.352
13.683
13.398
12.480
14.912
13.771
10.528
10.351
11.939
12.908
10.457
13.546
10.142
10.581
12.177
9.372
16.352
10.364
13.647
13.593
10.252
9.793
16.327
10.644
14.939
12.714
9.910
16.720
10.662
10.962
15.872
15.835
11.514
9.845
12.974
11.654
15.775
11.833
16.450
17.872
11.950
11.571
10.857
11.184
11.765
14.588
11.838
10.865
11.440
16.140
9.436
16.252
10.390
9.653
17.028
13.234
9.558
9.638
12.424
14.494
15.886
13.137
11.088
11.883
9.879
15.496
11.126
15.417
11.514
14.232
18.411
11.507
11.182
14.798
8.816
18.334
16.702
15.124
11.724
15.013
12.611
17.766
11.257
13.242
14.921
12.634
12.074
17.293
12.205
11.325
10.405
16.039
14.849
10.815
12.689
10.433
12.328
10.843
10.798
11.528
17.331
15.551
14.465
10.515
11.890
9.193
16.622
14.927
11.012
11.210
16.212
9.798
13.112
16.260
15.677
13.826
16.358
15.618
10.630
15.940
12.457
15.321
11.362
15.529
10.895
13.651
15.445
11.749
12.338
10.343
15.144
13.580
10.500
10.831
18.303
16.940
18.337
14.228
11.312
11.242
10.926
13.039
9.496
11.050
16.578
11.875
12.161
17.823
12.824
12.355
11.826
17.584
10.334
9.070
10.048
8.683
17.485
11.439
11.705
16.056
12.364
10.386
10.706
10.225
13.592
13.116
12.513
12.370
10.897
12.138
9.727
15.732
10.835
16.860
10.505
9.854
9.787
18.192
9.564
16.523
14.408
12.519
11.227
14.022
17.788
13.156
18.995
10.047
13.157
10.410
13.038
12.759
12.878
13.263
10.308
13.336
12.003
10.867
11.180
15.204
12.695
11.296
9.848
11.034
12.108
10.988
12.340
14.151
12.698
13.699
17.348
12.391
12.865
12.663
11.634
10.338
16.498
18.407
11.755
14.342
11.920
13.667
11.590
11.098
16.515
13.126
12.775
15.430
10.633
15.434
17.055
15.601
13.539
10.868
11.215
12.339
15.052
11.491
12.115
10.389
16.385
15.984
16.503
16.521
15.667
15.427
10.833
14.435
14.680
15.613
12.776
16.024
12.244
11.672
10.289
10.769
10.804
10.721
13.332
17.620
10.542
12.986
12.620
17.578
14.170
16.874
10.974
9.996
14.525
12.970
15.779
14.062
19.430
15.070
10.869
9.498
13.757
11.228
13.550
12.217
13.543
14.673
13.729
13.196
10.676
15.214
11.329
11.515
15.227
17.232
15.329
11.351
12.266
13.852
13.328
14.776
14.433
15.609
10.605
11.359
13.374
9.891
12.296
10.594
9.740
13.546
12.840
11.467
11.767
14.680
16.439
11.515
16.303
13.553
17.374
12.801
14.094
12.166
13.148
9.498
14.838
10.111
11.080
14.935
11.800
15.004
12.581
12.893
13.660
17.727
14.249
13.575
11.536
11.915
13.271
11.294
10.819
17.164
12.466
13.664
13.615
10.964
11.787
10.357
16.399
11.413
14.888
11.568
12.581
11.706
15.268
17.471
10.422
11.561
10.515
11.004
14.662
9.904
13.215
14.881
11.041
14.146
10.632
12.236
11.849
11.461
17.521
14.288
13.046
10.157
12.684
13.454
16.726
17.422
16.148
12.654
17.217
11.794
11.952
11.659
18.472
15.789
15.232
10.867
10.658
11.643
12.255
18.004
11.407
10.255
16.176
13.449
11.502
10.637
13.487
15.607
17.077
11.442
14.252
11.949
10.143
13.122
12.081
12.200
18.634
12.408
12.205
17.832
10.147
12.284
10.251
11.481
10.909
10.145
12.613
10.928
11.612
11.817
16.987
10.263
10.189
11.238
11.966
18.080
11.116
9.925
16.189
12.497
11.410
12.492
10.423
15.715
16.023
16.860
15.537
8.717
12.999
12.289
14.771
9.875
13.187
10.864
14.769
10.896
17.738
11.464
15.433
14.869
12.376
11.201
11.510
13.395
11.849
10.748
12.261
11.449
11.528
11.047
10.497
12.216
11.698
10.069
13.330
15.902
16.667
12.114
16.273
11.762
11.045
12.004
14.158
15.949
13.829
12.835
16.280
10.757
11.865
11.041
17.131
11.627
10.234
16.200
10.889
11.111
10.970
10.307
12.930
11.881
10.477
15.493
11.604
16.085
13.063
12.032
16.880
12.538
10.993
15.687
15.614
12.811
11.140
13.859
11.578
10.689
13.607
12.270
11.878
15.848
13.140
16.036
14.920
10.241
11.256
15.174
11.859
11.095
16.472
15.186
12.936
11.388
13.618
11.747
14.190
13.617
15.786
11.666
13.750
11.313
11.190
12.507
12.549
16.521
12.260
11.784
16.361
10.016
15.229
16.248
11.513
13.891
13.228
12.469
16.226
10.393
11.686
13.705
15.562
14.872
12.959
15.240
10.468
10.779
13.926
15.443
10.748
10.473
11.536
14.554
16.313
14.777
10.648
15.021
12.763
10.785
12.010
11.299
11.781
15.966
17.960
11.409
9.902
13.511
9.307
10.456
12.023
14.215
11.944
11.555
10.598
10.857
17.740
14.650
14.110
12.352
12.285
19.588
14.721
12.609
18.222
11.056
11.786
13.796
12.706
14.056
16.286
14.563
11.756
16.678
18.079
13.584
16.103
9.217
9.737
11.429
13.416
12.236
10.659
11.448
13.471
10.360
11.508
10.644
12.958
15.741
11.715
10.840
10.456
11.336
10.464
10.712
15.117
10.687
16.158
9.931
9.583
15.656
11.868
10.743
12.005
11.941
16.222
14.441
10.537
12.939
10.589
17.935
17.332
13.298
15.587
10.798
12.113
11.104
10.100
10.474
10.250
11.552
10.769
10.310
8.574
16.112
14.664
15.902
11.494
10.805
10.695
10.184
17.476
15.354
10.837
10.814
14.966
10.425
10.379
11.115
9.549
12.107
13.649
12.964
14.766
18.105
16.926
9.868
12.979
12.437
16.909
12.630
12.773
12.925
12.923
17.102
10.037
11.438
17.829
11.830
14.909
16.495
13.473
16.854
11.655
15.856
17.628
12.025
12.419
13.566
17.642
12.494
11.451
13.167
8.837
9.531
9.217
13.973
15.312
16.984
18.151
11.376
14.336
14.524
16.420
12.249
9.972
10.101
15.049
17.355
15.467
9.781
11.329
16.565
14.851
11.917
15.558
9.178
11.266
18.493
10.021
15.508
12.179
11.079
15.292
16.029
16.335
9.333
11.817
13.680
11.660
16.363
11.743
9.609
9.473
13.631
14.162
12.439
14.402
11.385
10.329
9.598
13.818
15.586
13.467
14.520
8.329
11.057
14.777
13.259
14.362
13.326
12.635
13.432
10.029
13.972
11.788
12.873
16.511
10.973
15.124
11.390
14.826
16.863
9.805
17.251
18.148
10.002
14.682
18.432
14.715
10.249
13.120
16.833
15.626
15.072
12.067
17.448
9.657
9.904
11.163
16.476
10.912
10.660
15.419
12.633
16.265
16.405
11.004
12.506
17.072
16.402
11.977
14.903
12.191
16.918
14.239
13.762
14.528
17.886
14.001
11.440
16.230
12.385
13.258
15.522
16.367
12.860
15.895
15.831
16.180
14.307
11.234
13.152
10.087
15.375
17.455
9.535
15.678
14.468
16.306
10.162
18.517
18.764
13.551
12.097
13.647
11.850
11.452
13.469
16.934
16.981
11.262
18.277
16.398
13.655
9.936
16.150
12.439
14.321
11.604
10.504
13.649
10.617
15.845
14.302
9.481
15.942
10.387
10.583
11.236
11.206
14.192
13.279
17.963
9.893
12.525
14.877
13.913
15.518
10.670
18.619
16.894
16.392
11.433
12.501
17.908
11.615
17.387
13.472
15.724
11.542
17.073
12.496
10.768
11.961
16.986
15.700
17.018
14.961
11.253
10.246
16.076
12.847
16.478
15.745
13.218
10.475
11.914
13.268
11.819
14.893
16.641
11.060
15.732
14.459
16.058
9.693
9.429
13.562
14.680
12.806
17.582
14.035
14.094
11.818
9.412
15.587
16.302
10.777
17.456
14.523
16.295
9.486
13.598
18.122
14.783
9.987
11.506
11.401
14.101
15.713
12.473
14.687
19.034
15.520
10.549
13.094
12.146
15.254
11.342
14.697
13.469
12.895
12.224
11.954
12.004
12.131
12.180
16.915
12.788
12.427
11.241
12.485
12.495
16.579
16.643
16.373
16.319
10.808
11.988
11.591
11.424
12.058
11.914
10.605
9.313
9.155
9.297
14.741
10.820
16.372
17.139
11.749
16.336
15.626
13.223
10.094
10.157
11.490
11.408
15.275
9.443
17.732
14.687
10.896
9.478
9.727
16.886
17.346
11.097
16.451
15.726
16.898
14.154
16.856
10.017
14.065
14.854
11.132
18.541
10.942
13.359
14.232
17.845
11.181
15.640
9.212
12.946
18.577
12.050
10.279
10.811
16.796
11.899
18.056
12.682
12.041
12.573
18.728
13.968
14.011
9.891
11.687
16.862
9.870
9.606
16.952
11.758
11.292
14.385
11.566
9.208
9.604
9.641
10.482
10.409
10.679
14.992
16.970
15.290
15.515
11.726
12.173
9.794
13.724
9.709
12.888
12.618
12.988
9.092
16.007
16.328
11.214
15.413
10.159
10.114
11.103
9.630
18.703
9.540
17.553
15.259
12.031
16.429
10.858
16.458
12.363
17.777
17.418
12.771
18.377
17.531
18.173
12.072
11.792
11.607
17.150
13.694
10.758
16.519
12.116
11.962
16.913
14.083
10.648
10.860
13.469
11.626
11.280
17.501
15.747
15.911
15.293
15.939
16.982
16.590
12.783
16.284
19.206
16.099
15.307
16.488
10.823
17.806
16.456
15.154
15.367
14.939
14.639
18.105
17.730
15.606
10.684
12.875
14.072
15.860
14.950
13.951
11.555
12.936
16.224
15.192
13.332
14.498
17.557
14.782
16.688
9.467
11.640
11.390
12.083
11.391
12.561
15.216
10.495
15.706
9.563
12.937
11.756
17.023
11.466
15.764
15.144
14.663
14.271
11.303
10.099
14.782
16.569
12.858
16.872
16.456
10.306
9.793
12.419
10.935
9.748
10.042
12.068
14.395
11.243
10.533
15.728
15.425
11.875
16.743
14.832
12.000
11.201
10.813
11.566
14.735
16.254
9.373
10.643
14.583
10.976
14.275
17.511
15.772
11.697
9.926
12.208
10.616
11.519
12.506
13.510
16.247
15.687
14.242
15.980
11.825
11.626
15.180
10.481
16.776
12.347
15.087
11.781
14.687
14.401
13.561
10.918
17.660
14.883
13.071
11.313
10.725
13.875
15.732
17.000
14.872
12.385
16.363
16.387
14.539
12.363
9.457
15.504
16.102
16.589
11.967
15.980
15.613
11.923
10.630
14.379
14.752
11.555
9.739
16.703
11.123
15.565
16.331
11.448
13.547
11.192
10.706
9.557
9.250
14.197
16.399
10.895
12.599
12.833
13.298
14.594
10.791
13.449
13.064
13.841
15.007
16.229
15.364
15.319
14.370
15.898
15.308
12.263
11.833
11.391
17.453
14.842
11.979
16.433
12.633
15.040
15.626
13.206
10.644
17.573
13.455
13.282
13.289
16.359
10.673
10.478
14.929
13.546
15.965
16.615
14.924
15.673
11.331
15.187
10.495
11.237
11.362
16.332
16.160
15.586
10.565
14.895
10.997
16.920
14.634
13.883
17.567
15.759
16.178
11.020
9.893
13.985
15.204
11.282
11.965
11.724
11.515
14.496
16.170
11.020
17.594
16.216
14.527
16.079
9.877
12.423
16.820
10.390
14.079
11.323
15.757
16.930
18.164
15.719
9.411
17.807
14.060
16.334
12.443
11.160
14.365
16.302
12.614
14.126
12.955
13.441
17.339
15.970
14.746
12.463
16.674
12.345
13.451
15.483
11.662
10.746
11.896
13.686
13.676
15.011
14.085
10.154
10.252
10.002
17.148
10.893
17.848
16.485
10.182
12.766
16.099
16.946
15.616
11.698
14.675
11.453
13.680
13.772
14.242
15.765
12.303
16.353
14.254
14.448
18.401
16.819
15.595
14.357
12.524
12.206
14.836
12.734
14.675
12.571
17.320
18.383
17.673
17.956
12.397
12.976
11.950
10.701
11.858
9.285
8.993
14.481
9.830
9.699
9.685
9.766
9.793
10.146
10.573
10.635
14.180
10.738
16.483
10.794
16.255
13.786
10.380
15.763
17.881
9.365
10.952
15.198
17.643
12.461
18.484
11.527
9.942
16.554
11.186
17.468
12.593
11.101
10.846
11.131
9.450
12.054
10.340
8.780
8.774
8.759
9.732
10.401
9.372
15.906
12.103
15.403
14.528
13.249
13.603
11.434
15.177
12.307
11.082
9.405
9.261
9.085
13.232
12.083
12.354
15.735
12.390
17.182
9.342
9.979
15.629
13.934
13.765
13.827
15.945
18.116
10.880
9.760
10.172
12.450
16.268
10.995
12.937
13.442
14.747
9.663
13.000
13.177
13.838
17.552
10.808
12.141
16.159
14.621
16.083
15.289
15.499
11.379
19.138
18.646
12.133
10.390
11.223
12.011
10.424
11.363
12.618
15.038
10.200
11.373
15.450
13.720
15.769
18.356
13.542
15.834
12.274
11.577
12.044
12.621
16.936
18.347
14.961
17.960
14.021
16.447
14.606
11.096
17.894
17.279
10.511
11.625
13.724
11.078
17.765
15.133
15.415
13.947
13.841
17.745
16.231
12.475
15.241
9.570
12.921
11.311
12.630
12.723
15.461
14.022
9.809
12.823
17.257
11.406
11.351
9.664
11.540
13.039
12.841
9.616
9.323
12.118
14.188
12.173
14.450
10.740
15.179
12.056
9.623
16.964
12.216
15.389
14.717
18.892
13.771
16.143
13.509
14.277
13.914
16.912
9.490
11.485
11.365
13.755
16.423
16.222
16.187
10.899
14.857
12.235
16.656
12.966
10.844
11.181
16.159
12.725
11.551
11.028
18.581
12.158
18.030
14.932
17.124
11.852
11.427
17.937
15.050
14.848
10.564
14.769
9.755
19.266
14.017
15.322
9.983
15.327
10.652
10.696
10.519
11.335
16.779
11.112
13.442
10.973
13.255
17.296
10.778
11.889
15.083
14.630
16.871
15.259
11.414
16.348
17.425
13.633
17.879
13.678
11.999
11.736
16.663
15.988
12.347
17.229
16.286
12.537
14.041
17.579
15.335
17.274
12.079
10.658
16.588
11.522
18.169
13.270
11.509
12.880
17.203
11.189
9.772
11.464
13.876
17.040
12.547
19.138
16.555
17.413
19.324
10.007
14.175
10.913
17.590
9.318
13.903
11.243
12.386
10.482
10.037
11.773
10.382
16.177
8.773
16.233
18.570
10.244
11.858
14.663
10.137
15.662
11.956
10.700
15.803
17.974
11.570
10.919
10.988
18.669
9.123
10.809
11.493
14.478
9.560
14.819
13.960
10.970
16.509
11.162
11.279
10.254
11.250
15.371
14.048
15.377
9.786
13.138
10.094
18.833
17.343
14.518
11.735
10.827
16.164
13.655
18.003
11.150
15.699
15.983
11.932
11.508
16.211
15.417
12.223
17.555
11.843
15.524
15.664
16.873
12.190
15.415
11.123
14.959
17.631
16.405
10.650
10.878
12.363
15.562
11.833
12.796
17.713
14.147
13.416
15.849
11.806
12.565
16.205
10.734
10.251
10.619
17.477
10.606
11.337
14.816
13.817
15.345
11.203
13.487
12.256
12.987
14.330
12.994
16.930
11.113
16.269
15.763
9.920
11.554
10.891
12.127
15.476
17.800
14.566
11.000
12.637
10.992
15.484
16.818
9.941
18.622
16.271
15.640
9.885
10.370
11.192
16.171
15.025
9.787
14.020
15.073
15.960
17.335
15.460
10.172
17.953
15.189
13.331
15.239
10.746
15.811
13.206
14.087
17.473
10.927
16.998
13.064
16.119
15.412
13.488
12.494
17.889
13.624
11.624
11.084
10.031
13.121
12.075
12.146
10.130
15.456
15.538
11.981
13.356
16.078
12.890
14.549
10.254
10.583
11.220
16.765
10.085
11.674
13.055
10.857
12.383
18.299
18.481
16.597
9.971
14.268
18.733
12.440
11.816
14.180
15.256
16.695
16.783
15.913
17.474
18.097
9.832
9.053
17.130
10.971
15.897
11.148
13.811
10.962
16.430
10.867
13.984
10.273
9.592
11.772
10.959
16.457
9.339
10.695
11.477
12.899
14.345
10.272
15.301
16.581
18.624
15.643
17.386
15.962
16.083
18.574
12.850
14.963
16.503
11.314
9.943
10.562
15.587
16.762
12.893
15.480
11.320
18.177
14.904
12.948
15.235
16.512
11.233
15.310
15.153
17.331
19.126
16.552
10.214
12.986
16.513
17.855
15.857
17.300
12.080
13.782
10.998
16.033
12.673
11.729
14.043
18.775
13.986
16.601
15.763
14.767
14.566
11.655
12.131
13.528
11.522
18.543
16.749
9.027
18.427
11.087
11.432
13.068
15.041
16.604
11.519
15.546
14.028
16.800
15.144
11.645
17.489
14.208
15.351
12.185
11.760
18.983
14.791
11.700
10.934
11.413
14.060
10.090
16.567
10.266
14.084
15.221
11.424
15.952
14.158
10.895
13.541
12.661
13.324
9.409
15.101
11.896
9.521
14.824
14.164
16.822
10.877
16.454
14.699
14.397
10.688
16.088
10.860
15.395
11.708
14.373
15.639
16.563
12.782
9.382
17.259
9.536
11.075
16.875
15.235
15.185
15.492
12.377
14.523
18.582
17.655
15.121
12.855
10.924
14.983
17.901
15.255
11.342
15.775
14.044
14.756
17.029
15.033
10.789
10.668
10.219
11.095
12.363
18.177
9.875
8.663
14.939
12.475
10.557
12.429
13.455
17.432
12.534
14.168
17.838
14.253
18.496
17.059
17.020
10.854
10.673
11.653
13.380
9.386
9.077
9.476
17.244
15.898
12.125
16.127
10.385
11.599
9.793
12.432
16.598
11.997
12.463
10.089
16.897
17.620
15.543
15.658
10.396
11.630
18.519
9.800
12.334
16.660
11.312
13.764
16.465
16.705
14.906
16.020
18.575
10.293
11.178
10.862
11.902
11.556
15.807
16.097
10.729
18.180
9.310
9.130
12.169
11.835
13.819
14.368
15.781
19.044
11.129
10.791
12.774
13.320
10.586
13.213
12.611
13.046
13.604
11.528
14.906
15.214
12.113
12.785
10.912
10.997
17.380
15.576
10.747
13.780
16.879
15.010
14.525
17.458
15.862
10.675
12.982
16.849
17.061
18.137
13.545
10.027
14.430
16.010
12.436
12.633
15.309
16.608
11.493
10.228
13.416
9.870
11.831
9.945
14.753
12.259
9.644
9.640
17.631
14.587
10.760
10.571
13.838
10.856
10.632
11.488
14.664
16.874
17.067
15.470
19.365
11.593
18.254
18.312
10.268
8.617
13.114
9.665
11.362
12.901
11.888
11.893
11.690
11.098
18.825
17.813
18.384
8.917
13.496
13.672
13.324
10.095
14.509
17.530
10.237
13.051
11.270
11.796
15.761
11.164
8.271
10.910
13.509
12.142
15.906
14.578
14.723
14.903
10.297
15.503
15.179
11.908
14.947
16.526
11.375
10.718
15.973
19.938
16.274
16.080
15.425
12.941
11.464
15.032
16.699
16.368
16.705
13.469
16.865
9.810
13.518
16.529
10.939
16.136
11.876
11.220
14.720
12.697
11.502
13.739
16.169
17.527
10.450
9.480
15.522
12.567
19.281
9.660
9.607
12.025
12.091
11.991
16.415
16.075
18.227
15.697
9.725
14.271
10.346
10.767
12.587
10.692
13.077
12.448
12.482
10.299
11.049
13.355
9.661
16.621
16.490
13.236
11.617
10.871
19.143
17.478
16.389
16.448
12.279
9.775
13.190
16.431
11.032
17.236
10.954
13.037
17.860
11.518
16.394
17.735
11.215
9.553
12.495
10.839
13.073
17.620
18.851
14.533
14.878
18.056
8.692
12.023
11.717
14.410
13.267
11.075
13.084
17.583
16.596
11.091
11.683
15.852
12.644
13.523
14.748
13.045
15.790
11.476
15.642
12.865
14.539
13.790
14.260
11.180
12.822
13.782
13.100
10.805
16.340
12.403
12.310
15.805
16.111
15.601
11.541
10.332
12.454
12.198
16.233
9.875
14.283
13.003
9.230
9.418
12.874
10.672
17.639
11.752
11.478
14.791
16.704
14.628
16.441
16.489
10.879
10.092
18.625
12.291
10.251
18.233
9.429
12.915
13.913
12.385
17.766
16.775
11.640
12.055
17.197
10.896
11.778
9.341
15.073
9.830
12.256
10.152
11.017
12.113
12.108
11.144
16.847
10.937
11.834
10.778
11.520
11.547
15.339
16.310
14.189
16.532
14.936
17.698
14.396
9.847
16.615
11.818
19.786
11.641
14.770
11.641
15.884
17.047
13.014
12.170
17.500
18.143
10.255
11.757
17.282
11.988
10.125
11.562
10.313
10.417
11.464
11.050
18.540
10.602
17.579
10.777
11.760
14.509
10.168
10.032
10.902
12.411
14.089
17.669
10.212
12.283
14.399
11.032
17.696
13.818
17.514
11.976
9.718
13.203
10.850
15.000
11.155
9.936
10.978
10.612
15.626
10.934
12.136
11.146
10.674
10.617
12.940
12.964
11.932
10.443
16.024
10.402
18.936
11.411
17.543
16.995
12.633
11.599
10.693
14.628
14.000
10.424
17.272
15.968
11.844
10.578
15.403
11.034
9.700
9.624
19.383
16.825
13.151
13.082
14.707
17.897
12.016
17.325
10.765
19.040
13.566
10.111
15.532
9.803
10.257
15.485
10.762
13.369
10.791
14.448
13.162
14.482
13.730
17.733
15.352
15.497
11.194
17.258
10.375
11.553
12.313
15.012
16.072
14.902
14.492
10.249
14.305
12.727
11.765
11.480
12.792
12.417
12.209
11.365
11.770
9.525
16.340
12.755
10.558
11.169
10.123
9.352
13.093
13.883
13.577
14.649
10.197
10.977
12.969
9.530
16.972
12.843
16.609
10.829
13.838
14.674
13.573
16.632
16.993
15.295
11.343
10.873
13.396
14.377
13.163
13.283
12.066
14.077
15.645
13.543
17.429
15.278
11.941
14.219
14.511
11.333
16.208
14.011
17.318
18.362
10.272
11.288
11.272
16.371
18.839
12.719
13.225
17.530
12.076
12.811
17.564
10.709
11.484
17.131
12.203
12.527
18.371
16.782
11.252
11.041
11.322
15.259
9.309
13.501
10.423
15.916
13.543
13.807
16.745
10.267
18.265
17.215
10.724
11.879
11.191
11.297
13.895
12.432
18.771
12.113
17.269
11.699
16.808
13.504
9.913
13.458
13.717
10.799
11.202
10.648
16.405
10.662
19.172
11.432
11.779
16.411
10.653
10.783
14.096
11.491
10.996
17.675
17.862
11.481
12.026
14.076
12.900
10.311
13.564
10.337
10.147
10.923
11.401
11.914
11.900
16.301
12.066
11.825
9.429
14.556
9.962
16.488
12.473
15.407
15.225
14.084
10.947
17.387
17.694
12.619
10.067
10.388
16.129
15.134
13.446
10.821
16.747
14.739
11.729
13.471
12.951
12.150
15.614
12.555
12.904
10.715
13.687
14.999
17.495
16.558
12.586
11.030
15.170
16.242
11.678
18.426
11.030
9.638
15.630
10.163
15.378
16.632
10.877
11.864
12.519
15.039
14.974
10.277
18.591
14.033
12.599
12.192
12.295
11.475
12.629
13.785
11.420
10.827
10.044
17.646
15.864
12.479
15.338
18.302
10.927
17.408
15.184
12.721
17.311
11.569
16.389
10.955
12.313
10.076
16.332
17.415
14.712
17.409
13.739
16.961
15.920
17.588
13.016
15.842
10.122
13.757
13.708
17.859
16.245
18.082
15.259
13.049
12.040
10.337
9.586
14.334
11.749
9.299
18.158
14.656
11.159
12.512
15.350
14.672
16.845
17.064
10.343
14.673
12.565
12.220
17.722
14.287
11.233
17.004
12.576
14.203
12.545
12.625
15.187
14.467
10.758
13.659
15.327
15.482
13.735
11.560
10.890
17.804
13.326
10.752
13.489
9.833
11.506
11.487
9.860
16.217
12.616
11.157
11.709
13.690
14.958
12.157
12.176
10.863
17.119
17.957
14.051
11.695
11.686
17.437
16.773
11.609
15.012
18.550
15.878
9.863
16.426
10.983
11.200
17.791
17.662
17.603
17.541
12.850
12.367
19.301
14.252
11.877
13.910
11.113
10.578
15.620
15.218
13.245
17.056
18.986
10.304
11.580
17.463
11.772
11.401
10.024
15.093
11.932
11.644
11.297
18.218
10.871
12.032
15.227
9.860
12.702
13.298
14.723
14.661
12.613
13.027
11.535
12.721
11.119
11.590
15.588
11.574
9.594
11.522
9.610
11.723
10.454
16.874
11.277
14.618
15.088
14.524
16.046
18.654
17.226
17.859
9.752
11.594
9.223
17.395
19.649
14.434
8.755
9.557
8.803
14.939
9.498
8.957
13.060
9.719
9.706
11.509
10.343
18.446
14.839
15.554
11.296
10.916
12.394
12.623
10.269
9.612
9.536
9.878
9.902
9.890
12.761
9.650
11.813
