12.836
12.686
18.264
18.482
11.994
18.109
14.692
17.751
12.046
12.738
12.694
15.156
13.459
18.779
18.637
18.515
19.191
18.808
12.781
17.700
14.451
13.947
15.276
12.261
11.260
11.887
15.349
12.741
11.452
13.887
11.492
10.205
15.638
14.754
16.874
17.798
10.173
11.517
11.981
19.044
11.197
16.263
10.788
11.096
10.863
17.534
17.568
17.561
14.897
11.761
12.756
15.309
11.282
9.894
11.029
13.941
9.544
13.177
13.185
12.066
18.977
17.574
18.931
16.533
11.196
18.909
17.618
10.909
10.524
9.678
12.952
17.874
12.803
17.186
18.644
18.087
17.307
18.364
18.902
17.341
17.305
11.450
18.986
18.256
14.654
18.898
18.062
13.138
18.769
17.329
11.035
10.653
13.894
18.788
18.646
18.966
13.644
9.060
10.517
9.929
12.043
12.123
12.153
12.063
10.716
12.075
12.070
12.239
14.839
12.092
12.077
12.519
12.059
12.190
17.509
12.617
12.752
12.050
12.034
14.180
12.067
12.839
18.812
18.908
18.719
18.509
18.116
18.620
17.881
18.322
18.544
17.898
17.235
18.168
18.100
13.282
18.092
17.683
17.528
17.489
18.492
18.106
14.016
13.093
17.979
14.602
14.307
14.521
11.583
9.504
15.681
12.033
12.267
9.188
13.536
9.808
12.032
10.597
12.044
12.694
10.846
12.326
16.919
14.271
11.224
11.239
16.316
11.310
14.529
13.742
9.282
16.477
12.553
12.143
15.211
18.719
9.894
14.192
9.126
15.006
14.966
9.588
10.841
9.274
13.165
10.881
10.528
13.428
11.339
17.801
16.638
18.627
14.951
10.326
13.788
13.573
10.411
14.362
16.318
11.595
11.399
13.981
18.732
15.384
12.379
12.714
11.339
11.513
11.695
11.719
11.399
10.735
9.279
17.248
16.984
15.631
16.874
14.075
14.502
15.003
15.176
11.794
11.495
14.562
10.781
14.059
14.967
12.101
10.630
15.930
15.180
14.961
11.521
11.128
11.506
10.879
9.099
14.483
11.055
10.919
10.985
18.221
15.851
12.069
12.939
16.922
11.822
10.973
10.974
9.629
15.861
10.967
9.258
12.714
17.561
14.788
10.408
10.834
9.657
16.072
18.357
11.742
11.656
11.740
11.595
11.528
9.319
16.983
11.733
9.139
10.082
13.845
14.871
15.476
15.815
17.317
13.344
14.319
16.318
15.830
16.333
10.975
11.087
8.979
14.898
16.270
14.683
14.468
13.768
12.288
17.066
15.647
14.982
13.965
13.709
12.597
14.821
10.139
10.433
11.744
11.517
17.280
17.286
11.518
10.344
16.265
9.214
18.574
17.441
10.951
11.640
10.993
18.146
12.914
16.715
14.601
9.422
15.102
9.921
13.722
18.314
18.425
18.042
10.586
11.813
10.476
16.101
14.915
9.985
10.090
14.326
18.523
16.598
11.367
11.920
14.524
13.463
13.291
13.006
9.554
9.128
14.014
14.997
11.860
10.721
16.337
13.220
15.030
14.693
10.805
12.168
10.462
11.394
14.222
13.383
14.157
11.294
11.544
10.847
18.769
14.803
10.686
10.623
12.660
10.762
18.771
16.191
13.592
16.608
13.239
11.302
17.687
14.567
12.266
12.277
14.524
10.721
13.201
17.515
17.630
9.484
14.137
15.126
12.750
10.656
17.511
10.759
11.668
16.271
14.900
13.105
11.924
11.421
12.352
12.431
14.139
15.651
10.853
14.186
12.840
11.623
13.510
12.041
16.653
10.911
16.364
12.555
14.433
14.414
10.893
16.482
15.984
18.727
10.729
11.862
16.288
18.198
17.210
15.627
17.914
15.819
10.815
18.302
11.337
17.177
12.805
9.287
16.479
14.020
10.963
15.425
9.011
16.888
15.062
14.147
10.009
16.433
18.448
12.453
9.954
14.469
18.998
11.681
11.603
11.960
11.056
15.135
17.747
12.983
12.674
13.812
10.896
15.353
16.316
18.247
9.758
11.529
15.537
12.089
15.739
14.611
16.077
16.889
17.467
13.750
15.080
15.569
16.980
17.795
12.055
12.013
11.952
9.108
17.892
19.138
12.044
14.438
17.178
14.166
14.501
10.717
11.011
12.745
11.470
9.805
10.549
13.022
10.677
15.861
14.848
17.335
15.313
16.058
15.109
16.455
11.654
11.835
11.375
14.305
18.174
11.900
9.250
13.568
16.680
15.743
10.532
10.407
14.124
14.579
12.793
14.522
11.776
11.685
18.987
17.292
14.621
12.382
10.779
16.437
16.076
12.604
10.979
10.334
12.095
12.063
12.062
12.107
11.895
9.255
17.943
11.094
16.091
13.010
9.330
10.415
12.828
10.138
12.771
18.814
16.533
16.917
14.290
15.310
15.985
16.081
11.152
17.291
10.575
11.463
18.044
16.371
10.347
11.402
15.063
11.785
12.294
17.352
17.793
18.398
14.332
12.940
14.076
12.043
17.363
19.369
13.035
14.584
12.614
10.696
11.225
10.998
11.188
11.106
15.374
12.242
12.729
15.638
12.495
12.088
13.155
15.198
13.435
17.142
17.609
15.922
14.580
11.726
14.444
12.404
12.995
10.213
18.403
18.325
11.283
11.775
12.083
12.526
17.433
12.045
15.286
15.429
9.401
17.862
9.977
13.047
15.862
8.964
15.536
14.484
16.981
16.481
14.319
16.656
12.243
10.971
10.807
10.438
11.321
15.989
13.742
13.556
16.055
15.600
10.878
10.794
9.969
17.318
13.781
12.028
14.946
12.347
11.531
14.225
9.730
10.308
15.800
14.275
14.807
15.476
14.594
15.785
13.928
15.404
11.765
13.677
17.710
15.037
15.007
12.332
9.904
15.483
12.811
16.539
9.651
16.177
10.525
13.866
11.928
11.227
15.022
10.102
10.120
11.231
16.751
10.298
18.103
16.759
10.612
13.678
12.521
9.049
17.907
14.916
12.288
11.403
13.158
15.871
11.929
13.236
14.899
10.739
17.305
16.100
12.336
11.387
13.888
11.297
17.697
11.581
11.135
11.910
11.837
12.911
13.752
14.336
14.759
9.095
14.356
14.671
17.383
12.083
11.308
13.734
13.827
10.022
10.213
16.988
13.617
13.368
12.424
11.931
10.153
15.392
12.077
11.944
11.746
14.628
16.066
14.533
16.523
9.926
10.239
13.721
9.949
9.593
18.022
12.850
13.325
12.399
10.996
17.828
15.064
10.512
15.000
15.025
11.147
11.762
14.021
16.820
15.675
11.466
11.668
10.320
14.035
15.029
10.470
15.121
13.075
11.107
11.510
14.284
8.315
16.885
12.576
13.711
12.720
10.259
10.666
11.492
19.533
17.694
15.805
19.430
9.973
13.310
8.693
11.611
13.315
15.628
12.894
14.356
12.015
17.971
14.943
11.527
9.002
17.547
10.314
12.834
13.219
13.291
12.027
14.254
16.831
15.340
15.861
10.351
18.528
10.963
18.088
14.198
17.144
11.474
10.257
17.226
13.265
10.997
12.249
9.697
13.520
13.404
11.130
16.045
10.557
10.340
15.392
14.220
13.338
16.888
9.281
11.737
8.914
10.807
13.569
15.793
12.228
12.198
15.119
14.771
15.009
18.592
17.114
13.949
16.652
9.841
16.316
10.115
14.097
16.894
13.009
10.612
11.092
11.368
18.418
15.452
10.011
16.215
12.801
14.980
11.031
14.159
17.701
10.636
16.204
11.848
9.137
12.156
13.725
18.784
14.484
12.036
15.291
12.456
14.365
11.312
13.516
12.645
15.412
14.331
17.528
16.823
16.935
11.161
9.903
15.321
10.870
10.039
10.300
12.235
10.833
15.389
12.556
12.389
11.330
17.523
11.274
17.434
12.978
17.038
13.720
14.428
10.306
17.411
15.350
13.841
13.914
15.196
17.207
14.539
13.819
14.166
9.767
12.676
16.950
16.095
13.103
14.280
17.574
17.007
9.243
10.617
13.319
13.840
17.487
13.121
13.456
10.419
13.167
17.800
11.342
14.183
11.068
14.561
13.821
9.104
12.785
14.603
14.911
11.335
14.884
15.660
11.307
9.828
12.512
15.853
12.402
15.337
16.068
15.675
18.451
12.672
15.677
9.637
12.102
10.984
11.610
10.803
13.681
15.030
14.962
10.900
18.661
10.117
13.405
16.272
14.283
13.798
15.707
9.524
16.388
14.411
11.547
14.997
11.624
15.429
9.774
16.937
9.250
13.446
14.932
14.424
11.497
10.029
16.134
11.151
12.169
19.092
12.896
17.872
13.888
17.139
12.297
14.242
10.696
11.850
13.184
10.677
13.477
12.788
11.194
12.115
11.716
15.723
16.370
13.297
18.789
14.917
12.606
12.195
9.580
16.160
14.948
14.417
14.960
12.116
10.772
11.709
9.653
12.487
11.213
12.789
11.840
13.390
11.319
12.778
12.233
10.373
18.529
9.337
14.353
13.038
10.337
17.447
11.527
14.891
10.862
10.871
9.936
14.683
16.653
11.498
11.431
9.181
16.724
17.077
14.555
11.146
13.472
14.378
10.886
14.464
14.895
15.244
9.700
16.793
18.208
15.384
13.772
18.631
16.827
11.264
18.425
18.076
14.932
14.776
13.675
17.868
12.569
11.735
11.579
18.479
13.348
14.330
11.926
9.437
11.332
15.438
10.319
10.550
11.138
9.935
15.894
11.902
9.064
13.345
17.049
17.965
15.870
12.109
13.502
11.707
16.307
11.005
13.386
11.095
9.998
12.294
14.006
12.724
10.543
11.781
13.158
16.247
11.182
14.719
16.750
13.334
16.502
16.918
16.065
14.933
15.137
15.166
18.741
11.317
16.828
12.496
17.782
13.176
9.139
11.388
11.157
10.148
16.079
10.964
12.568
15.405
15.989
8.882
10.869
9.966
10.707
16.058
11.127
14.983
13.225
16.449
12.331
11.662
15.367
12.070
14.620
13.329
13.880
11.293
17.731
15.043
10.233
11.121
16.440
17.252
11.947
10.954
12.393
10.441
9.954
9.749
13.308
10.183
9.616
9.273
11.621
13.344
11.542
13.101
13.766
