17.718
16.553
11.779
11.189
11.985
9.742
12.716
8.866
8.761
9.691
11.935
9.599
9.826
12.899
11.819
12.637
17.588
9.223
13.916
19.009
17.555
11.704
11.468
15.299
11.357
13.516
13.842
10.342
15.544
11.215
8.985
9.232
11.432
11.521
8.893
14.050
14.363
12.525
12.031
10.403
12.634
10.753
14.739
16.824
13.716
9.521
14.877
13.065
17.560
15.601
14.158
11.308
14.945
10.001
10.927
15.121
14.621
18.748
11.068
9.823
9.880
16.449
13.979
10.041
11.992
10.153
17.436
10.247
18.359
15.598
10.751
10.111
13.025
15.383
13.982
13.407
9.120
10.761
10.001
9.921
17.782
20.087
10.937
13.973
15.128
13.052
10.728
12.369
16.044
10.240
11.951
10.149
11.069
14.660
13.489
8.927
12.344
10.150
14.311
15.264
13.153
12.468
10.557
12.595
13.308
11.887
13.644
13.033
13.830
13.245
9.117
18.285
15.631
17.068
10.438
17.680
12.812
11.802
10.917
8.984
11.650
10.542
10.346
10.990
12.868
9.670
11.765
11.041
11.438
12.261
8.426
11.170
10.423
13.008
9.243
11.094
9.689
9.446
17.610
10.692
12.433
12.617
9.865
11.884
9.579
15.083
12.665
12.384
18.108
9.776
8.929
13.020
13.440
13.011
16.517
15.132
10.781
11.036
9.838
10.414
14.702
14.565
13.086
12.646
11.015
10.680
10.301
9.948
11.504
12.648
16.317
13.206
13.850
12.907
12.080
14.326
15.113
11.493
11.136
13.849
11.235
15.396
9.184
10.057
13.621
8.500
9.290
14.392
9.212
16.928
9.314
13.134
9.095
16.551
11.962
14.664
15.917
16.323
14.754
10.520
10.307
8.818
10.815
14.420
11.483
16.409
11.421
12.455
15.655
13.674
12.676
9.604
14.145
14.987
13.553
12.335
13.640
13.833
16.112
11.841
18.169
17.143
10.234
17.945
9.825
16.103
18.494
11.581
18.090
9.746
10.820
17.860
12.135
9.634
10.697
9.842
9.525
13.272
12.524
11.892
16.718
15.471
11.060
16.715
16.188
11.633
16.006
16.889
9.080
18.445
11.510
10.685
11.346
12.719
10.150
9.503
9.710
18.352
15.570
14.439
12.056
13.754
12.865
10.819
15.966
15.165
16.908
9.161
13.366
12.576
12.633
15.911
13.211
9.933
14.163
14.582
10.948
15.927
12.031
13.720
11.194
14.799
16.539
10.964
14.163
14.617
16.290
19.192
16.860
9.743
10.772
17.654
13.887
8.715
17.743
9.108
17.955
12.895
13.385
14.498
17.245
12.254
13.733
15.930
15.352
10.956
12.736
16.543
13.102
14.119
11.130
12.309
15.215
17.957
12.531
15.600
15.680
10.122
10.624
16.270
12.689
9.995
10.845
14.929
10.793
9.680
10.327
9.573
8.799
12.860
12.400
12.483
13.750
12.665
11.008
17.500
8.786
14.859
16.738
15.482
14.340
14.023
15.141
17.218
10.069
15.053
8.831
18.210
16.172
10.350
14.100
10.375
12.188
13.158
11.631
17.808
11.462
16.775
8.770
11.206
18.971
9.033
9.806
8.655
14.468
17.065
9.919
13.497
9.065
15.528
9.876
16.201
9.441
17.201
10.346
15.057
12.873
14.337
13.327
14.090
13.844
11.919
11.266
11.723
8.948
