14.095
18.262
9.335
13.160
14.664
14.722
11.985
11.730
15.292
12.379
15.916
11.446
18.174
15.064
10.478
9.675
12.995
12.183
10.236
11.856
12.583
12.312
13.790
11.911
11.635
12.867
10.962
13.475
12.589
12.247
10.792
11.678
11.486
17.523
11.053
16.323
12.932
11.674
12.282
12.252
12.663
14.336
13.769
16.923
10.754
18.379
17.211
12.815
12.145
11.513
14.740
13.918
11.937
9.982
15.501
11.486
9.912
12.573
16.993
10.866
13.421
13.679
16.453
16.222
15.279
12.173
10.658
10.356
15.107
16.844
10.819
13.098
10.616
11.977
11.482
9.064
10.780
14.073
10.117
9.551
11.351
10.501
14.211
11.733
14.238
10.613
11.236
15.069
17.880
12.330
11.878
12.842
10.612
16.056
19.081
15.808
17.307
10.714
12.832
13.381
12.186
10.968
13.537
11.937
11.079
17.786
10.616
10.467
10.286
14.022
12.398
14.005
9.170
8.875
10.030
10.468
13.408
11.128
16.220
14.399
13.763
11.697
12.531
16.853
10.391
12.652
10.349
11.373
12.161
18.408
9.263
9.727
14.794
11.678
15.392
12.644
12.347
16.348
14.720
13.367
17.793
13.727
16.050
18.139
12.887
19.040
12.783
13.035
10.959
18.117
16.661
13.455
17.368
11.568
14.048
10.675
11.788
18.580
13.478
11.333
10.587
11.801
12.272
10.940
10.428
12.137
18.557
11.925
17.076
14.031
17.919
10.602
12.965
17.067
13.826
15.012
9.752
12.168
15.932
13.111
16.350
10.275
17.370
10.084
14.694
16.217
11.678
10.774
17.730
13.821
15.431
11.534
12.323
15.611
9.092
11.756
15.518
16.714
13.184
15.420
18.129
14.904
15.787
11.137
14.321
14.262
9.507
10.196
12.548
16.204
15.245
14.266
17.870
14.380
9.615
18.061
11.719
13.614
18.131
10.500
17.161
12.230
14.432
14.574
18.015
8.821
16.294
15.152
17.300
14.656
9.452
9.440
16.274
9.356
10.087
10.522
12.381
16.022
9.419
15.307
9.910
13.454
8.962
11.294
10.656
10.136
11.194
14.922
14.240
9.680
15.375
11.900
11.670
10.513
13.742
16.485
15.740
14.475
10.042
11.844
17.251
11.184
11.571
10.774
13.346
12.820
15.978
15.689
12.432
10.451
16.045
15.519
9.025
9.271
11.414
9.400
9.525
11.841
17.283
10.063
15.967
11.744
16.401
15.522
9.991
16.868
16.298
9.159
9.621
9.959
17.194
10.779
16.627
9.697
11.395
13.725
12.133
9.915
9.904
10.729
9.975
12.139
11.114
17.895
11.917
15.017
16.677
16.098
13.748
17.068
16.340
11.682
17.137
9.671
16.190
13.719
17.082
14.709
14.988
10.786
13.180
16.804
15.991
12.525
11.664
11.121
10.278
14.002
9.672
17.321
14.953
13.324
10.894
14.937
10.999
10.979
10.867
10.974
10.956
10.769
10.991
10.903
10.959
11.052
10.782
11.005
11.070
17.611
9.789
9.812
10.276
17.939
11.816
10.473
11.724
15.536
11.335
17.868
18.089
18.124
18.004
17.716
17.898
10.590
15.684
16.156
17.032
18.074
17.373
11.113
12.546
11.371
10.778
11.741
13.123
12.242
16.693
11.655
11.151
15.258
11.372
11.025
10.984
9.079
11.412
15.182
10.677
13.104
14.336
15.915
14.572
15.201
11.781
11.564
9.338
12.243
12.196
12.210
16.739
15.965
14.218
11.524
11.627
10.799
12.684
17.498
12.210
12.810
14.367
14.985
19.596
16.415
11.787
14.654
9.001
12.714
11.281
16.621
19.031
10.363
13.637
11.429
11.714
16.298
18.268
16.227
14.505
12.541
15.823
12.587
9.434
14.529
16.568
12.086
11.818
9.099
11.806
17.055
16.779
9.505
16.093
12.368
16.505
11.358
14.840
13.950
12.293
9.064
15.257
14.171
14.043
11.943
11.612
17.541
11.850
17.413
12.087
16.888
18.729
15.942
16.398
16.700
15.718
18.367
16.862
16.534
12.303
10.443
12.309
17.373
10.119
16.775
16.314
17.939
15.777
14.795
14.691
14.227
16.814
13.154
12.003
11.066
12.167
12.877
11.011
10.222
16.315
12.783
12.171
10.916
17.300
10.390
10.523
10.275
16.978
11.114
9.622
9.827
14.254
9.255
16.848
14.423
17.865
11.108
13.843
16.618
14.258
14.306
10.932
12.647
10.716
14.918
11.872
18.319
17.416
17.571
14.674
10.638
13.145
12.019
10.619
11.102
16.173
12.064
10.615
10.717
11.642
11.792
16.593
13.474
15.112
15.535
18.590
17.484
13.050
13.639
18.424
14.402
16.753
15.808
9.809
15.880
9.624
12.558
13.663
14.689
11.028
11.599
13.997
15.397
10.799
15.691
9.906
12.949
13.227
17.438
12.274
11.625
9.741
10.169
9.623
16.379
13.433
15.473
9.553
12.298
13.242
16.074
14.266
13.174
15.644
17.056
12.783
12.697
11.618
12.099
14.983
10.976
18.021
14.882
17.140
9.569
14.391
11.372
10.522
16.598
16.372
11.578
15.862
11.205
17.465
17.067
16.856
17.068
12.613
15.648
10.772
13.773
17.223
10.702
11.037
12.498
9.291
12.142
14.122
10.748
14.807
9.294
11.033
15.901
14.829
14.952
10.966
15.600
15.865
15.235
10.048
11.083
10.871
18.149
10.249
13.405
12.131
11.545
16.366
10.525
8.921
11.973
15.001
11.668
12.566
8.940
17.131
12.034
10.802
14.746
9.377
12.261
14.199
14.928
13.108
13.776
14.208
16.452
9.495
17.562
15.761
13.811
13.371
15.690
13.481
11.884
16.204
10.827
11.696
12.378
10.603
10.733
18.857
10.699
10.568
11.008
11.084
10.145
14.757
17.131
12.411
15.800
11.330
10.874
16.462
11.295
12.417
11.620
11.748
14.173
14.748
15.390
17.036
14.149
11.450
11.532
15.936
12.758
16.158
18.653
12.554
11.226
16.038
11.423
8.764
11.341
12.558
16.077
8.848
12.380
15.104
10.902
17.972
10.708
9.954
11.088
17.043
14.609
11.595
17.878
14.652
16.543
12.868
17.106
10.252
11.723
14.967
10.863
9.559
10.018
16.137
15.153
13.311
12.859
11.095
15.233
16.594
13.361
10.153
11.467
16.687
14.491
9.953
12.993
11.910
11.267
14.956
16.328
12.359
17.822
11.748
10.485
15.482
10.461
13.288
14.847
17.790
14.452
17.679
13.924
11.379
12.620
11.935
9.264
17.124
13.106
11.389
17.528
13.773
17.101
17.093
15.934
13.830
12.724
15.015
10.882
14.699
14.061
15.726
12.056
10.474
11.672
11.155
15.090
12.510
16.228
11.552
11.393
18.174
14.388
8.996
10.263
12.058
16.115
15.508
12.883
12.739
13.232
11.771
12.574
13.726
10.916
17.309
13.878
9.508
14.939
14.979
9.631
13.776
10.430
17.308
13.519
14.691
17.812
8.701
8.130
10.563
9.073
16.539
16.315
13.019
13.910
15.073
17.117
14.473
16.239
10.910
12.520
16.948
16.571
10.409
14.499
19.257
11.463
12.102
11.255
14.960
11.260
16.283
9.113
17.171
15.703
11.638
16.733
11.788
10.244
18.316
11.496
17.385
10.066
16.491
16.085
10.672
13.568
13.596
11.489
14.035
13.888
16.948
12.822
16.731
16.640
16.157
13.069
10.818
10.724
8.178
10.164
11.731
11.740
13.258
11.882
15.417
15.390
13.919
11.914
11.393
11.875
13.490
10.502
9.258
9.299
13.235
15.840
9.990
14.069
17.725
13.204
15.821
14.923
9.881
14.239
15.907
19.238
11.818
16.517
16.590
12.094
13.912
17.984
11.371
14.244
10.035
16.041
17.653
11.742
15.583
10.839
17.962
18.019
17.702
10.693
16.312
10.798
10.370
12.333
18.624
13.790
17.313
10.660
17.219
11.273
13.775
18.703
12.523
12.462
14.052
14.588
9.268
11.482
15.998
10.412
14.177
16.914
13.800
14.728
18.322
14.461
10.089
10.202
15.520
12.418
14.759
11.201
10.673
13.703
13.443
12.766
16.562
9.852
14.153
14.198
13.485
15.218
10.911
11.652
11.306
11.850
19.032
10.790
13.629
11.246
10.248
12.439
11.613
9.757
10.847
16.160
13.456
12.257
10.744
10.812
17.101
14.829
14.623
17.013
14.275
15.274
9.617
14.310
16.200
11.282
12.046
12.900
14.859
14.631
13.859
11.435
12.311
13.978
17.534
15.213
11.856
9.740
9.920
9.586
10.492
10.375
15.831
14.378
17.321
18.830
16.192
11.471
14.674
17.434
10.893
15.806
16.364
15.085
11.631
12.526
15.418
17.239
11.840
11.405
12.044
11.439
11.223
16.227
17.203
10.630
14.354
9.322
12.443
14.365
14.761
15.224
11.877
16.213
9.946
9.128
10.741
10.582
9.938
17.301
13.651
12.389
10.200
11.570
10.738
14.507
15.968
11.544
11.042
11.440
11.636
12.400
14.837
14.506
11.323
15.008
13.907
11.050
9.098
18.631
15.420
18.634
13.121
19.360
10.622
16.070
10.277
15.554
11.319
16.747
16.757
14.722
13.045
10.925
9.173
12.478
17.179
16.221
13.602
9.460
11.718
15.920
11.183
18.250
17.029
10.630
15.599
17.609
10.651
18.058
10.591
11.438
11.529
11.032
15.752
11.294
10.403
11.156
11.047
11.342
12.355
11.142
11.052
11.093
10.949
11.305
12.289
11.176
10.590
11.058
10.673
11.061
11.279
11.169
10.510
16.497
16.381
16.282
16.319
12.545
16.061
15.808
12.154
9.697
12.554
11.460
13.511
13.104
11.964
10.934
13.270
11.186
16.582
18.444
10.615
12.671
15.007
15.523
8.742
11.405
13.373
10.679
11.374
11.773
11.625
16.072
12.231
8.947
16.822
15.686
12.430
13.796
16.821
9.393
10.891
17.663
9.177
10.307
15.256
12.029
16.992
13.694
11.224
14.485
12.358
15.961
17.330
17.426
15.938
18.075
14.402
10.016
11.874
11.465
10.038
15.194
15.903
11.559
11.346
11.240
18.681
19.238
16.600
16.901
12.280
12.847
9.552
9.814
9.497
9.451
10.948
12.240
12.408
12.455
18.263
18.600
13.469
11.759
13.749
16.919
13.535
10.587
13.821
13.225
17.771
17.448
10.555
10.055
10.735
17.162
11.906
11.865
10.060
16.100
16.169
14.869
15.380
9.733
11.588
17.154
17.212
12.084
13.061
13.284
10.053
12.592
13.733
17.286
14.703
11.726
14.415
10.165
17.216
10.890
16.361
16.923
9.295
15.993
12.966
10.756
11.454
11.851
11.615
11.387
12.894
15.981
13.213
15.885
15.970
12.597
10.385
16.564
20.461
11.584
16.809
15.089
11.625
10.851
15.093
14.683
9.872
11.352
12.092
9.561
11.393
13.157
16.066
18.348
11.769
17.009
17.329
13.039
13.209
9.899
12.650
15.988
18.050
9.628
11.870
14.928
14.456
14.712
16.558
15.312
11.487
15.773
11.590
10.748
11.483
12.521
17.476
13.823
11.145
15.927
15.971
10.899
12.343
14.556
14.939
12.216
15.570
16.899
11.907
15.933
14.117
10.300
14.795
16.824
15.330
14.361
13.517
17.110
14.504
18.614
14.060
10.133
14.045
12.305
14.163
14.219
17.607
18.678
19.078
14.890
11.830
11.025
11.063
11.072
15.799
15.328
12.558
18.020
14.536
14.128
19.440
14.946
9.969
15.427
16.253
17.752
9.821
13.352
11.056
9.838
17.555
17.323
10.265
9.110
10.145
16.942
12.257
15.544
15.442
10.879
14.760
9.633
9.438
17.198
10.631
11.491
17.726
13.700
17.492
13.891
10.831
10.840
14.906
16.212
12.693
11.625
10.319
12.741
9.523
12.436
10.211
10.405
17.412
11.048
13.813
17.034
11.982
16.791
9.155
17.089
11.023
11.952
10.130
15.777
10.159
10.927
11.858
13.244
11.696
9.943
11.387
13.208
15.610
10.260
9.932
9.783
16.899
9.466
10.740
15.312
16.135
11.537
14.740
14.106
15.624
12.119
15.089
15.926
10.790
11.749
8.945
11.817
11.697
18.110
17.547
18.354
11.203
16.833
14.953
16.027
15.885
16.587
16.615
13.368
9.513
13.703
11.398
15.294
17.338
17.217
11.131
10.462
12.856
15.495
15.051
17.760
12.096
9.565
18.149
15.427
10.746
13.714
11.608
16.090
16.157
10.483
12.384
10.918
17.736
10.788
12.745
12.282
11.072
13.229
14.085
13.156
13.246
12.719
13.685
12.703
17.552
11.015
10.354
12.993
14.883
13.304
13.285
14.047
16.976
9.979
15.860
12.489
11.191
11.277
11.464
10.617
10.513
10.011
10.005
10.504
9.728
10.872
11.037
10.679
10.170
10.000
9.617
9.867
10.399
15.951
15.752
16.362
11.918
16.320
