13.349
17.852
10.942
12.908
12.441
11.267
12.651
11.770
10.887
16.901
9.854
12.430
12.655
13.621
12.536
12.893
11.234
13.033
15.799
11.484
13.895
11.140
11.845
14.806
10.563
12.869
9.590
16.197
16.491
11.592
11.489
11.310
12.365
12.353
11.720
12.433
11.551
15.711
11.795
11.015
15.711
17.156
9.764
10.860
14.564
13.912
14.478
18.133
17.319
12.075
13.572
15.936
11.999
15.571
11.218
15.034
14.020
16.644
15.992
11.133
11.772
12.586
12.669
15.323
10.104
11.433
11.501
11.488
11.336
11.348
11.723
16.991
12.173
10.659
11.192
11.272
10.517
12.201
12.179
12.549
11.662
16.386
16.971
14.982
11.828
15.603
9.808
17.988
14.240
13.063
9.174
11.176
11.967
10.495
13.420
9.001
12.047
13.636
13.754
16.431
15.309
10.927
11.909
11.937
10.010
11.253
11.690
11.546
16.101
13.907
10.167
11.899
11.298
9.940
11.263
10.270
9.914
10.479
11.330
14.056
8.991
14.907
13.086
11.564
11.574
9.017
8.898
14.881
9.477
11.377
11.282
14.224
11.701
10.568
16.250
14.293
16.151
11.301
15.657
15.272
9.617
13.317
14.226
9.526
14.064
10.937
12.969
10.501
13.942
14.453
13.308
11.813
19.133
11.468
11.121
15.007
15.167
10.177
13.510
10.419
8.943
11.083
15.186
13.519
10.996
11.478
18.382
12.012
14.157
12.169
10.840
9.233
10.130
12.263
10.629
9.183
16.085
11.551
11.264
9.207
14.527
12.987
15.294
10.788
9.209
11.331
9.357
13.738
11.727
19.009
10.455
11.018
14.354
14.321
10.610
10.734
11.208
11.337
10.928
9.635
12.304
17.139
10.622
13.760
14.384
14.201
12.604
10.768
13.158
17.991
11.065
11.244
14.554
11.550
9.974
11.362
10.098
10.089
13.218
17.641
16.194
15.773
12.312
11.161
13.925
12.150
14.101
12.855
12.382
11.127
11.838
16.980
16.068
11.013
12.238
19.327
11.353
13.833
14.551
11.092
14.451
9.452
13.277
10.433
19.831
9.145
13.760
10.404
11.898
10.525
11.498
10.281
10.603
15.224
12.217
13.811
12.828
12.779
12.749
10.640
11.181
11.015
11.529
11.823
15.423
9.251
15.197
13.084
9.189
11.922
12.490
12.944
9.593
11.163
17.802
13.631
16.982
12.530
10.045
17.216
12.187
9.227
11.166
17.070
16.512
11.064
12.050
11.262
12.715
11.922
16.480
16.843
17.025
11.299
14.765
12.088
11.247
10.195
17.302
9.858
15.937
9.354
9.952
11.427
11.965
16.987
17.324
16.540
10.459
11.301
12.226
10.364
10.960
13.626
9.203
11.452
10.728
9.344
10.455
14.411
19.266
12.420
11.240
11.362
10.757
9.942
10.052
16.824
11.733
12.793
12.997
11.884
16.881
15.730
11.222
17.272
11.584
12.842
9.784
12.527
11.371
10.320
17.098
9.885
16.389
10.022
13.074
18.103
16.187
16.265
10.700
11.277
12.645
10.360
12.307
11.758
11.344
14.631
9.373
14.334
12.113
17.517
11.039
14.770
12.003
10.546
11.950
13.341
15.062
16.932
10.529
10.339
10.552
19.078
16.834
16.363
10.867
14.666
15.049
12.520
15.370
17.956
12.584
14.268
12.203
16.021
15.544
18.713
10.960
17.204
16.956
10.650
9.958
13.628
12.206
11.726
9.119
13.125
10.684
10.799
11.509
10.607
18.020
11.819
12.667
18.561
19.373
16.643
14.299
10.971
11.594
10.182
15.330
15.836
10.756
14.778
12.388
11.240
12.259
13.025
12.230
12.618
10.612
14.060
13.828
16.703
11.152
12.270
12.010
10.462
16.858
14.216
17.989
10.418
14.473
15.532
11.714
13.504
16.175
15.937
18.374
15.297
12.598
17.631
9.692
18.046
11.173
11.941
12.141
14.773
10.845
18.457
9.212
10.826
12.729
10.637
11.602
11.485
10.446
10.644
13.867
14.663
10.372
12.606
14.963
11.886
12.030
14.482
10.636
18.192
12.894
16.888
16.555
11.684
10.731
11.233
9.254
16.186
11.769
11.263
14.096
11.293
16.139
16.798
9.650
14.331
11.454
10.459
9.413
14.399
9.639
14.100
10.690
9.554
11.226
10.361
10.244
11.799
10.323
15.896
19.490
11.918
12.465
13.283
12.839
11.131
17.570
10.866
12.649
10.142
12.486
15.880
10.826
10.662
17.166
15.586
15.040
12.981
11.454
11.147
11.131
11.304
13.540
9.452
14.934
12.000
15.279
11.318
10.169
9.243
9.365
14.866
13.580
11.361
11.068
9.648
18.653
15.861
16.660
12.132
14.381
10.771
10.738
14.546
10.309
17.509
10.453
10.881
10.582
13.934
14.435
9.199
9.982
16.470
12.515
12.995
14.269
10.775
11.677
17.570
17.132
10.460
9.106
16.140
10.441
11.383
14.256
14.238
11.732
10.732
16.177
10.357
18.248
15.320
15.000
14.580
13.331
10.506
10.936
10.933
11.683
12.323
10.148
10.415
11.420
10.243
10.311
11.931
18.420
13.200
15.140
12.187
12.180
13.099
10.883
14.390
13.296
9.499
11.049
9.435
11.028
10.874
10.785
10.771
11.380
13.767
13.928
12.420
14.823
11.826
16.268
18.608
11.545
11.426
12.984
9.877
14.290
11.157
10.775
12.828
9.627
9.818
9.884
10.165
11.948
10.414
10.789
18.083
9.122
16.689
15.745
14.910
13.919
14.857
11.527
10.404
11.860
12.403
17.923
16.997
18.752
11.658
15.597
10.544
10.115
13.881
11.154
15.904
10.532
11.326
17.022
11.038
18.365
9.249
14.848
12.606
10.821
13.166
10.278
17.202
13.824
11.201
14.220
12.630
13.198
16.583
17.692
13.594
9.757
10.454
10.196
14.475
14.065
10.758
9.003
11.170
10.069
13.716
16.078
14.673
17.759
15.878
11.272
11.413
11.910
11.229
11.581
11.629
13.096
16.451
16.893
9.919
13.865
13.655
11.370
11.223
11.610
9.471
13.470
9.637
12.025
9.134
19.079
15.537
13.398
13.674
9.284
14.158
16.668
9.350
9.117
9.447
10.184
14.091
15.948
12.236
12.293
11.177
15.708
12.543
15.650
15.056
13.984
14.403
15.134
15.033
10.384
9.903
13.730
15.177
14.298
11.239
11.156
16.444
15.842
12.800
12.195
10.706
11.631
15.708
11.267
13.391
11.268
12.357
15.635
17.869
11.641
11.878
10.773
11.961
8.669
15.642
16.974
17.739
15.943
8.788
9.546
8.866
9.839
9.083
13.585
14.340
15.623
15.744
15.249
10.287
16.846
11.722
9.453
17.128
9.109
19.005
13.018
15.198
15.889
17.773
10.322
9.656
19.030
13.491
10.761
12.023
10.510
12.125
13.383
13.694
9.800
12.250
9.629
15.262
11.737
12.490
