19.014
15.514
15.564
17.779
13.745
11.488
8.760
10.006
17.033
10.484
11.904
16.196
11.414
11.366
17.835
13.122
18.157
13.134
10.755
15.070
11.465
10.448
9.052
13.720
10.860
11.126
12.679
9.175
13.045
15.463
8.801
11.000
14.592
13.954
8.054
11.723
12.980
17.797
12.575
11.061
10.405
10.995
13.482
11.927
10.217
11.453
9.623
9.993
13.860
10.877
9.215
15.801
8.749
10.048
9.193
13.368
15.335
10.948
12.683
15.248
8.962
10.168
17.412
10.748
10.604
15.695
10.822
10.586
11.595
10.548
10.927
16.868
10.230
18.976
16.904
9.080
9.410
10.799
10.452
9.298
9.792
14.515
14.012
12.743
14.553
12.697
10.971
15.677
14.187
9.507
9.769
10.100
10.896
14.292
9.233
17.309
9.297
17.098
14.509
17.187
15.183
9.648
12.097
11.324
13.124
14.609
12.585
11.358
12.486
13.471
10.029
16.795
10.468
16.371
14.740
8.975
12.548
13.836
14.394
9.088
11.927
15.340
11.682
14.826
10.274
9.010
16.521
14.322
16.928
10.209
9.897
11.379
14.553
15.645
17.617
14.004
14.562
12.926
9.576
13.340
11.544
11.470
10.218
10.316
9.676
9.644
9.842
10.129
12.051
14.636
9.990
14.451
11.136
13.288
11.990
16.138
14.603
19.133
14.793
13.636
9.069
9.018
11.100
11.145
11.115
10.058
10.187
14.028
13.955
11.697
8.857
11.459
12.759
11.869
11.378
10.187
12.581
12.315
9.622
15.475
15.920
12.841
16.966
11.458
13.190
13.406
19.771
9.837
8.897
10.606
11.300
10.187
9.938
14.976
15.837
9.233
8.975
10.398
8.893
17.337
13.387
14.233
11.294
10.256
10.210
13.287
14.032
12.294
9.458
10.784
9.084
12.491
16.282
9.294
12.264
15.612
11.193
11.194
19.290
9.825
11.721
9.447
13.008
10.926
12.307
14.653
9.048
13.149
11.433
10.853
10.299
10.321
15.090
11.938
11.125
13.436
9.805
10.698
16.054
13.781
12.833
10.404
14.139
12.378
9.337
9.628
9.405
11.028
17.490
14.814
10.552
11.135
9.342
13.701
16.811
11.002
14.875
12.640
9.264
10.605
12.275
9.263
12.198
10.382
13.886
13.876
11.889
11.341
14.548
11.362
13.526
11.300
9.765
11.180
11.903
10.789
12.554
9.837
18.278
13.329
12.934
9.943
12.458
9.010
17.630
14.071
9.373
9.811
11.054
10.252
12.605
11.294
9.500
8.733
13.508
10.014
9.984
10.394
9.377
9.400
17.200
10.007
10.225
13.693
16.937
10.032
13.233
11.628
15.114
11.307
14.171
10.995
12.363
11.513
11.374
8.918
11.655
8.755
9.950
11.613
9.713
9.794
18.198
10.783
13.960
10.578
11.440
10.248
11.409
14.046
11.457
14.767
15.162
14.254
9.427
11.368
12.627
15.514
9.022
15.143
8.988
11.588
17.935
12.757
10.519
16.534
9.409
10.864
16.010
18.008
17.217
14.015
