11.461
14.234
13.380
13.870
17.740
11.762
9.565
9.371
18.184
10.166
12.227
10.797
14.538
11.027
10.917
9.105
11.515
12.599
9.716
11.495
12.074
17.501
12.858
11.963
16.752
13.389
12.567
9.098
15.595
14.207
14.843
17.879
12.080
15.880
18.331
16.149
14.117
10.898
14.043
12.491
12.080
13.314
16.096
16.801
14.053
11.903
18.961
17.258
13.739
10.234
10.017
11.951
13.790
13.195
17.037
14.054
11.613
15.534
18.900
10.826
10.176
14.213
10.711
11.012
9.813
13.671
16.202
16.533
16.093
16.391
16.135
14.706
11.100
15.048
14.354
18.138
15.901
13.883
13.703
12.451
15.608
16.767
12.231
14.655
14.880
10.853
11.466
11.552
17.759
13.806
11.065
14.456
11.411
15.847
15.976
10.332
16.942
16.503
9.495
12.269
13.884
8.704
11.024
16.079
15.954
15.645
15.298
16.066
10.862
18.771
15.713
12.370
9.399
15.137
10.813
14.328
16.288
18.053
9.222
9.170
14.425
12.813
15.082
15.806
10.764
14.732
14.509
11.597
12.147
15.502
16.128
14.005
15.117
9.856
17.125
17.799
15.229
11.474
11.943
11.313
11.519
11.367
10.940
9.401
9.271
17.089
14.757
12.852
13.805
17.796
15.881
16.493
16.497
13.989
13.774
13.795
14.963
14.822
17.469
15.019
17.907
17.008
13.010
14.547
13.723
15.447
9.678
13.760
11.742
11.718
9.306
11.250
11.208
9.670
10.551
10.587
13.096
13.628
11.435
12.503
14.993
15.579
11.939
10.912
12.001
12.048
13.812
9.378
18.086
17.461
16.520
12.914
9.981
11.067
14.665
16.838
9.291
9.244
10.795
16.719
14.315
11.728
13.375
17.633
13.443
12.653
10.845
12.682
10.557
17.866
15.527
16.068
10.093
18.553
14.563
11.820
14.801
14.231
14.999
15.013
14.611
11.843
9.317
10.701
9.051
10.191
10.392
16.932
15.442
9.352
11.980
15.591
10.821
16.239
12.734
10.067
9.264
10.564
14.258
13.789
14.422
11.725
11.626
12.704
10.962
16.050
14.840
13.113
9.756
16.333
10.449
11.212
8.618
11.312
10.829
14.842
17.573
14.151
15.887
11.140
13.537
11.098
13.085
17.984
15.689
16.526
12.560
9.372
10.471
11.004
15.918
17.084
18.778
10.715
11.460
12.001
9.767
14.627
14.728
13.793
11.185
12.738
10.822
15.312
11.141
13.586
15.328
11.899
9.299
14.850
9.969
10.874
11.089
11.255
13.730
18.167
14.838
9.274
13.727
13.508
11.465
17.048
17.527
16.149
9.380
14.462
10.764
11.558
14.269
9.932
8.990
16.101
11.901
11.053
9.669
17.757
17.546
12.390
14.152
9.827
11.143
10.070
13.954
11.375
15.646
11.982
12.044
18.374
11.584
15.343
14.637
10.524
12.322
15.827
13.073
15.181
13.908
14.586
18.628
15.893
10.715
11.843
14.911
10.830
18.245
11.225
10.803
14.705
12.224
9.468
13.460
12.421
14.009
15.582
11.225
12.865
10.652
12.487
15.805
10.109
9.117
17.965
9.989
14.193
12.905
16.390
14.549
10.802
12.084
10.267
15.878
11.298
14.220
11.360
10.857
16.533
10.443
17.096
9.004
11.916
13.706
15.942
9.313
14.921
17.341
12.601
16.346
9.941
14.283
15.202
10.500
12.167
15.125
17.009
12.978
16.121
9.017
9.987
15.322
12.459
14.140
14.782
15.431
13.284
14.687
13.774
11.583
13.108
9.583
15.559
13.993
16.293
12.407
14.474
9.209
18.378
16.882
10.442
17.243
15.292
15.843
18.885
14.344
14.600
10.513
10.677
12.669
18.296
9.939
10.282
16.770
17.966
16.222
12.436
14.164
9.509
11.142
15.362
15.049
16.983
8.314
10.257
12.866
15.012
14.269
10.307
11.138
17.494
17.433
11.178
11.510
12.001
11.802
11.932
12.301
15.324
13.533
12.162
9.387
13.405
10.659
12.556
15.608
11.902
16.217
16.360
14.752
17.570
13.684
15.049
15.067
16.292
15.013
14.884
11.226
16.844
10.281
13.867
11.293
18.493
9.963
13.929
12.592
13.038
14.078
12.818
12.056
10.685
13.978
10.823
14.149
16.904
16.832
15.061
13.920
15.974
13.337
17.497
10.954
14.681
14.526
15.298
13.524
10.803
12.217
11.145
16.430
16.043
11.998
14.844
13.722
14.187
13.013
12.239
12.541
12.770
9.192
15.793
17.401
15.744
9.050
11.322
13.673
14.728
19.457
14.858
13.986
11.454
11.960
14.838
18.353
17.234
9.853
11.070
13.376
10.445
10.183
11.258
10.937
10.853
13.748
13.997
14.493
12.007
14.571
18.501
10.940
10.367
11.741
13.440
14.364
14.913
8.956
13.416
13.330
17.042
13.216
14.989
12.215
13.700
13.297
15.589
13.608
11.417
15.329
15.042
11.612
13.811
14.296
14.214
15.222
15.843
17.454
11.004
16.857
13.561
14.562
14.543
12.148
10.832
14.741
14.833
15.792
15.707
13.876
15.574
14.874
11.465
11.235
9.726
10.420
14.690
9.899
14.329
14.501
15.758
17.735
9.391
14.731
11.173
9.477
12.458
14.688
15.937
10.612
12.664
14.666
14.742
17.520
14.271
15.312
16.982
9.856
8.704
13.757
10.903
10.285
17.251
14.256
10.726
14.427
15.711
14.554
12.504
12.817
10.633
14.402
11.363
9.101
17.849
16.400
11.267
10.708
15.600
11.452
14.507
10.464
14.756
11.591
15.561
18.496
13.453
16.048
11.873
14.113
10.706
11.184
10.234
15.409
13.400
16.570
10.064
14.639
15.521
11.258
13.579
18.382
9.551
15.218
10.950
14.789
11.368
10.589
18.015
13.792
12.703
14.895
18.290
11.795
11.939
11.600
17.682
10.958
14.945
12.179
13.187
14.550
16.724
11.467
14.688
14.977
16.464
9.726
9.492
11.781
11.468
16.303
16.954
13.662
10.798
11.058
16.153
13.618
15.383
12.106
12.368
18.629
13.160
17.732
11.239
13.717
16.836
14.976
12.075
16.404
8.378
11.642
10.883
16.310
12.291
15.647
11.532
18.565
15.993
11.828
17.067
16.527
10.613
15.533
11.591
17.523
9.856
9.717
12.556
14.889
16.366
13.373
11.509
14.304
12.908
14.254
17.271
17.458
15.780
12.154
12.114
19.045
11.324
11.527
11.868
12.647
11.396
14.003
11.191
9.910
17.850
10.490
19.110
15.144
14.144
13.034
11.695
17.360
10.364
16.251
13.183
11.588
10.856
10.655
14.190
14.126
12.361
9.821
19.738
12.176
11.431
11.806
13.474
11.561
14.434
10.841
11.416
13.796
12.161
9.591
10.870
14.524
10.784
12.445
11.379
14.500
13.316
10.474
10.430
14.162
14.026
14.420
14.802
12.888
12.670
15.069
10.366
17.966
15.439
10.857
16.737
11.606
15.423
10.156
13.868
12.291
14.984
15.417
13.913
18.129
10.983
10.341
17.166
13.633
13.398
15.477
9.864
9.089
14.704
15.946
13.521
17.565
15.312
16.025
18.659
10.934
9.700
15.343
15.684
16.381
9.623
12.452
17.257
13.208
16.966
14.506
16.412
18.347
12.981
12.301
12.436
14.629
13.385
11.934
12.895
12.363
17.369
10.402
14.098
16.164
14.197
9.175
12.960
13.673
15.654
16.489
9.873
15.654
13.836
14.219
11.469
15.434
17.006
9.145
15.169
16.467
15.352
11.173
9.364
10.332
10.259
19.103
12.707
15.294
10.215
18.440
13.090
14.809
10.630
14.978
9.029
15.660
17.792
11.997
16.619
14.989
13.855
10.777
14.019
12.876
10.167
18.572
17.499
16.830
16.815
13.827
17.927
15.887
16.873
12.498
10.091
13.088
18.728
16.014
10.136
11.828
15.661
12.832
15.359
12.201
10.046
15.692
15.443
17.295
14.615
18.423
11.973
14.998
16.870
10.644
10.332
17.297
13.419
10.729
16.988
14.680
19.109
11.501
14.822
13.954
12.210
16.967
17.886
15.654
10.813
12.108
14.058
15.915
15.638
16.638
12.652
11.343
15.932
18.607
14.126
18.797
11.776
12.977
16.472
16.468
13.487
12.479
12.678
18.163
14.965
12.026
10.459
15.622
10.461
11.418
14.110
10.077
12.885
10.751
11.897
18.026
13.630
15.980
10.890
10.949
11.388
15.309
13.671
12.545
13.294
17.095
14.794
14.694
15.486
19.306
10.651
13.459
16.435
13.264
12.928
15.176
14.656
9.991
9.878
14.493
13.736
15.653
12.783
16.136
11.487
12.719
14.242
13.225
12.684
17.724
15.996
14.653
12.007
13.464
12.958
14.371
11.953
16.493
17.153
10.119
12.866
17.249
13.131
11.116
12.120
12.296
