13.174
10.197
12.310
12.868
13.615
11.460
13.160
10.889
14.299
14.500
13.886
10.805
10.124
10.379
17.006
12.557
12.530
10.537
16.010
13.533
12.654
14.178
15.567
14.157
15.785
13.594
14.214
16.429
9.638
11.165
8.717
11.557
16.446
12.247
13.354
19.038
16.008
13.228
12.239
9.467
13.120
14.783
12.028
12.124
17.642
12.116
15.689
16.483
15.420
14.637
13.141
13.455
14.173
17.631
13.268
14.046
8.989
12.189
12.842
9.712
16.256
12.913
16.238
11.740
13.775
16.332
12.851
12.773
15.060
13.035
10.087
14.063
12.342
9.683
13.790
10.488
13.943
11.095
11.172
14.749
13.192
9.277
9.127
16.412
14.496
13.628
10.003
12.577
10.042
16.265
12.057
12.004
16.263
17.764
14.703
9.939
12.760
15.963
14.495
11.837
16.522
15.507
14.886
11.988
17.467
10.518
9.954
12.387
17.535
13.824
9.475
9.750
10.372
16.041
10.826
12.585
11.604
9.308
11.780
17.614
10.818
18.746
12.328
10.468
10.712
16.151
14.759
17.883
11.503
9.996
18.346
16.621
11.148
15.840
10.901
10.979
16.455
13.272
11.210
11.846
10.595
11.271
13.221
15.396
10.663
18.470
11.457
16.967
17.589
14.516
16.424
16.053
16.718
10.722
10.915
12.443
10.888
11.383
11.962
8.765
9.637
12.678
12.238
15.112
16.541
13.069
10.913
15.251
13.180
16.832
11.683
10.372
12.333
14.693
13.248
15.415
10.496
11.151
11.288
9.674
11.698
17.322
12.299
12.813
9.889
15.226
10.596
15.086
11.427
13.412
19.218
14.509
12.120
15.488
10.955
12.373
11.270
15.788
12.911
11.566
10.901
13.811
11.482
12.462
11.855
10.941
14.401
16.385
18.354
9.593
11.426
11.266
11.578
10.932
16.146
13.376
9.671
11.691
19.243
13.766
11.020
17.056
12.218
12.745
10.423
12.999
10.137
13.599
12.093
14.175
10.234
13.701
15.862
10.799
16.113
13.620
12.462
9.486
14.640
10.350
16.004
10.628
12.485
10.673
11.026
11.163
12.728
18.384
11.002
15.638
16.139
13.515
16.674
16.006
16.768
13.754
10.907
10.510
16.521
11.021
13.082
10.076
10.876
13.518
11.747
13.583
14.474
16.485
10.732
12.902
12.206
11.902
16.449
11.148
14.641
11.627
13.227
16.470
13.477
11.750
11.031
15.650
12.901
11.152
12.005
17.457
15.428
14.053
11.603
13.654
12.993
13.570
12.177
16.351
12.064
13.279
15.122
11.542
10.135
14.641
12.711
11.477
11.363
10.748
14.043
10.498
10.553
10.331
10.485
10.299
15.860
14.446
16.951
13.056
9.470
12.256
14.202
10.521
16.472
14.536
9.714
13.806
17.290
11.250
14.490
12.896
11.206
11.879
13.565
11.055
13.235
12.500
11.754
11.285
13.063
14.618
17.654
12.501
12.530
11.332
16.483
14.580
11.485
10.981
10.459
13.186
11.754
13.779
16.445
12.380
11.044
12.603
13.137
16.014
11.782
16.384
16.382
13.440
14.290
14.326
16.712
12.170
12.507
16.463
18.644
12.821
9.874
10.742
16.469
13.141
12.509
11.037
11.107
9.395
14.091
12.409
14.089
17.202
15.978
13.581
11.340
10.700
10.026
14.697
11.020
13.446
14.069
12.682
10.054
17.035
14.659
10.211
10.706
14.164
18.916
10.936
9.586
12.296
13.446
12.251
13.208
10.862
12.549
12.866
12.407
15.330
11.433
10.711
12.919
17.804
13.194
14.498
15.497
13.192
14.158
15.158
12.696
14.075
12.172
9.585
14.146
10.935
10.572
12.986
10.311
10.441
11.343
10.374
11.275
13.106
11.064
13.270
17.147
12.736
13.603
13.263
17.098
16.786
12.623
10.504
17.989
14.680
10.973
14.676
14.424
11.062
12.365
15.352
16.589
17.324
8.622
11.421
14.425
12.102
10.836
14.175
13.767
13.016
15.280
14.366
11.771
11.520
10.210
10.462
12.338
9.485
12.704
11.389
9.917
12.884
15.338
10.997
10.153
11.878
16.261
11.089
13.526
12.307
17.794
13.187
16.404
16.691
17.892
11.258
11.862
16.698
13.635
14.784
12.388
16.618
13.082
12.502
11.462
13.722
9.486
10.504
16.575
16.678
16.553
10.157
13.156
12.185
12.912
13.581
13.711
12.467
11.035
10.527
9.512
13.882
11.542
10.200
10.942
14.579
9.052
11.660
16.627
13.796
10.716
13.726
10.760
14.456
18.366
15.507
12.317
10.310
12.430
14.789
12.197
10.936
10.940
14.955
10.451
14.058
16.007
10.899
18.389
12.255
15.507
12.644
13.864
11.543
9.626
14.004
10.932
15.991
11.786
10.014
10.213
13.976
14.156
9.630
10.872
9.540
16.297
16.966
11.773
9.539
10.380
9.411
16.411
15.108
11.233
16.794
14.732
10.640
11.784
10.354
9.840
15.080
11.249
10.902
14.833
10.599
12.230
12.442
12.434
16.158
12.828
15.667
12.905
15.652
17.869
13.005
11.426
10.452
12.763
12.495
12.666
10.171
11.389
12.994
14.153
12.039
10.695
14.284
16.147
13.056
10.851
10.482
13.027
14.585
13.342
16.872
11.775
11.566
14.136
12.435
11.434
15.270
9.422
11.214
11.622
17.190
10.659
10.666
15.355
11.894
14.800
14.502
10.110
13.380
15.357
9.055
13.887
13.855
11.577
10.430
11.441
9.943
12.646
9.693
12.089
10.731
10.908
11.843
14.528
15.487
9.822
17.697
15.106
12.901
12.869
12.760
11.152
13.589
15.548
11.633
10.649
11.682
16.417
15.036
11.822
12.699
14.528
12.220
9.549
14.164
9.974
12.294
11.430
15.342
13.762
15.604
15.889
10.985
12.057
12.053
12.246
16.654
15.100
13.567
9.634
17.759
13.375
12.092
14.839
15.904
12.585
11.615
12.966
10.168
11.813
12.553
18.126
10.686
10.304
11.075
11.012
8.970
13.494
13.677
10.253
15.337
12.682
12.587
11.533
14.646
12.886
13.040
16.404
16.555
11.279
11.451
9.751
11.300
14.657
11.241
12.600
9.163
10.205
10.067
10.627
17.227
14.168
14.757
12.337
10.466
9.236
11.862
9.926
11.192
12.438
10.962
16.563
15.077
13.443
14.870
16.096
10.130
10.373
12.723
12.031
11.441
12.064
10.516
15.917
12.721
15.797
13.139
11.162
10.034
11.942
14.393
15.248
18.767
10.623
17.842
12.619
10.604
13.238
12.016
12.336
16.491
14.768
13.975
15.120
15.213
10.324
11.800
12.356
13.845
13.778
12.323
16.568
17.383
10.810
11.640
16.846
10.384
16.782
13.624
13.058
14.611
8.946
13.958
13.884
10.905
16.866
8.841
11.969
10.027
16.803
9.270
9.540
12.790
14.964
9.731
10.802
10.830
17.151
14.527
10.729
11.182
15.399
12.099
11.543
15.026
14.628
12.294
16.787
15.017
15.155
9.327
11.219
9.508
8.930
12.639
10.498
9.713
17.705
16.595
15.933
10.453
10.964
11.234
15.069
11.981
14.607
16.791
17.174
13.043
9.027
12.662
9.439
12.218
17.878
14.717
16.364
14.187
10.221
11.835
14.138
10.781
17.184
9.076
9.651
11.254
11.742
14.486
10.837
12.466
12.533
13.084
14.355
13.512
14.162
15.890
10.062
16.902
18.037
8.938
15.186
9.907
11.857
11.633
10.928
14.128
11.261
15.510
16.048
15.109
12.663
18.160
17.981
14.546
12.194
18.144
14.700
16.825
12.559
16.191
16.802
17.227
15.943
10.397
11.206
15.207
12.764
13.166
16.598
16.699
11.676
16.566
13.955
11.692
13.488
14.099
10.527
17.325
10.912
15.532
18.417
11.680
10.261
14.980
13.655
14.649
11.042
11.234
12.027
11.010
15.499
15.284
15.827
12.147
11.412
12.189
17.066
13.349
17.589
12.119
13.724
17.681
10.184
14.819
16.982
12.333
14.220
11.572
11.044
17.182
13.502
17.694
17.186
16.350
16.373
13.313
13.071
11.160
11.257
11.326
11.282
11.274
9.715
9.795
14.577
13.676
8.835
12.311
13.920
10.815
14.371
15.064
13.332
10.263
9.997
11.817
11.335
14.912
10.377
10.210
11.936
12.963
15.269
12.577
11.320
10.030
13.059
14.968
11.611
9.916
14.704
15.321
14.574
15.525
9.597
13.764
13.648
14.100
9.237
14.366
14.462
10.369
12.203
10.377
17.427
16.824
14.580
12.499
12.095
17.003
13.369
12.544
14.694
11.291
10.907
11.892
11.796
10.808
10.112
10.989
11.875
15.321
15.120
17.097
12.117
10.482
12.208
12.037
12.075
11.813
10.375
12.577
12.705
12.098
12.048
13.160
9.543
13.062
17.194
11.856
11.709
12.230
14.990
8.506
16.854
11.293
16.595
11.257
15.547
9.798
12.206
14.563
10.282
9.308
9.755
18.721
13.973
10.798
15.409
11.055
15.787
9.516
14.908
13.324
14.846
13.601
15.639
18.014
11.993
16.947
16.909
12.979
15.164
13.147
13.254
11.288
14.262
10.487
11.272
10.308
12.372
16.991
17.801
16.782
14.863
17.263
9.492
16.623
11.276
12.988
14.409
13.120
18.783
14.722
19.219
12.929
11.596
15.460
18.642
16.177
17.088
9.973
14.488
14.433
16.034
12.330
14.838
12.003
12.493
11.956
13.286
13.894
12.953
16.257
10.660
13.723
10.584
16.867
11.288
12.815
13.007
12.504
12.351
17.426
13.842
11.824
14.272
16.417
13.032
9.833
9.984
10.108
14.470
15.539
9.498
10.779
10.329
12.596
11.339
15.380
13.905
14.380
16.021
11.930
16.520
16.171
10.339
17.066
14.135
14.687
13.372
16.592
11.760
8.485
10.837
18.191
11.590
14.418
13.316
10.943
11.962
11.802
14.578
10.366
14.924
14.157
12.279
13.403
10.850
16.189
10.706
13.952
9.735
12.768
12.806
11.988
9.799
14.115
13.610
14.471
9.942
11.403
11.913
13.988
14.383
16.410
13.992
15.425
14.790
16.826
12.519
11.471
18.683
16.643
18.324
19.204
12.551
12.850
18.874
14.638
14.219
12.428
12.837
11.521
11.707
12.528
18.325
10.641
14.519
15.632
15.706
16.959
11.928
9.526
16.621
10.929
17.400
14.451
12.538
12.846
14.040
10.605
15.004
10.004
15.890
11.107
13.977
12.622
10.803
10.747
18.494
17.626
11.647
8.708
8.644
15.064
18.045
12.540
16.933
14.098
12.482
11.577
10.368
10.854
16.201
15.311
15.351
14.748
15.248
11.031
11.905
12.409
9.295
15.805
11.420
10.969
15.535
15.768
17.616
15.274
16.055
11.435
11.598
10.448
15.763
17.564
15.339
10.112
11.256
17.300
14.741
15.700
14.834
13.370
14.899
15.015
9.869
11.099
17.480
15.374
13.232
16.502
12.277
12.779
14.933
16.936
17.013
16.597
14.714
13.853
11.303
10.158
9.243
11.550
17.335
17.610
15.893
10.661
10.151
16.874
11.645
14.293
11.341
15.870
12.416
15.068
11.693
15.741
10.660
15.397
10.648
13.673
15.186
17.936
12.279
9.207
16.012
9.816
12.643
10.890
16.730
15.129
17.951
16.205
14.816
13.277
14.823
13.728
14.647
12.481
15.903
11.338
14.816
11.684
18.697
17.509
11.174
15.008
13.763
14.352
8.938
17.507
10.423
9.481
18.138
12.259
9.142
12.238
15.289
17.221
12.116
13.084
17.901
13.841
10.027
9.294
15.325
15.361
9.833
13.207
9.003
11.527
14.072
11.112
9.806
10.665
17.995
14.141
19.155
14.408
15.743
13.979
11.951
13.984
11.473
14.417
14.276
15.203
11.482
12.653
10.674
15.832
15.338
11.133
11.124
13.326
13.675
17.469
18.328
16.858
10.578
11.412
11.011
13.078
13.389
13.242
13.222
12.741
13.100
11.834
13.200
10.657
11.909
15.111
11.068
10.949
12.705
12.884
15.431
12.448
14.995
13.043
14.919
11.535
17.497
12.091
13.544
16.297
11.855
11.309
11.188
12.881
15.326
14.991
12.942
15.612
11.218
12.939
14.324
13.771
17.252
11.188
11.045
10.813
10.760
10.639
10.611
10.887
10.623
11.690
10.796
10.955
10.881
11.044
10.775
10.813
10.883
12.675
16.751
12.413
11.703
10.762
9.933
11.217
16.429
11.267
12.966
11.179
13.593
17.342
11.655
16.347
10.606
15.570
15.966
11.741
17.608
16.750
16.713
15.838
14.204
13.491
14.648
10.762
17.891
17.615
12.021
10.248
18.781
14.010
11.923
16.091
10.842
11.444
14.213
10.893
17.821
17.978
15.912
9.588
14.959
13.733
16.847
18.718
13.161
13.435
18.599
11.472
16.631
9.185
14.135
11.671
16.125
10.632
11.718
14.995
11.944
18.791
15.472
12.901
10.573
16.166
11.003
11.821
12.636
11.548
15.174
11.925
18.288
10.608
17.555
13.348
13.737
15.270
14.642
10.680
11.991
15.121
11.700
11.469
11.604
10.671
12.924
13.858
10.731
16.157
11.327
14.360
13.327
17.245
11.048
12.164
14.327
17.703
17.665
11.131
12.583
14.998
12.358
16.559
16.770
14.653
13.771
11.238
10.645
11.071
11.932
10.855
11.801
11.466
17.574
15.307
16.732
14.942
16.942
16.716
12.052
9.078
16.913
19.129
12.118
12.314
11.218
10.141
15.754
9.701
10.381
17.079
17.145
17.156
11.768
12.482
14.569
18.015
18.289
12.475
11.801
14.189
16.211
9.668
12.791
13.800
14.471
14.387
11.163
13.463
11.279
10.725
16.829
9.921
15.867
15.034
15.910
9.684
12.856
11.722
10.980
15.552
12.870
10.234
15.018
12.752
10.570
16.593
12.377
16.108
12.461
11.941
10.360
17.796
12.813
10.113
16.262
11.341
12.127
12.146
14.000
10.822
11.275
10.573
16.915
18.099
11.526
17.438
17.080
16.939
12.330
18.855
16.551
10.861
16.573
15.168
10.605
14.228
11.965
16.736
14.131
15.220
18.994
16.238
12.573
14.467
16.927
18.027
10.760
8.737
15.408
16.313
16.493
15.897
19.472
12.142
14.299
13.758
12.787
15.424
15.210
11.229
11.246
11.112
11.211
12.886
11.172
12.421
10.085
16.305
14.000
11.778
12.128
10.060
16.007
9.478
11.561
13.494
9.855
10.795
16.861
14.957
15.370
10.609
12.477
13.350
14.594
15.170
15.391
12.318
12.348
15.927
16.224
12.930
11.481
15.168
11.865
15.072
9.632
14.429
9.794
15.458
11.939
12.571
12.533
11.150
13.723
18.185
9.293
13.564
9.741
15.649
14.105
13.139
14.944
17.306
12.355
9.817
16.759
12.318
10.241
18.702
12.838
9.123
18.111
10.543
13.936
15.002
12.496
10.025
9.196
9.348
10.112
16.366
10.307
16.060
15.969
11.469
10.207
10.413
9.996
10.565
9.971
11.404
16.879
14.036
15.476
10.958
13.151
14.740
12.314
11.830
11.016
12.478
12.641
11.074
16.487
18.007
16.484
11.751
17.511
16.212
11.658
10.739
10.835
10.410
10.724
10.906
9.846
10.516
12.455
10.096
14.634
14.535
16.914
10.647
11.365
13.087
13.683
10.710
12.001
12.182
11.807
11.768
14.869
11.786
15.899
13.450
14.885
20.892
9.302
11.732
11.277
13.133
16.941
15.373
11.519
10.744
8.912
11.221
16.355
18.131
17.689
18.443
16.940
14.717
15.967
10.665
11.324
11.263
16.867
18.258
18.744
16.963
11.482
11.809
15.216
14.918
9.848
15.962
14.293
9.486
10.363
13.222
14.367
12.654
10.036
9.933
9.921
11.530
11.001
10.699
18.427
10.190
11.547
17.771
8.346
10.254
11.794
10.317
11.237
11.997
12.494
16.394
17.004
13.353
