12.911
14.127
9.511
12.953
14.572
12.285
13.884
13.401
15.144
12.115
10.708
15.423
12.867
9.885
10.936
12.518
12.802
15.981
11.149
12.918
13.299
11.549
10.566
15.766
13.774
10.263
11.897
16.990
11.398
17.071
14.543
10.916
9.074
11.682
10.764
14.439
13.534
14.084
14.693
9.786
9.422
9.866
9.372
13.750
10.713
12.739
16.690
12.245
12.271
13.328
17.552
16.150
16.870
12.209
9.951
10.703
14.682
16.455
17.311
13.117
13.401
14.982
15.603
13.215
13.355
12.405
16.922
15.929
16.999
10.424
9.666
11.646
15.444
11.096
12.071
16.592
12.744
16.660
14.098
10.872
10.552
14.590
12.633
10.364
10.762
17.323
16.053
17.672
13.903
16.385
12.846
10.664
14.987
10.504
14.162
10.810
13.773
12.421
15.047
16.466
16.418
8.903
12.522
15.130
18.423
13.913
14.539
9.307
14.291
16.838
17.345
9.325
11.502
15.481
13.506
13.396
14.505
11.688
13.151
8.887
8.897
11.517
15.382
12.260
14.241
14.731
10.248
11.813
15.345
15.604
17.676
12.742
17.202
14.854
10.956
10.913
11.413
10.660
11.727
8.948
14.211
15.049
13.102
14.506
16.000
13.122
11.340
16.299
15.363
9.944
11.615
13.612
13.989
13.159
10.562
15.402
8.941
14.370
12.419
12.142
11.009
17.365
13.527
9.266
16.139
13.495
13.984
12.575
10.557
16.202
13.138
13.907
14.358
14.218
18.369
13.201
11.256
11.590
17.943
10.231
9.026
15.560
13.515
16.434
14.129
10.416
14.376
14.370
14.170
14.335
16.589
17.264
15.518
16.515
11.135
10.051
12.061
14.167
14.914
14.461
10.379
11.083
10.577
10.410
10.231
11.446
13.155
14.915
11.689
13.478
10.749
9.771
12.357
11.680
13.575
9.458
12.207
16.934
11.746
15.388
12.510
13.876
12.178
15.074
12.190
15.179
12.751
9.649
12.528
12.555
12.680
9.095
16.667
11.298
11.193
11.906
9.385
17.118
14.698
13.531
11.294
12.937
11.019
10.010
11.517
11.407
13.886
12.535
10.471
12.333
17.182
9.059
12.484
15.837
13.919
10.583
12.524
13.347
12.404
11.784
14.058
12.798
13.035
16.024
8.730
9.297
11.053
12.002
10.811
15.381
9.226
11.123
10.410
9.125
15.810
10.326
10.651
14.000
11.881
16.448
10.414
15.327
10.479
9.219
13.363
8.960
11.544
10.318
15.719
13.868
15.179
11.482
11.073
13.989
11.401
16.181
12.850
11.330
12.456
16.307
15.579
14.131
11.248
12.368
15.643
14.735
9.108
16.090
9.827
12.752
17.140
16.886
9.793
15.681
13.298
17.664
14.149
11.854
17.058
13.313
10.489
15.796
10.840
12.496
15.325
14.245
14.121
10.065
11.825
16.532
10.007
15.175
17.636
10.831
11.146
12.164
13.147
12.463
10.857
9.881
12.451
9.852
15.282
12.504
12.434
14.833
11.177
11.741
17.376
10.538
17.365
14.827
11.644
15.479
11.088
11.043
9.150
11.084
10.683
15.897
11.775
12.122
12.074
13.719
15.200
14.400
11.347
15.806
10.610
13.903
17.099
12.270
15.359
9.763
13.457
8.894
11.988
14.050
11.095
12.264
14.358
9.595
10.566
11.513
10.668
11.261
16.233
14.516
13.338
12.439
12.922
11.824
11.375
9.171
9.267
15.197
17.410
16.694
11.972
10.672
12.139
12.025
12.140
11.629
18.328
10.148
12.464
13.846
15.295
12.454
13.029
10.512
9.904
18.909
17.550
11.232
13.852
12.625
14.588
11.029
10.954
10.266
9.356
16.817
10.219
15.626
17.982
13.833
13.023
14.842
11.726
17.377
11.142
15.137
11.083
10.341
17.055
12.055
14.595
15.713
11.789
16.329
10.753
12.867
13.559
13.966
9.764
9.712
12.763
11.647
13.320
18.627
15.727
11.357
14.425
10.062
17.285
10.344
14.552
10.319
15.985
13.745
14.106
16.589
9.833
15.485
12.866
10.712
10.896
16.557
15.128
14.785
9.663
10.820
14.158
16.091
12.302
11.693
10.265
10.335
13.075
10.683
10.427
10.389
10.822
11.274
14.951
16.387
13.099
13.080
13.151
19.602
11.097
10.550
10.701
18.362
14.341
10.489
13.594
12.782
10.169
10.746
13.655
13.652
15.891
14.859
9.398
9.950
9.968
14.013
9.159
15.640
16.110
15.937
12.704
12.426
8.730
12.043
16.911
12.789
12.674
15.628
9.147
13.794
14.184
15.631
9.485
17.266
9.432
11.966
16.186
10.620
13.980
8.872
10.821
13.284
13.484
9.496
10.066
14.093
12.783
16.295
10.671
17.111
9.966
14.657
19.217
13.948
16.733
18.486
11.127
11.088
11.055
17.537
11.946
11.665
12.394
9.331
10.527
11.926
17.102
14.330
14.851
14.599
15.797
12.582
15.909
17.037
13.414
11.449
17.307
11.890
13.441
12.065
13.726
12.428
13.545
16.432
10.503
14.333
12.333
9.539
12.718
14.567
11.834
13.094
12.926
16.359
10.234
16.264
9.634
10.945
15.270
12.463
13.184
11.495
9.338
12.650
10.987
13.962
16.635
16.432
19.233
13.646
11.782
12.831
10.160
14.110
15.202
14.980
9.299
13.822
13.779
14.650
9.277
15.807
16.287
14.366
11.071
12.346
13.783
10.708
14.659
10.593
11.698
14.987
15.207
17.818
17.657
10.762
11.527
9.956
11.929
10.907
9.143
11.317
13.603
15.513
12.989
16.723
11.492
15.040
10.234
10.119
15.101
14.431
11.646
17.550
15.240
9.930
16.794
14.399
13.298
14.220
11.024
12.048
17.744
14.773
9.354
17.549
17.878
9.218
11.644
11.325
15.113
15.805
11.313
13.656
15.396
12.767
14.150
10.920
17.307
15.083
10.245
13.953
10.482
11.651
17.398
9.403
10.850
13.891
15.940
15.192
16.309
19.560
10.390
13.120
10.753
12.060
14.619
13.761
15.101
14.455
10.119
14.741
10.542
17.105
11.563
8.520
12.465
14.612
18.261
8.683
13.777
13.763
16.834
10.874
10.359
13.706
12.243
10.180
10.915
13.984
17.980
11.805
11.461
16.684
11.901
18.227
15.211
11.957
11.946
18.691
15.615
10.276
18.288
13.940
15.276
13.844
14.345
12.885
9.948
17.892
11.154
13.064
15.358
16.139
15.086
14.428
14.569
14.698
11.479
12.145
12.528
12.025
10.773
12.182
11.621
10.859
13.490
15.800
16.683
12.102
11.022
17.151
13.372
13.558
16.858
11.680
16.284
12.562
10.263
12.393
12.096
17.416
12.668
16.026
15.835
11.634
17.065
11.355
13.525
14.420
11.879
17.454
15.417
12.646
10.737
14.990
16.896
13.411
13.346
12.346
18.370
10.247
12.864
11.851
14.230
8.872
14.380
11.750
16.090
11.614
13.368
9.680
14.936
12.701
10.652
10.618
11.133
11.663
10.613
13.338
17.242
11.318
16.795
10.017
13.151
17.410
14.451
11.302
14.366
10.917
16.112
15.375
11.591
15.207
14.735
10.807
18.456
11.353
12.260
15.256
11.458
18.798
18.312
11.032
16.995
10.759
11.834
12.210
11.326
11.783
12.642
16.460
10.579
14.436
17.895
13.275
17.777
19.165
14.022
10.868
10.627
18.034
9.116
9.484
14.016
9.727
10.681
11.663
13.798
10.464
12.808
9.779
16.119
12.233
12.315
11.634
9.040
15.351
14.309
16.682
15.399
16.257
10.105
10.096
11.450
12.683
14.569
13.580
16.213
16.368
15.790
11.434
11.238
15.325
18.576
10.267
14.900
14.082
13.719
11.634
15.675
14.698
10.373
13.032
16.758
13.020
19.265
11.938
17.219
10.045
14.068
10.863
16.130
13.170
9.439
15.302
14.051
11.268
13.977
16.573
17.358
10.086
15.129
8.897
10.294
10.958
9.703
11.676
11.048
11.498
17.567
11.048
13.590
9.713
17.514
9.391
13.770
10.726
15.820
12.303
17.796
11.693
11.867
11.820
13.052
10.586
15.231
15.546
9.824
15.299
16.258
10.151
11.799
17.213
12.633
12.661
14.207
9.775
10.890
14.929
10.489
13.660
12.948
9.609
16.460
13.782
9.215
9.377
11.416
11.477
11.054
15.615
13.403
12.103
13.184
16.161
18.219
14.051
11.062
11.264
8.807
17.001
18.019
13.878
16.489
13.286
9.361
12.520
16.452
15.113
9.848
9.935
17.374
15.339
11.021
15.409
9.856
14.032
13.002
13.483
13.468
8.956
14.437
11.743
14.786
10.184
13.197
10.957
12.652
14.863
13.597
9.040
16.325
11.857
13.889
11.675
17.817
14.618
15.525
13.355
13.091
9.299
11.990
15.713
11.518
10.371
12.336
11.205
13.013
9.089
13.470
15.191
15.175
8.980
18.377
12.409
15.371
14.939
11.319
9.275
10.296
10.697
12.762
15.402
13.253
11.703
14.601
12.439
18.065
14.899
11.378
14.837
12.576
11.449
17.029
10.430
8.862
18.002
15.004
15.921
10.995
14.576
16.980
10.055
17.466
11.614
19.453
11.267
12.120
9.879
13.083
17.156
11.357
11.964
13.718
14.340
11.503
9.985
9.171
11.806
9.840
12.133
9.882
15.898
13.689
16.257
16.313
18.150
17.031
15.531
14.170
10.950
10.608
14.405
11.602
11.669
16.451
10.519
11.744
14.411
17.389
12.513
9.454
11.663
16.520
11.991
15.686
11.954
11.341
13.564
11.653
13.965
12.954
11.026
17.764
9.096
16.365
15.051
16.246
15.860
14.939
16.766
16.057
14.809
15.124
12.508
15.922
14.396
10.870
14.306
13.485
13.400
15.425
14.515
14.079
16.559
13.237
15.085
16.659
13.863
15.270
18.663
14.298
19.322
15.200
15.283
14.297
10.536
15.321
13.380
12.886
18.285
12.854
14.335
11.007
9.630
14.861
15.408
12.751
12.502
10.707
9.055
16.890
17.244
14.566
13.972
17.489
14.206
17.145
16.059
11.243
17.043
17.940
15.904
9.343
10.518
10.277
18.814
10.329
11.935
15.750
15.283
9.923
10.638
14.068
11.850
15.664
11.671
16.893
16.520
19.086
13.347
11.637
9.428
14.794
18.588
14.254
14.179
15.268
11.032
11.158
14.098
12.903
15.128
9.149
11.696
14.002
14.259
9.068
17.040
17.883
10.180
12.792
13.016
9.637
11.322
13.135
15.128
15.178
9.445
9.202
11.696
13.153
17.590
14.732
11.859
17.560
11.913
9.796
14.443
13.377
14.271
11.890
15.045
12.012
15.593
11.568
10.565
12.093
12.665
10.156
10.205
15.644
9.374
17.085
12.400
14.353
11.460
11.133
13.665
13.574
13.811
10.537
10.032
13.766
15.392
8.994
11.463
14.397
10.195
9.159
8.996
14.170
13.956
16.615
15.418
10.390
13.754
15.565
10.857
17.988
9.095
11.237
12.267
18.894
16.985
14.509
9.624
9.442
13.232
12.474
8.895
16.182
10.835
11.363
15.144
10.502
17.561
16.645
9.995
12.032
11.938
10.005
10.322
11.635
10.933
11.629
14.717
11.190
15.867
15.970
12.777
13.948
12.300
9.518
10.868
11.862
9.913
10.116
12.191
10.419
19.189
17.225
14.966
13.439
12.482
10.410
13.842
18.078
15.619
15.749
14.471
15.360
14.785
12.386
12.582
10.972
16.219
14.537
15.742
10.261
14.487
11.940
10.780
10.881
18.062
10.419
10.933
13.216
12.642
14.971
11.572
11.168
14.310
10.810
9.684
10.954
12.056
13.739
12.286
9.540
10.828
11.253
17.664
11.403
10.496
16.838
11.904
10.450
10.933
11.130
10.687
10.909
10.723
13.688
14.396
13.882
15.200
13.104
11.176
11.559
10.488
17.624
15.326
11.268
10.055
12.224
14.589
11.089
9.790
17.624
17.807
13.757
9.696
11.806
12.667
16.500
13.425
11.011
11.430
12.070
16.279
14.992
13.730
18.325
9.130
14.175
9.496
17.989
15.452
16.077
10.954
15.701
12.598
14.260
12.061
12.829
10.514
16.092
10.909
14.151
10.240
10.979
17.196
14.503
16.949
10.907
9.877
11.404
11.372
18.870
17.101
13.468
17.043
10.296
15.112
11.029
11.297
11.361
13.692
17.353
16.295
15.955
14.452
16.978
18.919
14.196
10.982
11.239
15.704
10.809
10.025
12.317
8.708
10.353
11.772
11.919
11.295
10.862
14.899
16.241
10.713
13.785
18.218
17.593
12.835
14.790
12.354
11.003
8.772
8.328
12.776
14.457
10.758
10.604
11.621
10.334
14.470
14.784
13.120
14.691
10.667
13.427
15.049
11.137
15.520
11.909
12.546
9.077
9.499
17.199
18.539
10.341
14.328
11.256
14.314
15.879
11.131
9.541
14.162
9.178
9.933
12.034
11.357
18.351
13.637
14.737
15.748
15.079
13.279
14.963
15.020
10.919
9.421
9.454
12.122
14.640
10.184
16.168
14.807
11.362
14.401
10.460
13.781
17.376
12.559
10.581
9.322
14.804
9.869
15.421
10.251
15.353
11.007
17.232
16.839
11.945
13.071
15.418
18.823
17.780
10.969
12.825
16.738
9.725
18.952
13.662
14.046
10.481
17.915
11.971
13.953
19.492
10.095
13.215
10.082
12.065
14.846
14.818
11.311
10.136
13.949
19.530
13.169
14.522
11.393
15.243
18.377
13.944
11.627
10.426
13.913
11.429
13.440
9.257
11.741
10.004
13.303
9.129
9.295
18.217
17.052
18.723
11.420
10.844
11.327
11.926
9.795
12.645
14.986
15.802
12.737
14.708
11.500
13.870
11.305
11.320
13.284
13.134
13.420
16.480
12.227
10.781
16.241
18.231
12.459
11.812
13.489
15.286
11.890
13.832
11.542
12.398
13.481
13.767
10.878
15.789
12.525
15.479
13.461
17.488
13.481
13.743
16.329
16.946
15.741
12.363
15.529
9.906
14.329
11.076
12.033
11.624
10.797
12.319
10.809
