13.171
15.251
11.012
9.956
12.733
9.370
9.982
11.467
12.341
13.964
8.922
13.295
16.902
16.987
11.271
10.499
11.551
14.530
12.400
13.404
12.261
11.938
11.377
10.113
13.861
11.211
10.348
16.212
10.947
8.938
11.852
13.758
16.898
11.795
13.427
18.868
13.837
17.268
13.382
15.699
12.922
15.227
9.304
13.380
11.858
12.637
18.042
15.746
9.717
13.708
10.666
14.725
12.397
13.248
12.707
10.019
9.208
12.682
13.368
11.548
12.986
9.705
12.813
16.237
9.555
12.178
15.650
16.961
12.288
12.114
11.989
8.883
11.060
16.834
9.571
9.381
16.134
11.174
11.636
13.079
9.486
10.475
16.554
10.132
12.058
11.243
15.654
12.992
11.650
12.475
10.279
18.915
15.493
10.976
16.887
11.366
18.363
12.372
11.377
15.239
11.474
11.843
13.587
16.601
11.740
14.059
12.624
14.686
10.526
12.055
12.625
11.202
15.051
16.636
17.932
12.288
10.751
15.316
10.464
10.859
10.136
8.826
14.589
9.194
9.224
13.701
19.920
10.636
14.204
11.283
9.929
12.768
12.798
15.854
11.272
11.691
11.920
18.000
17.459
10.795
14.457
13.027
15.628
11.601
13.490
12.115
12.049
10.455
14.459
10.375
12.024
11.297
9.283
12.765
17.989
9.348
14.984
11.870
12.393
14.412
12.250
13.522
18.173
12.075
9.474
10.894
14.796
12.058
10.762
10.075
10.291
12.069
11.802
11.804
14.973
10.853
10.662
12.571
9.974
15.131
12.488
13.119
12.169
11.955
11.888
12.268
12.062
12.299
12.601
10.983
11.920
13.556
9.524
11.448
12.816
14.621
11.687
15.155
16.842
11.350
12.125
11.071
14.181
12.624
13.552
9.776
12.028
11.153
13.798
17.592
17.444
11.100
14.233
10.810
11.470
9.895
10.012
9.846
9.133
9.830
10.522
13.558
8.737
11.415
13.488
9.522
10.712
13.526
16.047
9.519
9.774
11.601
10.007
11.611
15.501
11.655
14.889
12.973
9.992
11.795
14.270
14.378
9.570
11.277
11.154
13.435
14.740
14.976
12.814
11.140
16.326
13.514
12.447
10.672
10.582
9.879
10.711
11.488
11.706
17.779
15.549
11.486
14.498
16.979
10.482
18.411
12.231
10.320
13.493
10.609
12.882
13.331
9.540
18.597
14.577
14.801
9.264
12.869
14.913
13.217
16.459
10.717
9.889
12.748
13.132
17.814
11.231
12.765
14.305
18.225
10.273
14.981
15.285
9.642
12.218
11.926
11.447
12.201
14.237
13.600
10.616
9.008
13.506
11.307
9.796
13.230
9.012
12.867
14.824
14.108
15.283
13.437
17.171
9.529
11.842
11.807
11.612
15.517
11.003
10.514
11.722
11.898
13.686
10.244
11.959
11.981
9.337
14.604
14.510
11.569
17.201
17.113
16.946
11.375
10.973
14.149
12.375
11.200
11.657
14.058
10.524
9.641
12.938
10.799
17.294
9.287
11.538
11.995
10.288
14.864
9.167
11.815
10.715
15.577
10.622
12.391
17.562
12.155
17.755
14.403
11.618
11.000
9.890
10.126
17.991
10.282
12.571
11.758
17.970
12.049
13.392
14.810
10.968
9.597
10.129
13.215
13.935
13.929
15.539
9.178
8.722
8.815
8.728
8.758
10.952
9.982
13.259
11.720
17.400
8.736
16.633
14.926
15.118
13.723
10.112
10.204
12.560
12.241
13.948
19.312
9.364
12.641
10.566
12.714
13.453
10.827
11.862
16.909
11.545
15.580
14.247
11.942
16.032
14.905
9.907
14.656
12.682
17.584
16.473
15.687
14.633
11.854
10.621
14.211
15.141
15.301
10.313
18.490
13.905
15.745
10.088
16.682
14.578
8.871
17.671
12.505
12.750
15.171
11.564
12.659
9.074
18.661
11.184
11.276
13.120
9.786
10.346
15.324
9.527
9.706
11.561
14.314
17.371
14.123
11.363
10.308
9.484
13.463
14.039
15.177
13.654
16.483
10.263
18.453
13.960
14.051
11.851
14.660
14.556
11.034
12.948
10.054
16.089
9.784
17.874
14.554
18.382
10.599
10.962
11.514
14.104
12.057
15.489
12.732
9.865
16.972
15.496
11.914
17.389
17.594
10.394
13.452
9.096
9.082
9.174
10.871
15.452
9.673
10.657
12.135
9.760
8.845
10.736
12.285
9.504
9.810
12.453
8.952
16.177
10.231
12.131
15.393
10.587
12.218
9.769
12.265
15.579
18.014
17.926
12.239
16.478
15.530
16.543
14.299
17.415
10.722
10.733
16.827
16.861
14.937
18.600
12.356
12.705
11.470
11.507
11.569
16.397
11.424
16.144
10.817
13.518
11.358
11.229
11.368
13.584
10.505
10.655
10.815
13.318
18.617
9.847
10.276
16.654
11.103
11.484
16.519
17.591
15.091
16.640
11.706
11.500
10.262
10.936
14.102
11.701
16.195
11.991
12.805
17.012
10.807
13.337
16.579
10.982
14.231
17.361
14.537
15.973
9.980
13.944
8.943
15.458
10.051
9.142
14.181
9.401
17.195
12.579
13.504
18.378
15.293
13.113
10.140
9.374
10.612
13.771
11.784
13.424
12.679
10.819
11.415
12.563
12.475
11.889
9.282
11.360
15.529
11.037
12.220
11.162
14.975
14.139
12.871
17.697
17.769
13.612
11.944
12.180
17.295
15.472
12.068
12.424
16.412
12.327
11.240
14.844
18.705
15.550
13.182
13.315
14.473
16.508
13.395
12.313
12.910
13.142
13.934
11.357
12.902
13.383
14.756
14.985
13.192
9.807
10.048
18.102
13.805
15.535
12.634
10.343
10.258
13.360
9.963
12.669
12.178
9.750
15.538
14.022
11.093
13.467
14.394
14.461
18.495
17.370
9.688
8.999
8.361
11.984
12.548
9.114
15.486
17.940
17.228
10.172
10.773
10.306
13.605
18.034
14.241
15.346
10.888
14.717
9.569
11.729
10.807
18.321
10.541
15.623
10.840
11.243
15.518
10.361
12.982
13.289
8.806
16.432
10.294
9.152
10.297
10.441
12.352
14.380
17.877
10.684
12.004
11.464
12.040
15.585
13.591
14.740
10.141
14.462
9.108
8.723
13.685
9.224
9.844
18.645
15.666
13.061
13.141
8.683
15.851
12.081
10.643
12.142
14.769
11.903
13.404
8.884
8.823
16.287
12.399
15.344
12.971
14.816
11.199
12.677
15.311
10.415
14.806
9.862
18.276
16.361
18.521
16.952
16.234
11.714
16.107
11.642
12.621
10.239
13.045
10.256
9.859
16.712
12.180
9.927
16.836
17.424
16.661
10.728
13.316
18.444
14.082
10.960
11.526
16.367
13.335
11.452
15.189
11.245
11.191
12.163
11.737
11.674
14.394
10.002
16.900
10.411
11.210
10.060
11.915
10.989
14.190
17.677
9.975
12.397
12.198
15.522
14.586
18.790
13.631
8.154
10.581
11.390
9.922
9.200
8.829
8.555
11.833
10.202
14.083
13.062
15.719
14.282
9.653
11.780
14.639
17.435
8.798
11.943
11.009
11.223
11.015
15.736
10.621
15.742
11.250
12.048
12.863
11.849
11.605
15.767
9.210
14.947
10.519
10.938
18.474
13.424
10.676
14.263
14.980
11.642
14.108
14.304
17.687
16.391
18.377
11.609
16.926
10.742
10.478
16.039
17.812
11.140
17.074
17.647
18.855
10.293
12.520
12.175
11.111
12.560
15.890
13.594
12.056
11.730
12.541
11.153
17.193
11.898
10.232
14.887
11.516
17.770
11.134
13.649
11.776
11.474
10.189
14.527
10.666
11.543
17.515
10.504
14.589
9.465
13.343
10.031
12.296
17.224
16.607
14.196
13.967
15.277
16.810
10.090
16.405
17.907
11.554
12.386
16.775
15.024
12.610
9.104
15.481
11.533
11.576
18.663
9.567
16.911
14.920
16.386
11.093
11.910
11.735
14.860
15.139
12.858
12.765
12.374
14.182
15.839
9.496
11.576
15.232
12.292
16.450
10.814
17.040
17.424
12.257
11.278
10.312
11.776
12.241
16.290
11.100
14.507
11.758
16.920
11.995
15.255
10.847
14.904
12.147
12.498
10.223
12.450
13.461
15.928
13.976
13.909
14.109
13.530
11.873
10.683
13.043
9.303
16.959
10.691
17.134
13.107
13.160
14.270
16.949
12.442
18.069
10.811
12.362
9.183
9.227
10.535
13.285
11.906
13.867
12.618
11.007
15.102
8.807
16.598
15.749
12.721
11.233
15.014
11.717
11.883
11.220
13.799
18.319
14.085
15.255
15.760
14.683
15.991
15.789
10.577
12.471
16.822
15.692
10.541
13.740
10.718
10.402
14.721
16.986
14.381
9.645
12.418
10.808
12.795
15.125
11.425
13.805
9.015
9.721
12.255
12.027
9.687
11.127
11.025
17.290
12.407
10.649
9.902
