15.065
12.450
17.665
13.518
10.637
11.219
8.706
10.746
14.615
11.174
11.280
17.906
12.421
12.842
12.945
10.456
14.263
12.152
15.880
12.192
11.050
16.938
12.140
15.554
12.211
11.683
12.403
8.326
15.235
9.616
10.533
10.778
16.571
14.664
12.385
18.653
10.015
10.986
12.951
15.947
12.910
15.634
16.211
11.298
17.925
14.431
13.925
15.794
18.259
16.231
12.105
15.231
10.037
13.862
16.384
12.514
15.466
12.888
11.826
12.423
11.139
11.496
10.482
17.465
15.300
16.549
12.383
12.999
11.699
17.535
14.193
10.566
14.591
14.847
12.737
11.834
9.546
10.161
11.128
16.115
19.043
16.012
13.922
14.374
18.561
11.191
14.529
12.229
10.426
18.939
13.322
16.506
18.010
14.388
15.913
12.308
16.535
17.556
15.720
14.663
14.840
14.390
10.911
14.392
11.222
13.476
16.095
12.999
16.445
11.423
16.165
11.054
9.314
17.459
10.237
15.496
12.848
16.615
16.881
14.070
14.166
14.315
18.472
12.222
12.128
9.938
14.780
10.471
9.720
13.584
15.380
13.471
9.697
16.377
14.037
10.768
13.560
15.072
16.490
10.241
9.142
15.631
13.228
13.722
13.272
11.768
9.795
9.567
11.851
11.518
12.487
18.230
15.665
10.163
11.439
11.469
17.174
14.983
15.603
10.987
16.856
11.054
10.610
12.889
9.146
14.803
15.428
11.258
14.736
9.947
14.472
17.501
14.772
17.282
12.698
13.223
12.782
13.847
16.336
16.237
13.461
14.408
15.971
9.427
10.666
11.260
15.645
18.098
14.214
15.201
13.883
18.291
11.006
12.232
17.070
14.031
19.678
15.655
16.418
9.965
12.325
9.685
17.666
17.787
13.763
10.356
14.581
14.565
9.439
16.052
15.822
11.453
13.507
12.915
12.887
16.151
12.082
12.255
12.485
12.253
17.181
10.651
12.235
11.858
16.842
11.644
17.546
11.515
12.315
14.649
10.982
13.689
12.288
13.461
12.082
15.879
14.227
14.032
13.940
14.063
14.131
16.193
9.643
10.996
9.422
11.252
13.045
16.698
11.295
12.889
14.503
14.067
15.926
13.751
13.672
16.224
12.199
17.447
15.286
18.078
15.819
9.235
11.043
15.628
14.616
15.571
16.124
18.370
12.463
11.255
15.090
13.344
16.868
11.124
13.145
15.443
14.768
15.021
12.722
12.497
11.043
16.312
10.849
11.935
13.583
14.356
17.391
14.259
15.795
11.804
11.624
15.067
11.588
13.040
17.064
10.452
18.219
10.700
14.152
10.493
10.516
12.106
11.962
15.418
12.125
18.383
11.166
10.704
11.368
15.700
12.398
16.015
12.716
15.695
14.614
15.744
15.168
11.481
9.957
11.038
16.659
17.432
14.915
11.472
17.174
14.229
11.593
12.948
9.886
13.365
18.020
11.825
13.218
11.890
9.088
13.059
18.249
8.873
15.454
17.564
16.165
13.864
17.131
13.496
10.255
14.341
18.572
11.767
13.893
15.729
12.744
12.602
10.253
11.455
16.102
11.969
18.185
9.292
18.629
10.673
15.837
16.943
12.658
10.721
11.342
11.195
15.024
10.851
11.176
19.049
16.958
12.376
14.691
15.801
11.550
15.396
15.902
14.131
16.831
15.805
14.032
13.852
13.867
11.192
15.775
10.306
10.437
10.687
12.460
11.349
17.860
17.278
12.316
13.924
16.482
11.947
16.710
13.636
11.207
11.527
17.659
16.039
17.402
13.580
13.417
14.948
17.863
13.324
18.710
17.606
12.117
16.654
10.750
11.361
15.754
13.743
16.256
14.361
10.883
11.295
15.526
14.540
13.136
12.675
15.617
18.526
16.578
18.684
8.682
10.677
13.295
9.045
10.890
14.246
17.367
11.320
16.071
11.955
16.613
17.410
11.194
13.601
10.475
13.079
14.039
9.908
12.816
15.016
14.797
11.190
18.105
14.580
10.796
9.687
15.231
10.110
9.484
15.895
9.421
15.855
14.190
15.668
16.265
10.170
9.114
12.597
15.904
13.747
10.968
13.656
14.849
14.226
10.549
16.549
11.985
10.291
10.590
17.433
11.284
12.165
11.405
15.104
16.896
15.305
16.915
17.471
17.949
11.257
17.477
11.035
12.128
17.690
12.169
13.464
14.670
10.822
13.198
17.900
11.620
16.888
14.990
14.884
11.656
14.279
17.962
13.645
10.786
10.799
14.934
9.947
15.864
11.898
11.394
9.026
11.239
10.467
15.312
15.727
15.319
15.742
13.767
12.773
13.630
14.082
14.035
13.881
10.907
11.716
11.021
15.495
11.418
17.982
10.172
12.278
11.127
9.748
11.120
15.888
14.543
18.168
13.275
15.040
11.811
12.289
17.054
11.867
15.454
15.698
14.060
14.878
13.583
9.055
11.002
10.863
17.597
11.250
13.662
12.017
11.182
16.257
13.258
12.990
14.070
12.922
11.057
18.604
13.647
10.690
10.948
14.711
8.940
12.574
17.850
9.147
17.776
9.986
10.473
9.812
18.382
13.307
10.470
10.373
9.621
9.577
11.730
14.518
10.674
12.060
15.977
13.590
9.421
11.536
16.052
10.889
12.021
16.392
12.419
13.264
11.344
11.539
11.785
11.150
11.117
10.939
11.745
10.730
11.596
12.978
16.781
16.945
9.999
13.857
10.942
11.512
10.405
13.076
16.372
9.672
10.814
11.407
16.251
18.023
17.429
11.253
15.144
10.037
17.369
16.915
11.803
11.183
16.533
11.716
18.344
17.412
17.385
12.381
9.765
12.686
9.285
9.639
11.573
13.083
10.998
15.360
9.264
18.331
9.297
9.981
17.635
14.866
18.633
9.785
14.851
15.755
10.969
9.238
12.786
12.503
10.478
13.877
17.835
17.210
14.186
16.902
12.690
16.320
10.969
12.137
17.058
15.012
11.039
8.979
14.298
10.797
15.537
16.267
13.859
11.291
10.292
9.469
15.693
12.263
9.365
13.937
14.226
15.391
9.300
11.854
15.054
11.222
13.109
13.786
10.874
10.659
10.407
14.807
11.523
9.296
9.839
15.806
14.926
18.197
11.456
11.284
11.179
11.527
12.118
11.896
9.594
13.795
11.612
11.106
13.860
10.907
17.116
10.037
10.561
11.558
11.664
11.448
11.462
14.935
10.592
10.343
10.833
10.726
10.263
10.840
9.115
9.807
11.978
18.615
14.504
11.883
16.886
13.186
12.481
10.393
12.134
14.797
12.953
13.064
10.050
14.236
11.352
10.407
10.395
11.638
11.430
13.163
15.042
14.998
9.926
16.462
10.809
10.312
15.837
11.431
14.216
13.447
14.167
11.369
11.365
10.853
14.803
10.708
10.630
9.281
17.902
10.462
9.200
15.085
10.945
10.838
12.939
13.204
9.349
14.530
11.516
15.625
16.605
10.839
10.847
13.363
11.435
11.399
12.665
13.764
11.333
11.494
10.829
14.819
10.893
17.051
14.234
15.656
9.569
9.046
13.078
18.734
15.088
12.518
15.540
12.432
14.780
11.550
11.954
15.449
12.916
15.642
14.916
15.936
10.105
17.503
14.380
14.073
15.123
16.269
15.136
11.696
11.854
14.671
12.726
12.456
9.710
17.132
14.495
16.756
11.678
17.777
17.774
16.832
17.508
18.073
13.510
12.079
9.432
15.835
12.582
13.666
14.208
18.655
18.778
9.096
11.077
12.892
11.032
9.916
16.887
18.474
13.372
19.023
12.143
10.863
16.584
13.715
11.281
13.859
15.377
15.883
9.054
15.506
13.244
12.090
14.818
16.330
11.965
10.570
9.162
15.532
14.307
15.532
14.608
15.133
15.803
11.016
14.439
13.887
18.561
14.027
8.910
10.504
14.260
13.187
12.801
12.125
13.060
10.786
12.045
12.425
10.129
11.034
16.731
16.369
15.333
15.569
10.416
13.828
11.666
15.691
12.603
15.869
9.138
18.026
15.915
12.311
11.286
12.676
14.892
16.275
13.323
15.634
17.838
13.477
14.703
12.351
10.337
9.736
9.772
10.356
13.540
11.385
17.405
12.397
12.067
16.393
17.322
10.701
17.607
12.257
15.647
15.432
10.594
13.334
18.622
14.155
16.575
16.373
13.374
13.734
10.175
10.302
18.469
14.116
13.201
14.320
14.730
16.675
14.125
10.411
14.530
18.860
14.847
11.943
16.533
15.834
11.077
10.069
12.191
12.368
16.058
15.368
13.864
14.067
18.472
11.655
15.076
9.655
15.119
15.821
14.797
10.749
9.631
11.549
13.876
13.313
12.176
14.191
17.281
10.010
15.554
10.770
12.406
12.028
11.991
14.693
12.669
9.303
16.207
10.064
16.295
14.110
11.158
10.346
9.942
11.039
13.240
17.874
12.537
11.667
13.735
15.075
9.806
11.915
12.078
11.139
12.630
12.942
11.303
11.785
14.107
14.666
12.739
11.555
16.914
10.237
14.096
15.638
14.719
13.987
9.890
13.493
14.298
13.481
18.395
17.176
10.854
10.021
17.742
13.644
15.651
17.562
18.424
17.904
14.749
17.394
14.517
13.009
13.124
9.806
15.480
11.374
10.320
9.966
14.434
15.289
18.761
11.935
10.887
9.751
12.381
8.708
11.584
13.022
12.100
14.255
11.650
13.128
14.543
10.781
16.300
13.136
10.089
17.100
15.857
10.996
15.034
13.718
10.674
17.818
14.513
16.053
15.477
16.287
12.326
12.208
16.128
17.127
17.645
13.621
9.051
16.095
12.408
10.334
9.016
11.575
13.477
15.599
15.681
14.604
12.658
19.015
15.539
14.665
14.193
11.289
16.758
16.148
18.391
12.746
15.269
11.149
11.773
10.960
10.720
11.674
11.738
13.339
12.657
14.048
10.527
10.166
16.895
13.013
8.661
15.191
11.374
11.041
12.875
17.986
14.396
11.448
12.659
12.460
15.308
9.902
14.722
15.474
11.140
11.322
9.738
19.674
13.270
14.413
16.315
16.443
14.904
14.847
13.715
14.800
9.252
9.256
11.246
11.162
