11.172
11.346
10.529
10.595
10.109
9.428
11.101
10.564
8.811
9.145
11.111
9.839
10.630
9.389
9.544
8.923
10.728
9.953
9.023
10.801
12.136
9.649
10.828
12.771
8.974
9.782
9.904
11.438
9.303
13.657
10.678
10.483
11.097
10.670
9.888
10.464
11.054
8.965
10.595
9.326
10.582
12.368
9.191
11.524
10.107
9.859
13.071
8.818
9.386
13.105
10.335
9.901
11.045
10.796
11.686
10.428
11.575
10.541
9.757
10.264
9.261
10.454
9.694
11.563
11.477
9.259
9.602
10.263
11.500
10.519
9.988
9.050
10.563
9.022
8.823
9.395
9.523
12.056
8.861
8.224
10.298
10.867
9.544
10.734
8.374
11.094
9.385
9.665
9.623
9.927
9.389
11.972
9.804
11.876
11.207
11.205
8.655
10.841
11.962
11.281
13.164
9.703
10.098
8.645
9.671
8.757
9.060
9.293
9.592
11.847
10.707
9.738
9.451
8.946
10.465
9.777
11.204
10.114
9.511
10.300
10.375
8.911
9.081
10.675
11.186
12.301
9.783
11.135
8.036
8.771
13.526
9.877
9.338
9.269
10.240
11.370
9.642
8.780
9.536
9.013
9.067
11.386
8.710
9.537
9.257
9.473
10.344
10.728
11.366
9.537
12.219
12.191
10.796
9.226
8.719
9.843
10.474
9.058
11.390
9.434
8.700
10.610
8.636
11.270
11.390
12.525
9.426
9.546
9.023
9.341
9.784
10.760
11.720
12.124
9.434
8.453
11.115
10.169
9.542
10.690
8.882
9.718
9.984
8.623
9.814
8.761
10.834
9.493
10.209
9.193
9.853
9.071
8.135
10.050
12.763
9.806
10.014
10.572
10.609
8.547
10.912
9.978
9.429
8.906
13.179
10.090
9.039
10.092
9.439
9.617
9.902
9.602
9.543
8.087
9.815
9.331
9.050
11.508
9.396
