16.976
17.721
18.123
18.659
18.678
16.949
16.858
17.673
14.073
16.833
19.338
16.398
15.290
13.975
13.765
11.016
9.814
17.762
13.311
15.273
11.058
15.985
13.392
14.615
11.354
10.972
10.139
16.758
17.128
14.337
16.784
12.255
18.456
14.764
14.791
12.268
17.513
11.851
10.687
13.568
10.125
11.643
12.732
15.679
14.793
10.123
10.171
13.328
12.363
14.080
14.237
14.185
13.412
18.063
12.370
14.619
10.992
13.425
15.370
14.310
11.074
13.956
13.007
10.831
12.072
11.107
11.187
12.003
10.785
17.729
14.217
17.801
9.844
10.501
10.115
10.523
12.015
16.499
11.491
14.297
15.014
11.841
18.931
11.552
14.862
9.293
12.208
16.818
11.505
15.240
13.918
15.737
12.599
11.534
14.857
14.326
12.931
13.738
16.507
11.116
13.862
16.845
11.267
9.372
11.252
17.719
16.088
17.722
16.632
10.164
13.718
10.176
10.376
15.529
14.311
11.816
14.712
16.174
15.658
17.456
13.702
19.623
15.785
11.981
13.766
16.373
9.449
11.995
12.541
11.828
18.497
16.038
17.450
9.326
11.790
15.210
13.031
16.497
16.112
9.367
12.159
11.104
11.174
14.465
13.539
14.084
12.381
14.254
11.028
13.132
13.064
11.674
9.733
11.135
11.907
18.722
12.820
15.686
13.563
11.875
16.364
17.379
11.020
12.511
12.496
15.098
15.535
17.493
12.607
13.305
11.025
16.934
16.518
9.883
15.780
12.674
10.811
15.710
13.006
16.608
13.148
15.081
16.256
10.468
15.621
16.798
17.566
17.167
16.791
11.561
17.972
13.986
12.819
9.992
16.251
14.966
16.879
14.505
15.339
15.642
10.356
9.703
12.493
10.309
10.412
15.359
17.879
12.851
13.906
11.321
11.195
10.557
10.503
18.809
13.637
13.900
13.038
16.762
13.364
12.938
9.327
12.348
12.396
10.590
16.892
12.810
12.275
9.768
13.264
11.587
12.256
10.162
12.084
14.168
10.049
12.463
14.970
18.408
12.620
13.010
14.800
13.433
11.112
13.535
12.671
15.110
11.462
16.256
10.556
11.912
13.483
18.683
18.744
13.734
16.730
11.184
15.997
10.314
12.166
10.897
17.619
12.546
16.053
12.604
13.697
12.671
9.510
10.573
11.302
13.440
12.048
10.739
13.136
10.785
12.879
11.319
17.670
18.923
15.443
11.704
14.819
13.474
11.313
12.258
10.597
13.732
14.075
12.184
15.194
15.611
15.508
17.985
12.739
16.805
16.896
17.452
9.758
16.727
11.062
13.533
11.864
16.696
9.677
14.431
12.824
17.235
14.718
14.389
9.219
12.477
16.208
12.535
14.634
11.843
17.194
14.678
10.699
11.385
10.904
11.329
10.860
14.436
15.634
11.240
17.325
12.439
11.600
15.698
16.624
15.169
12.114
12.001
12.100
16.245
14.006
16.020
11.382
10.143
18.229
9.741
18.493
16.597
14.116
18.411
10.825
17.493
18.227
10.661
16.223
9.936
16.198
12.726
12.046
15.366
16.515
10.690
15.739
13.468
18.458
17.608
14.034
17.528
9.085
11.493
13.218
12.386
13.886
17.751
15.552
11.049
19.435
11.898
16.061
14.274
9.792
17.130
12.029
15.870
11.277
10.941
11.725
9.406
15.657
11.324
13.693
12.744
14.972
18.276
18.013
11.032
16.302
8.941
17.445
12.610
14.153
17.261
11.574
18.855
16.495
17.839
16.625
13.949
16.312
11.217
11.888
13.189
12.929
12.514
11.713
12.646
12.429
17.950
12.060
15.156
9.851
10.632
13.935
12.474
11.473
18.175
12.909
12.802
12.303
8.941
10.967
16.933
17.211
11.369
16.957
13.244
15.886
11.313
15.449
13.999
13.961
18.004
13.606
16.777
16.096
11.978
11.925
9.680
18.911
15.289
17.564
12.636
11.046
13.610
12.511
11.180
11.455
12.169
10.567
12.289
10.854
10.680
17.073
17.039
11.673
12.507
13.586
13.166
10.922
11.326
14.145
17.680
9.580
11.311
14.088
18.137
12.552
9.115
14.961
14.823
11.502
15.530
13.574
13.857
13.827
16.126
12.858
14.794
13.082
16.692
9.956
12.814
10.590
11.377
10.352
16.027
16.094
13.291
10.223
12.679
12.131
16.117
11.694
16.189
18.150
18.291
11.761
10.998
13.809
17.513
11.796
15.336
17.918
19.064
11.193
15.852
13.737
15.727
11.161
17.463
11.629
15.526
17.491
14.122
13.246
9.551
12.032
12.347
13.008
11.337
13.294
10.116
10.319
11.569
15.625
10.634
13.578
17.347
11.586
14.072
16.316
12.896
10.577
14.052
13.471
11.485
15.657
13.426
14.569
17.471
12.280
15.306
11.242
11.082
11.366
12.579
16.459
12.100
15.441
14.520
12.758
12.796
13.999
12.165
12.800
17.466
11.490
13.032
10.787
16.938
11.319
14.540
16.380
15.721
17.277
13.771
12.164
17.211
18.026
11.461
15.729
14.900
13.863
13.568
13.191
17.852
10.946
12.194
18.171
12.593
15.738
13.870
13.277
12.074
11.958
12.152
17.826
10.987
17.251
10.671
12.227
16.202
14.535
13.167
12.094
10.943
11.583
11.469
11.843
11.134
14.786
15.248
10.812
10.204
10.536
17.329
11.096
17.152
14.830
12.832
13.228
11.416
9.840
15.907
11.915
12.277
13.494
13.148
15.252
13.305
12.363
16.534
15.412
10.500
11.032
11.433
10.915
12.297
17.015
11.481
9.665
11.650
17.035
19.479
15.552
10.189
10.230
9.733
11.906
16.389
16.448
11.102
12.586
12.432
12.018
11.980
13.772
14.728
11.117
15.999
14.736
15.812
14.679
10.821
11.150
14.057
12.086
11.895
11.772
11.797
11.825
10.506
11.621
11.658
10.967
10.610
14.498
13.114
10.942
11.683
11.639
10.785
10.659
9.970
11.085
16.105
10.100
15.331
10.800
13.004
12.480
10.306
11.104
17.477
12.079
10.951
17.021
9.704
12.333
13.664
14.963
19.634
14.212
17.809
8.913
16.843
15.710
10.783
10.520
16.336
11.688
13.353
9.935
13.754
11.722
9.107
9.088
10.544
14.335
10.878
16.748
11.714
12.634
11.375
15.516
13.334
17.490
13.689
14.233
13.827
9.489
15.861
13.509
13.798
12.116
15.303
10.966
15.768
10.635
13.038
12.117
16.238
11.136
11.592
16.603
10.995
14.869
12.087
17.446
16.058
9.805
12.769
13.247
16.527
11.457
11.883
11.560
15.615
12.126
15.312
16.821
9.510
12.994
11.454
13.261
15.292
17.048
13.998
12.342
12.580
18.317
11.151
9.974
15.465
18.263
12.417
12.910
10.645
12.968
11.634
13.161
12.579
12.143
12.259
11.619
10.088
12.720
12.754
16.850
15.741
12.974
11.212
11.451
10.071
15.244
12.590
10.649
13.583
11.626
12.158
15.641
19.734
11.100
16.479
10.681
11.730
11.317
10.623
13.816
15.460
15.496
10.984
18.065
11.824
16.071
11.749
15.371
10.429
16.654
12.962
14.319
15.082
13.924
9.294
9.547
9.576
13.614
10.376
10.212
14.043
9.338
16.472
12.503
11.305
16.507
11.131
11.744
16.513
13.110
16.427
16.681
14.219
10.195
14.885
14.956
13.923
11.056
13.974
15.076
10.079
10.392
10.126
15.874
9.517
18.027
16.082
19.195
12.684
12.439
15.503
17.217
11.354
14.954
11.696
10.230
12.969
18.866
10.463
13.796
19.762
11.244
10.728
13.022
16.335
12.040
14.242
11.557
10.437
12.131
14.429
16.077
10.272
12.968
12.543
10.035
10.120
14.198
11.050
12.385
15.230
17.425
10.991
16.697
10.629
10.899
14.864
15.774
9.993
16.571
10.798
10.481
10.803
15.062
11.059
12.259
15.897
15.540
10.230
15.043
17.055
12.108
12.674
11.197
14.527
11.869
15.976
12.193
9.741
11.811
14.167
12.903
12.284
13.157
16.565
8.938
11.000
11.581
16.066
14.275
14.941
9.551
12.749
14.275
9.893
14.809
15.798
12.388
14.010
17.689
15.005
17.962
10.674
18.098
14.922
10.339
10.276
12.609
11.788
10.505
9.551
10.632
11.074
9.121
10.574
14.906
10.769
10.743
9.648
10.813
11.215
12.946
12.269
14.034
14.483
13.111
11.523
16.100
10.874
14.405
10.614
10.924
17.210
11.462
13.413
16.427
14.299
12.176
12.110
12.197
10.971
19.665
15.358
9.602
13.346
13.885
14.416
9.940
15.896
10.827
10.654
11.726
12.915
10.235
14.556
10.368
14.572
9.611
15.123
10.876
13.022
14.729
11.660
13.391
10.605
18.532
16.495
14.731
16.103
12.993
17.129
12.170
11.522
18.532
9.907
14.450
11.638
14.367
10.752
12.126
11.020
18.085
11.092
11.224
11.275
11.112
11.659
13.006
15.405
15.029
12.283
13.636
12.209
10.220
15.178
11.468
11.656
10.139
10.519
15.335
19.200
16.900
9.951
16.718
15.133
10.566
15.271
11.970
16.794
15.627
14.557
18.066
10.050
12.322
14.644
14.974
10.608
11.978
14.659
10.932
15.745
12.401
16.073
12.544
13.050
15.811
16.584
12.108
11.967
10.335
15.808
11.123
10.915
16.442
16.076
15.491
17.328
10.468
12.267
9.435
10.730
13.728
17.380
10.955
13.420
11.390
12.233
17.472
17.357
15.744
11.390
15.177
14.274
13.756
10.881
13.940
11.763
16.168
12.728
18.975
10.627
16.779
10.012
18.743
11.973
13.121
16.510
13.740
11.338
9.535
11.460
16.579
12.305
15.098
17.778
10.941
12.976
10.645
9.929
16.964
13.012
13.468
11.955
15.859
15.939
13.266
15.661
9.034
16.628
10.771
16.451
12.434
11.412
15.194
17.394
16.077
12.580
14.727
15.900
11.331
14.341
17.016
11.923
14.197
11.339
15.798
9.417
17.457
14.909
17.351
12.112
11.431
17.958
13.394
17.992
13.065
15.935
14.605
13.041
18.269
14.039
11.125
15.720
11.338
15.147
15.559
13.768
11.117
10.189
11.367
18.196
17.082
15.166
9.654
18.423
14.116
14.425
8.609
15.270
12.749
16.243
15.451
17.143
11.424
17.819
10.390
10.574
14.880
17.085
11.221
16.185
15.788
12.555
12.381
16.077
9.980
14.819
9.282
15.405
12.327
10.936
10.566
13.292
18.636
11.017
14.120
17.004
9.470
11.678
12.413
14.740
16.259
15.904
15.413
12.257
12.595
10.799
11.624
9.972
14.477
11.807
12.897
11.589
11.079
17.007
17.300
14.576
19.450
15.113
8.580
12.696
10.664
14.525
10.288
12.334
16.688
15.839
17.698
17.899
14.767
14.521
13.966
10.643
10.856
14.788
11.079
17.699
19.150
15.619
16.597
16.252
10.049
15.165
13.133
14.040
12.423
15.582
11.390
17.903
13.491
9.890
18.375
12.566
12.307
14.819
17.166
15.086
18.177
13.085
12.111
12.155
12.982
17.611
12.401
13.282
14.746
10.145
14.699
17.670
18.222
8.964
10.599
9.523
11.498
15.053
14.431
14.588
10.290
16.320
10.986
17.975
9.297
13.710
12.789
13.979
12.549
16.800
15.074
9.363
16.806
9.898
13.374
17.684
17.122
15.287
16.079
11.920
8.626
15.320
12.360
11.580
12.872
15.010
13.766
16.500
16.696
12.295
11.231
11.743
18.174
18.413
16.943
14.919
16.943
18.166
12.756
12.745
11.153
11.095
17.322
16.895
16.000
14.964
14.674
10.281
14.144
13.168
14.057
17.338
16.106
10.611
14.736
17.954
12.207
14.330
11.678
14.018
10.187
10.250
15.490
16.901
11.761
15.262
18.511
17.159
15.250
10.917
9.442
16.667
13.691
11.874
10.266
15.920
10.466
13.790
13.190
11.690
13.275
17.384
16.955
19.482
10.985
14.671
12.186
13.742
16.673
18.010
15.735
12.979
11.279
18.402
15.948
16.563
16.661
9.238
16.863
17.810
11.545
17.172
13.993
15.552
16.202
11.056
10.045
13.130
10.244
16.452
17.631
12.600
11.338
10.577
9.973
13.529
15.746
12.829
14.546
13.203
14.894
9.425
15.351
15.712
11.685
9.263
17.657
14.405
15.209
16.641
17.033
11.672
16.488
11.568
14.587
9.304
11.285
18.067
11.283
11.376
18.071
15.359
13.467
13.596
12.246
18.146
16.409
19.104
14.916
16.779
14.156
13.635
15.074
11.695
13.164
16.377
11.827
10.273
11.699
17.824
13.925
10.249
12.788
12.949
18.318
18.744
10.305
10.103
11.765
16.683
14.225
11.545
10.999
10.732
12.718
11.091
14.035
9.834
16.319
8.922
13.818
14.965
12.962
9.730
13.581
16.594
11.475
10.493
12.764
12.932
13.988
13.508
10.520
14.508
13.413
13.561
11.256
17.781
13.419
11.613
10.664
11.721
17.527
14.200
9.787
16.478
14.869
15.492
13.747
17.738
16.285
11.611
13.336
16.538
17.939
18.247
14.968
16.885
12.052
17.200
15.459
9.622
11.420
14.185
14.125
11.237
15.249
11.208
11.467
10.447
12.379
10.240
14.095
12.619
15.962
17.354
14.438
12.027
16.485
11.516
11.906
14.254
12.313
13.381
11.107
18.870
18.434
13.944
15.300
16.108
17.319
14.350
15.407
15.216
14.943
15.802
16.355
14.824
13.521
9.009
13.606
17.236
11.197
16.917
9.917
10.951
10.451
15.538
12.197
10.297
15.670
15.204
10.717
14.504
11.607
11.469
17.748
15.743
12.798
15.622
16.199
16.632
10.833
15.625
15.653
17.398
11.534
15.818
14.609
11.098
12.980
9.663
12.941
17.903
12.360
14.538
12.214
18.790
8.988
14.571
15.631
18.911
15.572
17.159
18.131
10.243
8.962
15.824
10.070
10.663
17.511
18.641
11.911
16.410
11.192
14.388
10.040
13.359
14.863
10.547
11.926
10.096
10.906
9.886
12.655
17.697
13.728
16.003
12.463
13.964
13.502
12.266
9.974
12.817
17.155
12.953
14.545
11.243
11.379
11.396
16.437
12.823
17.613
11.478
14.960
11.256
11.226
14.783
18.755
11.351
11.554
11.195
11.273
13.917
16.028
16.052
15.368
16.510
18.055
11.203
10.250
15.606
13.472
13.587
11.391
10.999
10.439
13.873
12.287
10.200
13.925
12.985
16.045
11.271
11.211
11.277
11.215
16.670
18.302
12.389
11.987
14.376
17.602
17.348
12.122
10.236
10.583
9.703
12.733
18.574
15.266
17.468
11.172
11.302
12.879
15.021
9.035
19.013
15.702
13.751
14.193
17.029
18.969
17.439
11.128
12.609
13.596
13.219
18.005
16.437
16.246
13.031
11.085
11.142
10.919
16.427
16.945
16.356
17.067
12.958
10.612
14.828
10.919
10.587
15.729
12.033
13.542
12.794
10.498
12.097
10.408
10.288
17.076
17.189
14.306
15.236
10.362
12.440
18.460
13.278
16.613
14.884
17.339
10.702
15.141
18.499
14.936
17.998
15.831
15.764
18.380
9.943
9.745
12.731
17.748
15.553
12.064
19.515
10.538
15.851
11.469
15.194
17.105
15.573
11.701
10.412
14.135
12.124
12.069
11.614
10.005
15.252
14.754
12.541
11.118
14.574
9.123
9.402
11.651
18.239
14.699
13.433
15.577
15.392
10.856
10.154
12.337
12.345
12.350
11.646
12.481
10.098
18.107
9.686
12.116
14.343
12.510
12.094
10.496
11.193
11.271
16.874
16.803
10.286
12.977
12.978
12.073
11.781
12.478
16.652
15.641
10.981
11.156
14.941
12.175
11.496
10.835
11.610
14.884
10.087
9.460
18.449
15.139
14.287
12.673
10.844
10.393
11.967
11.418
10.680
10.697
11.535
11.307
11.473
10.165
10.225
9.930
11.289
10.686
10.754
9.945
9.986
9.156
9.230
9.879
10.534
10.432
10.407
9.367
9.203
9.956
16.306
17.403
14.059
13.786
17.136
10.148
12.788
12.424
9.423
