18.792
13.768
8.819
10.208
12.221
9.444
10.515
8.521
9.337
9.431
10.048
9.221
9.789
10.279
9.624
10.450
9.458
10.174
10.148
9.290
9.978
9.201
9.233
9.721
11.455
9.211
9.125
9.873
11.389
9.536
8.647
14.121
9.176
9.223
9.632
8.702
9.051
9.511
9.750
10.479
10.684
9.968
9.658
11.838
10.291
9.087
11.564
8.924
11.321
8.594
9.421
9.812
9.686
9.658
9.296
9.316
9.664
9.025
9.420
10.607
13.347
9.149
9.041
9.246
10.266
10.598
10.671
11.842
10.978
10.717
11.053
9.027
9.355
9.565
9.883
9.086
9.082
10.302
10.879
9.777
10.992
9.745
13.773
10.513
9.069
9.132
10.012
10.284
10.506
12.542
12.495
9.319
9.292
11.346
10.377
9.051
11.991
10.553
10.975
11.899
13.079
9.669
10.050
9.066
10.649
10.222
9.613
9.900
11.278
11.062
12.674
11.712
9.587
10.052
9.914
12.180
12.320
9.760
10.469
11.516
9.576
10.277
9.782
16.563
10.020
12.400
8.897
11.550
11.011
9.154
13.988
11.340
10.123
8.836
12.325
8.720
11.301
10.909
9.103
11.250
11.086
11.661
9.059
9.407
11.347
12.417
8.937
11.808
11.293
9.341
11.500
10.871
13.494
9.951
10.078
8.405
9.136
10.945
11.050
10.882
14.003
9.729
10.119
11.618
9.709
10.990
9.104
8.889
11.823
9.838
9.725
12.033
11.461
8.652
9.720
9.543
10.787
11.899
9.495
9.471
9.015
8.670
11.063
9.277
11.040
9.293
9.110
9.664
9.105
9.279
8.596
8.765
11.719
9.536
8.996
9.643
9.471
13.185
12.913
9.823
9.566
9.293
10.933
8.874
10.764
9.339
10.090
13.542
11.042
11.628
10.566
9.366
9.487
9.225
11.660
9.212
13.034
9.978
12.237
10.930
10.270
11.443
10.673
11.133
10.711
9.176
10.306
13.400
9.800
12.531
9.552
8.843
9.538
10.611
12.387
13.417
9.256
12.161
9.366
10.789
9.090
11.205
11.182
11.256
8.759
8.898
15.636
11.802
9.854
9.194
10.103
9.058
10.037
10.421
11.559
11.670
8.994
10.152
12.259
9.922
9.382
10.225
10.036
12.156
11.261
8.896
11.524
10.761
12.634
11.326
12.254
16.414
10.949
10.163
9.085
9.351
11.256
8.667
10.139
8.742
10.305
9.718
10.361
9.767
11.132
10.583
10.086
11.044
11.511
9.946
9.192
9.622
12.905
10.991
10.352
9.132
9.401
9.096
9.303
8.839
9.585
9.298
11.574
9.100
8.995
9.351
8.676
11.682
9.692
9.049
9.219
11.276
8.867
10.639
11.694
8.752
9.967
9.604
13.227
10.970
10.443
8.812
13.174
11.456
10.278
11.312
9.452
11.892
12.807
16.188
9.423
11.191
11.041
15.442
10.557
10.069
17.296
10.800
10.421
9.701
8.749
9.568
10.028
8.699
9.573
11.063
10.266
10.439
13.290
9.207
9.808
11.548
11.624
11.691
9.203
9.199
9.543
9.478
9.573
10.495
11.098
10.388
9.480
11.821
10.776
12.832
10.559
9.428
10.683
11.161
9.681
9.584
10.228
11.350
13.432
11.265
10.025
8.882
10.576
12.391
10.243
9.968
9.385
8.827
11.828
10.443
9.572
9.571
9.617
11.264
11.709
12.326
11.455
9.356
8.920
8.489
13.930
10.798
11.269
9.292
12.152
10.498
11.613
10.445
11.416
9.152
10.086
9.074
9.533
9.975
12.356
11.486
9.465
12.818
12.110
18.344
11.743
9.463
11.155
10.845
12.596
10.529
11.129
10.034
11.624
8.946
9.952
11.951
11.722
9.148
11.065
9.308
8.882
12.357
10.438
11.438
9.644
10.839
11.281
12.379
12.153
13.338
9.640
11.787
9.889
10.315
10.311
14.109
11.918
11.018
12.141
10.494
11.291
8.904
12.953
9.638
10.660
10.055
12.429
14.910
12.312
9.520
11.708
10.337
9.327
12.002
11.287
11.534
13.459
10.139
11.942
9.693
10.159
13.326
9.937
11.238
8.906
11.092
9.740
14.101
14.303
14.626
8.904
9.778
11.044
10.396
10.505
10.250
8.982
10.701
11.771
9.952
15.277
9.002
14.107
9.596
10.384
9.354
9.626
