11.650
16.619
12.239
11.922
12.204
11.886
8.914
9.374
10.704
9.077
17.644
12.193
14.155
13.109
9.961
12.519
11.771
8.531
8.530
11.287
11.275
13.544
13.594
11.133
11.158
10.501
9.861
11.625
15.526
10.630
12.143
9.684
12.635
15.371
10.465
17.836
9.667
14.669
10.400
15.098
12.765
14.803
14.196
12.092
13.394
10.709
9.919
11.923
14.178
12.508
13.828
12.643
16.119
13.953
12.035
9.654
9.507
11.711
10.507
16.123
12.227
17.088
12.634
12.365
15.403
16.140
10.523
12.891
14.693
17.259
9.926
10.502
13.390
17.572
9.304
12.317
10.436
13.871
9.702
11.075
9.786
16.006
13.971
12.496
11.720
12.132
13.515
9.247
13.473
13.376
14.909
13.577
16.177
12.696
9.799
12.006
13.848
11.990
16.061
11.287
11.710
10.428
11.490
10.344
9.621
14.927
13.526
9.923
11.068
14.883
13.767
14.505
14.691
11.512
10.555
12.510
9.439
10.387
9.778
10.351
12.674
9.123
16.372
12.284
12.939
10.948
13.854
9.501
9.033
10.114
15.731
12.767
16.962
15.569
10.644
8.830
14.106
13.602
11.176
14.059
14.019
20.187
13.435
13.029
12.978
13.573
8.863
12.748
13.782
15.464
13.727
9.420
15.018
16.427
9.465
9.073
15.540
15.241
13.283
13.346
8.997
9.718
10.242
11.868
9.400
10.508
17.337
16.238
14.851
10.695
10.331
9.142
18.695
8.952
9.091
9.776
10.773
15.479
9.480
9.898
11.870
11.399
9.246
11.891
11.424
12.152
13.655
10.448
8.494
15.804
13.322
11.952
10.279
11.737
9.849
11.169
16.182
15.245
12.921
8.898
14.858
15.591
9.959
15.135
14.866
11.830
15.158
16.183
12.928
13.960
11.519
16.845
11.875
13.942
13.571
12.980
13.283
11.484
10.469
16.720
12.272
10.323
14.786
14.754
10.119
9.207
10.446
18.008
17.989
10.201
10.873
12.163
14.260
14.234
9.092
13.869
9.650
9.950
12.345
11.244
9.851
9.343
14.838
12.324
13.046
12.710
18.186
17.226
13.138
10.552
12.806
16.641
10.499
13.638
16.670
15.502
15.051
9.996
16.577
11.824
10.744
16.912
13.035
17.610
9.107
18.124
10.557
8.998
10.884
8.779
13.896
9.789
8.873
9.034
15.514
9.110
11.297
15.230
10.849
9.442
16.917
15.210
10.132
11.057
14.176
10.757
10.463
11.344
12.763
12.971
11.290
14.222
10.322
13.662
15.677
18.479
11.210
15.584
12.404
14.157
10.426
12.838
9.407
16.247
10.241
8.800
15.449
13.125
11.995
8.806
11.987
9.401
12.987
11.274
11.963
17.475
9.120
12.235
15.645
11.628
12.933
12.113
9.873
9.917
8.972
10.716
14.548
16.013
8.766
9.879
13.104
14.567
16.302
10.903
11.453
14.116
12.821
13.091
9.454
14.450
9.227
12.176
10.011
16.930
13.801
12.183
13.804
