11.538
17.124
16.008
10.468
11.574
10.530
11.278
13.621
15.506
9.112
10.871
9.458
14.077
10.487
10.625
10.621
12.873
10.909
12.523
11.884
11.257
13.564
15.032
10.578
10.389
14.776
10.980
11.741
11.485
15.149
11.723
14.441
9.452
9.624
12.064
11.287
10.717
10.106
13.490
14.497
14.917
16.477
16.188
10.705
11.456
19.167
11.532
12.606
9.968
12.190
13.364
10.822
11.510
11.924
10.454
16.210
10.099
11.698
11.507
11.103
10.095
8.717
11.115
11.858
16.389
10.254
15.607
14.068
11.487
15.303
9.626
12.246
11.234
9.329
12.856
10.770
18.706
10.853
11.247
10.256
11.288
10.220
17.555
13.242
13.169
17.530
11.852
9.165
16.572
11.340
10.410
11.125
11.249
14.567
10.346
14.191
10.197
11.105
15.680
9.792
9.042
14.279
10.165
11.947
11.063
11.068
14.819
15.229
11.249
9.444
17.951
11.195
10.473
13.760
11.683
11.728
16.647
15.678
17.485
11.688
9.657
10.417
16.132
14.814
16.420
18.647
12.079
15.056
18.021
15.891
16.693
17.402
10.722
13.974
14.014
10.782
10.503
17.962
10.147
12.752
11.718
19.702
10.892
13.640
11.952
12.092
16.659
10.102
13.652
11.732
13.729
9.495
11.266
14.962
15.902
13.956
10.887
9.283
12.995
15.599
15.394
10.858
9.713
13.890
10.286
13.005
11.108
15.155
9.740
10.944
12.080
11.000
9.310
14.865
9.888
10.739
10.690
10.823
11.001
9.482
9.065
11.907
11.773
15.395
9.947
9.268
10.446
12.955
12.453
14.148
10.875
9.642
13.605
15.016
9.777
13.769
12.158
15.252
12.871
13.209
9.329
18.297
12.423
16.127
13.505
10.782
8.793
11.085
9.013
12.528
10.304
13.315
9.445
11.615
14.224
10.459
13.884
8.765
10.945
15.698
9.887
8.859
13.724
12.777
12.395
12.291
18.276
15.822
17.955
14.718
11.868
11.815
16.397
17.491
18.704
11.130
18.014
11.974
13.524
9.429
12.523
15.256
9.017
8.978
12.475
11.807
11.121
10.661
10.600
8.461
10.073
11.869
10.684
10.277
12.291
10.500
11.190
12.397
12.117
19.011
15.926
12.888
11.056
9.889
10.481
11.252
10.976
11.023
10.720
16.549
18.131
10.022
13.427
12.767
11.345
13.612
10.786
15.180
12.208
9.720
14.296
10.678
9.623
13.958
11.088
10.926
13.215
8.732
9.346
10.640
12.074
10.550
11.435
10.711
17.200
15.818
17.001
9.909
11.709
12.489
14.395
11.872
13.736
9.604
10.087
9.711
9.890
9.514
9.623
9.939
12.396
13.233
14.203
18.646
8.228
10.307
13.427
9.386
10.542
10.713
11.593
12.806
9.908
11.463
15.106
10.753
17.282
13.872
13.814
10.999
10.850
11.466
11.043
15.394
8.700
15.935
11.352
9.197
10.437
16.428
11.726
9.851
13.973
15.546
9.257
12.844
14.892
11.079
10.203
10.496
11.804
15.722
11.025
13.915
11.074
11.163
15.032
10.940
12.583
14.270
10.448
15.128
13.270
14.592
11.281
13.882
13.168
12.444
15.533
11.399
10.983
10.590
14.702
15.442
10.145
15.239
11.135
12.032
17.749
10.690
12.301
11.165
12.550
12.829
15.253
9.280
16.022
10.651
15.986
14.918
10.987
11.518
11.539
12.029
11.954
10.218
9.889
17.163
12.861
12.697
12.652
9.157
14.344
10.698
10.916
11.205
10.830
14.191
18.759
10.226
10.388
15.675
18.057
10.740
13.651
15.996
13.601
9.355
9.829
9.668
9.958
9.267
9.341
9.512
9.457
16.040
11.537
11.719
10.245
12.171
10.994
9.651
14.624
11.925
11.866
11.479
12.681
14.434
13.478
9.544
14.667
10.253
11.223
12.565
9.744
12.929
16.228
11.021
10.250
10.445
17.333
14.981
9.748
10.744
13.481
11.634
10.439
10.360
10.370
10.649
10.555
15.868
9.470
9.068
10.969
9.629
9.095
11.763
11.007
14.266
10.613
15.391
10.267
11.443
10.040
11.386
18.095
11.259
10.420
10.076
10.739
10.313
13.741
11.045
10.949
11.131
12.142
12.004
10.464
9.668
9.426
16.373
11.229
12.332
14.245
12.767
12.972
16.189
11.067
17.181
10.210
18.674
9.946
13.433
10.698
13.899
14.660
11.324
11.451
13.544
10.392
9.953
11.550
11.460
8.977
18.462
10.657
12.185
12.526
18.398
11.869
10.015
10.420
10.020
10.884
