3.830
3.479
3.646
3.132
3.285
3.178
3.430
3.264
3.683
3.076
1.923
3.587
3.909
3.916
2.485
3.783
2.871
3.645
3.193
3.801
2.926
3.092
3.714
4.039
3.738
3.993
2.998
3.565
3.818
2.408
3.550
3.016
3.301
3.912
2.975
3.508
3.736
3.859
2.329
3.694
3.155
3.682
3.290
3.385
3.582
3.686
3.355
3.791
3.124
3.586
3.403
3.296
2.704
3.677
3.065
3.074
2.719
3.725
2.951
3.330
3.282
2.731
3.460
3.046
3.475
3.204
3.087
3.228
3.768
3.355
3.964
2.399
2.614
2.735
3.408
2.722
3.483
3.512
3.140
3.847
3.148
3.895
3.814
3.588
3.626
2.654
3.753
3.370
3.812
4.057
3.121
3.629
2.514
3.147
3.603
4.065
3.357
4.011
3.678
3.368
2.866
2.461
3.228
3.601
3.108
4.091
2.770
3.344
2.905
2.579
2.836
3.075
3.057
3.504
3.589
3.710
3.011
3.790
3.618
2.600
3.951
2.354
2.952
2.681
2.273
3.250
3.561
3.879
3.565
2.895
3.300
3.686
3.660
3.724
2.672
3.156
3.881
3.442
3.868
2.847
2.482
3.653
3.344
3.644
3.588
3.793
3.731
3.570
3.045
2.494
2.873
3.225
3.074
3.574
3.389
2.287
2.626
3.513
3.476
2.935
3.109
3.915
3.880
2.598
2.353
4.131
3.412
3.651
3.959
2.388
3.115
2.895
2.903
3.470
3.298
3.136
3.300
2.414
3.671
3.871
2.826
2.853
2.838
2.823
2.786
2.782
2.787
3.378
2.877
2.946
3.193
2.616
2.176
3.492
3.498
2.986
3.314
3.325
3.385
3.274
3.340
2.844
3.572
3.748
3.592
2.494
3.662
3.570
2.564
3.403
3.257
3.425
2.883
3.390
2.532
3.134
3.112
2.891
2.335
3.159
3.000
3.587
2.211
3.817
3.853
2.647
3.450
3.339
3.651
2.943
2.846
3.307
3.791
3.688
3.420
2.861
2.676
3.525
2.768
3.292
3.313
3.254
3.671
2.824
2.410
3.071
3.576
3.254
2.658
2.942
3.078
3.322
3.650
3.156
3.243
3.839
3.314
2.808
3.454
2.972
2.750
3.840
3.798
3.600
3.429
3.785
3.169
3.151
3.117
3.573
3.338
3.499
2.795
3.364
3.739
3.166
3.307
2.839
2.697
3.628
3.472
2.270
3.513
3.916
3.734
3.587
2.878
3.038
2.867
2.705
3.638
2.798
3.733
3.468
2.869
2.861
3.793
2.917
2.861
2.915
3.050
2.659
3.420
2.514
3.505
2.911
3.027
3.152
2.517
3.250
3.258
3.771
3.374
2.635
2.270
3.098
3.613
2.532
3.430
3.401
2.810
2.676
3.239
3.895
3.272
3.970
3.019
3.447
3.437
3.265
3.405
3.850
3.360
3.492
3.627
3.343
2.118
2.879
2.494
3.961
2.427
2.751
3.008
3.207
3.751
2.801
3.288
2.932
2.650
3.600
2.856
2.192
3.212
3.294
3.477
2.893
2.801
4.003
3.573
3.051
2.851
2.383
2.406
2.781
3.471
2.323
3.659
2.957
3.135
4.076
3.016
2.834
2.838
2.591
2.260
3.659
3.096
3.973
2.612
2.377
2.201
2.281
2.200
2.433
2.869
3.411
3.371
2.916
3.193
2.406
3.327
3.484
3.259
3.331
2.781
2.933
2.945
2.971
3.514
3.314
4.029
3.114
3.375
3.329
3.483
3.282
3.345
3.344
3.264
3.110
3.643
2.532
3.155
3.463
2.949
3.681
3.728
3.849
2.711
3.691
2.426
3.890
2.840
3.798
4.040
3.234
3.054
3.277
4.177
3.421
2.625
3.736
3.624
1.739
3.456
3.844
3.524
3.636
4.061
3.092
2.610
2.762
3.521
2.710
3.218
2.210
1.605
3.614
2.439
2.538
3.790
3.697
3.403
3.367
3.005
3.863
2.448
3.738
3.866
3.809
3.795
3.808
3.341
3.518
3.654
3.974
3.412
3.388
3.593
2.942
2.524
3.606
3.728
3.324
3.419
2.608
3.524
3.928
2.998
3.346
3.375
3.860
3.122
3.328
3.615
3.957
3.920
3.362
3.361
3.840
3.642
2.993
2.640
2.388
2.528
2.103
3.632
2.678
3.062
2.651
2.679
2.980
3.295
3.735
2.319
3.378
3.787
1.839
3.314
3.904
3.948
3.509
3.695
3.674
2.381
3.720
3.783
3.244
3.024
4.051
3.072
3.011
4.029
3.243
3.104
2.283
2.273
3.540
3.532
2.853
3.060
3.869
3.639
3.752
3.717
3.754
2.949
3.292
3.233
2.467
2.818
2.490
3.506
3.770
1.609
2.795
2.707
3.144
2.858
3.384
2.207
3.323
3.233
2.457
2.778
3.676
3.373
3.304
3.442
3.956
3.592
2.767
2.819
2.635
3.243
3.573
2.421
3.125
3.639
3.662
3.344
3.264
2.474
3.785
3.579
3.801
3.583
2.248
3.195
2.504
3.395
3.417
3.615
3.402
3.310
2.455
3.452
3.016
3.200
2.868
2.634
3.225
3.196
3.143
4.110
3.990
3.450
2.847
3.836
3.332
2.279
3.665
3.033
2.172
3.872
2.643
3.540
2.406
3.012
3.263
3.342
3.283
3.231
3.142
3.974
2.882
3.064
3.519
4.068
3.565
2.624
3.854
2.955
3.008
3.746
3.186
3.856
3.759
2.547
3.092
2.771
3.572
3.063
3.789
3.898
3.888
3.119
3.540
3.920
3.630
3.241
2.930
3.014
2.849
3.603
2.885
3.222
2.590
3.704
2.462
3.866
2.632
2.751
3.099
3.744
3.669
3.350
3.091
3.305
3.480
2.654
3.264
3.466
2.842
2.547
1.890
3.324
3.375
3.821
3.189
3.234
3.225
3.472
3.647
3.599
3.229
1.532
3.824
1.511
3.186
3.501
3.743
3.367
3.345
2.582
3.649
3.570
3.948
3.901
3.779
3.405
2.521
3.771
2.306
3.760
3.663
3.098
3.073
3.521
3.816
3.197
3.563
4.106
3.922
3.539
2.320
3.905
3.553
3.569
3.405
3.384
2.726
3.498
3.305
2.099
2.557
3.486
3.120
3.348
3.980
2.474
3.340
3.083
3.264
3.275
2.962
3.947
4.014
2.266
2.260
3.445
2.879
2.994
2.955
3.435
3.640
3.835
3.695
2.659
3.905
2.534
3.082
3.113
3.369
3.636
3.641
3.757
2.831
2.758
2.635
3.203
3.575
2.745
2.748
3.473
3.874
2.946
3.647
3.972
3.118
2.745
2.973
3.783
2.554
2.801
3.402
2.375
2.234
3.343
3.853
3.886
3.915
4.083
2.893
4.030
2.745
3.097
2.956
3.546
3.622
2.722
3.616
3.471
3.073
3.265
3.336
3.510
3.666
3.851
3.674
2.980
2.845
2.176
2.339
3.469
2.775
2.575
2.449
2.393
3.546
3.650
3.504
2.698
3.284
3.135
2.205
2.930
3.049
2.438
1.744
3.868
3.631
2.598
3.295
3.676
4.047
3.849
3.230
3.724
3.607
4.066
3.752
3.355
2.079
3.338
2.577
3.932
3.125
3.744
2.567
3.600
3.870
4.096
3.864
3.063
2.631
2.665
2.582
3.031
3.246
2.337
2.641
3.895
2.553
2.904
2.624
3.350
2.650
3.559
3.008
3.231
2.603
2.709
3.417
3.943
3.956
3.955
3.958
2.752
2.506
3.571
2.374
3.805
3.043
3.393
3.510
2.946
3.568
3.315
3.498
3.483
2.830
4.004
3.859
2.749
1.951
3.067
3.831
2.762
3.857
3.367
3.342
3.214
3.865
3.865
3.537
1.973
3.230
3.752
2.267
3.734
3.496
3.494
2.869
1.741
3.960
3.476
3.530
3.463
3.084
3.513
3.613
3.494
2.817
3.315
3.487
3.622
3.586
3.657
4.092
2.815
2.670
3.183
3.656
2.299
3.229
3.356
3.300
3.995
2.123
3.267
3.300
3.390
3.288
3.422
3.513
3.348
3.014
2.946
4.049
3.482
3.223
3.889
3.873
3.994
3.147
3.514
1.837
3.354
3.277
3.455
3.012
2.870
2.693
3.225
2.864
3.154
3.478
3.746
3.282
3.357
2.785
3.000
2.862
2.977
2.991
3.095
3.743
2.466
3.438
1.791
2.587
3.134
3.688
2.618
3.520
3.256
3.576
2.908
2.512
3.229
2.874
3.907
2.116
3.193
3.208
2.591
3.337
4.038
3.427
3.195
3.503
3.008
2.892
3.972
3.249
2.846
3.374
3.041
3.584
3.340
3.779
3.590
3.139
3.311
3.690
3.614
3.384
2.939
2.614
3.251
3.647
2.853
2.529
2.281
3.161
3.515
3.377
3.332
2.625
3.474
3.433
3.027
3.608
3.254
