2.964
3.973
2.983
2.756
2.186
1.983
2.289
2.348
2.907
2.852
2.587
3.146
2.309
3.484
1.959
2.147
2.273
3.380
3.249
3.312
2.308
2.999
3.376
2.630
2.770
3.994
3.804
2.145
2.530
1.698
4.137
2.565
3.492
3.308
3.186
3.130
3.469
2.889
2.840
3.287
2.785
2.786
3.245
3.504
4.148
3.708
3.072
3.063
3.845
3.552
2.897
2.921
2.355
3.880
3.263
3.553
3.519
3.350
2.495
3.473
2.913
2.397
2.652
2.655
3.166
3.243
1.447
3.450
3.594
3.813
2.631
2.666
3.483
2.813
3.325
3.823
2.842
2.570
3.481
3.407
2.758
3.686
3.511
2.969
3.395
1.265
2.922
3.965
1.959
3.580
3.374
3.375
3.495
3.474
2.747
4.125
3.152
2.850
3.190
3.276
2.877
3.756
1.380
2.686
2.690
3.214
3.707
2.616
4.002
2.720
2.459
2.331
1.875
3.303
1.615
2.485
2.806
2.938
3.376
2.551
2.985
3.379
2.786
2.201
2.334
2.991
2.694
2.723
2.422
3.323
2.216
2.923
2.014
3.303
2.806
2.352
3.767
2.992
3.024
2.615
1.852
3.266
3.294
2.542
1.693
1.479
1.535
1.908
2.904
2.383
3.936
3.387
3.915
2.704
2.625
1.648
2.428
3.551
3.243
2.990
2.659
3.164
2.243
3.589
2.306
2.416
3.145
3.033
3.537
2.587
3.962
2.880
2.408
3.291
2.434
2.478
2.388
3.279
2.994
3.378
3.606
2.608
3.505
2.486
2.513
3.568
2.921
2.935
2.726
3.508
3.174
3.021
3.458
3.111
2.835
1.656
2.324
3.727
3.750
2.544
2.897
2.088
1.711
2.832
3.173
2.338
2.483
3.549
2.667
3.904
3.189
2.874
2.626
2.367
2.463
3.014
3.471
3.451
3.187
2.311
3.266
2.763
2.660
3.509
3.222
2.100
3.072
2.289
3.337
3.348
3.726
2.404
3.709
3.024
2.362
3.265
3.010
3.279
2.668
3.651
3.214
3.260
2.340
2.425
2.614
2.602
3.984
2.706
3.537
2.873
3.978
2.930
3.968
2.354
2.567
3.245
2.485
1.735
2.944
2.735
3.302
2.631
3.099
2.977
3.126
3.087
3.218
3.134
3.491
2.512
2.793
2.442
2.386
1.964
2.937
2.208
3.867
2.741
3.399
3.105
3.539
3.223
3.520
2.835
3.149
2.281
3.268
1.699
3.222
2.678
2.765
2.769
1.887
1.930
2.240
2.460
2.952
3.025
3.074
3.349
2.933
2.522
2.479
3.427
4.005
3.450
3.584
2.526
2.550
2.698
3.299
3.454
3.401
3.025
1.601
3.324
3.488
2.550
3.215
2.556
3.208
2.532
3.214
2.742
3.253
3.197
2.482
2.393
3.206
2.207
3.603
2.462
4.057
3.110
2.069
3.372
3.184
2.507
2.968
3.710
3.503
3.274
3.040
2.570
2.801
3.151
1.933
2.474
2.892
2.396
2.526
2.857
2.159
2.303
3.283
3.030
3.148
2.563
2.839
3.528
3.234
3.369
2.491
2.149
2.317
3.030
2.312
1.940
1.961
2.711
3.951
2.531
3.761
3.180
1.803
3.378
3.330
3.555
2.673
2.352
2.630
3.084
3.349
3.134
2.747
3.815
2.272
2.590
2.898
3.003
3.609
2.956
2.882
3.187
2.075
4.098
3.284
3.051
2.163
2.823
2.942
3.574
3.617
3.101
2.894
2.999
2.326
2.814
3.400
3.115
2.601
2.696
2.740
2.934
3.318
3.964
3.241
3.061
2.843
3.322
3.274
3.443
3.143
3.109
3.130
3.189
3.058
2.643
2.360
2.352
2.891
2.458
2.500
3.258
3.339
2.079
3.637
1.008
2.819
3.054
3.571
2.569
1.807
2.790
2.692
2.110
2.271
3.150
2.603
2.021
3.518
3.218
3.466
2.310
3.496
2.155
2.337
3.277
3.504
3.256
3.912
2.273
3.617
2.353
2.532
3.466
3.326
3.819
3.205
2.185
3.201
2.548
2.847
2.966
2.522
2.729
2.285
3.254
3.379
2.856
2.770
2.809
2.579
1.674
3.358
3.463
3.144
2.746
3.454
2.160
3.393
3.426
2.445
2.739
4.027
3.303
2.631
3.084
3.274
2.982
2.529
2.862
2.506
2.200
3.360
2.949
2.263
2.784
3.069
3.458
2.660
2.294
2.309
2.062
2.811
2.004
2.879
3.242
3.556
3.059
2.271
3.565
2.906
2.651
2.828
3.455
2.451
3.133
3.325
3.420
3.379
3.859
2.461
2.534
2.963
2.017
3.010
3.185
3.983
2.697
2.880
3.519
3.505
3.342
2.080
2.576
3.242
3.988
2.294
2.484
3.974
2.148
2.807
2.471
3.793
2.046
3.160
3.657
2.929
2.379
2.713
3.046
3.338
3.390
3.550
1.876
2.551
2.423
1.698
2.911
2.265
2.909
3.799
3.680
3.845
2.661
2.684
2.346
3.438
1.778
2.614
2.677
2.061
2.078
2.392
3.246
2.371
2.790
3.409
2.126
2.291
2.693
2.607
3.110
2.275
3.915
2.316
2.516
1.827
2.430
2.404
1.947
1.936
2.455
2.213
2.130
3.965
2.734
2.944
3.103
2.336
3.052
2.378
2.751
2.481
2.855
2.802
2.717
2.289
2.510
3.403
3.439
3.464
1.846
2.626
2.648
2.736
1.967
2.455
4.041
3.020
2.542
1.896
3.317
3.281
3.127
2.495
3.065
2.799
2.503
2.424
3.052
2.083
3.204
2.003
3.038
1.691
2.518
3.798
3.105
1.785
2.809
2.982
3.504
2.334
2.248
2.917
2.336
3.006
2.389
3.453
2.629
2.739
3.250
3.171
3.812
2.819
4.009
2.582
2.580
2.681
1.523
2.416
2.332
2.482
3.475
2.938
2.776
2.039
2.074
2.634
4.029
1.698
3.040
3.422
3.519
1.905
2.413
2.959
2.848
2.897
2.957
2.281
2.135
2.087
2.987
2.471
2.367
2.273
2.494
2.452
2.545
2.382
2.068
2.051
3.947
3.995
3.970
2.831
2.248
2.393
2.862
2.586
2.534
2.735
2.457
2.264
2.389
2.460
2.401
2.439
2.833
3.329
2.079
2.693
2.456
2.863
2.843
1.650
2.985
2.705
2.652
3.983
2.388
1.553
3.833
2.488
2.604
2.403
2.575
2.790
3.673
2.545
2.817
2.546
2.348
2.020
2.729
2.400
1.569
2.643
2.440
2.855
3.001
2.909
2.984
3.206
2.557
3.575
2.483
2.998
3.044
2.757
2.783
2.481
2.863
2.868
1.922
3.020
2.672
2.092
3.986
2.510
2.424
2.908
3.211
2.178
2.712
2.506
2.859
2.811
2.356
2.448
2.816
3.532
3.963
3.891
3.079
2.713
3.377
3.345
2.890
2.652
2.762
2.309
3.026
2.642
2.454
3.107
3.001
3.154
3.507
3.054
2.154
2.580
3.029
3.914
3.654
2.893
2.461
3.622
3.086
2.659
2.477
3.867
2.451
3.493
2.678
3.447
3.931
2.835
2.980
4.015
3.650
3.203
2.937
2.676
2.923
2.949
3.659
3.277
3.158
3.029
2.642
3.080
2.274
2.447
3.335
3.731
3.206
1.568
3.280
3.737
2.414
3.233
2.878
2.191
2.818
1.774
2.598
2.274
2.420
2.636
1.425
3.468
2.118
2.835
2.610
2.260
3.824
2.641
2.989
3.996
2.649
3.157
1.950
2.568
2.538
2.015
2.804
2.606
3.191
2.607
2.198
2.818
2.523
3.836
2.368
3.402
3.887
1.739
2.759
2.761
3.859
2.781
2.077
2.851
3.132
2.572
3.562
2.768
1.701
3.096
3.218
3.327
3.309
1.782
1.922
2.074
3.832
2.396
3.450
2.398
3.018
3.748
2.370
1.656
2.853
2.821
1.777
2.766
2.891
3.078
1.851
3.717
2.909
2.487
2.852
4.006
2.911
2.432
2.340
2.758
4.061
4.083
3.510
3.018
3.076
1.639
2.330
3.221
3.875
2.643
4.022
3.368
3.224
3.792
3.414
2.963
3.410
3.135
2.344
3.346
3.156
3.883
2.540
2.947
3.571
2.677
2.411
3.086
3.774
2.551
3.962
3.099
2.187
2.385
2.552
3.806
3.941
3.072
3.042
2.213
3.855
3.812
2.684
3.814
2.307
3.139
1.503
2.913
4.121
2.283
2.150
3.085
3.357
2.255
2.131
3.633
2.721
3.538
2.920
2.931
2.355
2.270
3.212
2.769
2.173
3.090
3.067
2.490
2.373
3.069
3.469
2.011
2.578
3.792
2.803
2.874
3.136
2.451
3.672
2.957
3.176
2.422
2.510
2.793
2.835
2.640
3.740
2.966
2.991
3.353
2.935
3.194
3.086
2.926
3.047
3.115
2.787
1.911
2.074
2.882
3.000
2.616
3.861
3.142
2.230
3.051
2.235
3.722
3.857
2.689
2.771
2.632
3.758
3.328
3.217
4.058
2.062
3.215
1.976
2.370
1.453
3.308
3.159
2.164
2.716
4.076
2.702
3.433
1.955
3.289
2.034
3.769
3.052
3.961
3.228
3.416
3.112
3.417
3.939
3.661
2.394
2.875
2.653
2.737
2.454
2.425
2.534
3.381
3.520
3.007
2.432
3.079
3.353
3.739
3.210
3.416
3.077
1.843
2.674
3.990
2.070
1.923
2.859
3.378
3.608
3.202
3.064
2.516
2.621
2.441
2.871
2.495
3.152
2.507
2.968
1.539
2.048
2.406
3.123
3.933
4.006
2.659
3.808
2.354
1.867
3.992
2.571
2.878
2.748
3.947
2.106
1.842
3.790
4.070
2.071
3.045
3.025
3.973
3.963
4.018
2.477
3.415
2.524
2.719
2.406
3.186
3.331
2.255
3.279
2.362
3.018
1.993
2.075
2.854
2.884
2.301
3.330
2.607
2.466
1.970
1.955
