2.590
2.638
1.586
2.793
2.848
3.511
2.508
2.487
3.399
2.612
2.698
2.768
2.522
3.555
2.210
3.673
3.002
2.976
2.590
1.926
2.875
2.605
2.941
2.580
3.678
2.909
3.849
2.172
2.899
2.029
2.895
3.547
2.383
3.299
2.254
3.484
3.267
1.967
2.677
3.927
2.895
2.933
3.484
2.685
3.122
3.681
3.462
3.388
2.376
3.063
3.194
4.007
2.445
2.909
3.071
2.666
2.409
3.660
2.225
1.472
2.697
3.013
3.135
2.132
1.382
2.116
3.069
2.230
3.476
3.027
3.968
2.844
2.702
2.255
3.826
3.027
2.154
3.147
3.198
3.651
2.349
2.693
2.195
2.486
2.714
2.606
2.632
1.767
2.904
2.813
3.146
3.465
1.558
2.932
3.008
2.465
3.935
4.008
1.912
4.149
3.029
2.550
3.212
2.651
2.825
3.911
3.052
2.911
1.861
1.868
2.201
2.685
2.628
2.865
3.102
2.537
2.030
2.662
2.099
1.837
2.935
2.878
3.454
3.516
2.652
3.781
2.317
2.338
2.197
2.767
2.117
2.972
2.765
3.165
3.178
3.735
3.467
2.711
2.794
1.948
2.734
2.203
2.287
1.876
1.846
2.862
3.461
3.945
3.056
3.754
3.630
3.461
3.177
2.793
2.703
2.709
2.903
2.941
2.838
2.537
2.558
2.480
2.724
2.865
2.124
3.010
2.721
2.750
2.364
2.410
2.020
1.977
1.993
2.001
2.151
2.242
2.446
2.774
2.284
1.752
2.939
2.536
2.365
2.297
2.388
2.393
3.069
2.485
3.455
3.440
2.730
2.407
2.907
3.059
2.925
3.559
2.366
2.370
0.102
3.483
2.300
2.522
1.602
2.895
2.590
3.927
2.418
3.717
2.580
2.638
2.420
3.370
2.313
2.659
2.929
2.510
2.594
3.816
2.852
3.056
2.676
2.772
1.667
2.810
1.845
2.352
2.501
3.202
2.506
2.226
2.159
2.478
2.278
2.093
3.179
1.956
1.683
2.373
3.013
2.385
2.723
2.292
2.557
2.308
2.444
3.487
2.988
3.187
2.164
3.814
2.044
2.271
1.496
2.570
2.699
2.580
2.534
2.996
3.465
2.492
3.843
2.339
3.293
3.491
2.634
2.800
2.881
2.807
3.022
2.802
2.988
3.233
3.263
2.872
2.680
2.692
2.809
3.116
3.098
2.207
2.815
2.853
2.651
3.312
2.451
2.707
2.388
2.467
2.167
2.410
2.126
2.661
2.814
2.822
3.593
2.745
2.477
2.298
2.234
2.267
2.166
1.366
2.542
3.348
2.609
2.959
2.206
2.385
1.916
3.349
2.413
3.071
2.839
2.687
1.960
1.953
3.260
2.586
2.861
3.005
2.055
2.520
2.892
2.393
3.585
2.338
2.513
3.414
2.382
2.329
3.163
2.558
2.563
2.559
2.906
3.978
2.723
4.032
3.220
2.927
2.751
2.221
2.809
2.117
2.891
2.566
2.408
2.963
2.497
2.638
2.417
2.150
3.545
2.785
3.311
2.530
3.667
4.013
3.320
2.316
1.572
2.755
2.855
3.982
3.996
3.001
2.632
2.909
2.255
2.984
3.206
2.557
3.575
3.044
2.783
3.052
2.672
3.208
1.774
2.652
1.977
2.985
2.451
2.856
3.119
3.925
2.736
2.526
2.300
3.361
2.876
3.826
2.720
3.035
3.677
2.114
2.483
3.033
2.977
3.083
3.225
3.097
2.572
3.030
3.886
2.144
3.803
2.325
2.095
2.424
2.725
3.926
2.755
3.203
2.850
3.860
3.971
3.557
3.137
3.297
3.093
2.629
2.870
4.066
2.555
2.586
3.171
3.098
1.459
2.689
1.536
2.323
2.917
2.576
2.697
2.280
4.050
2.786
2.986
2.819
2.219
2.337
3.645
2.898
2.225
1.932
2.775
3.209
3.296
3.296
2.014
2.785
2.077
3.741
3.440
2.834
3.268
3.205
2.634
3.210
2.394
3.140
3.037
2.403
2.898
2.986
3.716
3.628
2.821
3.575
3.152
2.814
3.507
3.044
3.815
2.315
4.137
3.296
2.989
1.932
2.599
2.423
3.821
3.850
2.358
2.267
3.446
4.084
3.388
2.324
3.566
3.056
3.253
4.028
2.574
3.821
2.683
2.627
3.018
2.784
2.345
3.537
3.304
3.529
2.932
1.235
2.639
3.394
2.447
3.635
2.798
2.770
3.292
2.543
3.427
3.324
1.998
2.982
3.061
3.390
2.406
2.653
3.251
3.012
2.961
2.886
3.142
4.052
2.337
4.045
2.915
4.094
3.252
3.130
3.453
2.842
3.137
3.320
2.943
1.988
3.946
2.806
3.383
2.461
2.314
3.790
1.746
2.685
2.704
2.590
2.882
4.013
1.967
3.961
2.568
3.081
2.019
2.644
2.991
2.467
3.758
3.215
2.613
1.952
3.006
2.995
2.454
2.290
3.300
2.215
2.054
3.354
2.790
2.293
1.716
2.832
2.830
3.824
3.388
3.338
3.897
3.521
2.641
2.646
2.506
3.016
3.156
2.938
3.055
2.888
2.116
3.777
2.860
2.896
2.861
3.106
3.704
1.796
3.229
2.850
1.931
3.155
2.773
3.198
2.859
2.821
1.601
3.183
2.286
2.698
2.718
3.163
2.802
1.973
3.362
2.564
2.620
3.298
2.895
2.518
2.289
3.712
3.684
4.052
2.620
2.878
3.933
3.375
2.640
3.085
2.816
2.315
2.994
2.936
3.272
3.587
3.491
3.046
2.114
4.154
3.384
3.449
3.462
2.481
2.849
2.347
2.012
2.923
2.810
1.899
2.919
2.782
3.292
2.519
2.353
3.327
3.320
2.240
2.753
1.508
3.935
2.667
2.894
3.141
3.192
2.725
3.188
3.252
3.050
2.730
2.532
2.490
2.218
3.104
3.731
3.396
3.041
3.386
3.518
3.221
2.838
3.288
2.267
1.879
3.996
2.880
3.773
1.285
2.624
1.689
2.279
2.966
2.907
2.996
3.086
2.242
3.298
2.961
2.508
2.990
2.399
3.474
2.961
1.468
3.507
2.157
2.465
1.366
3.717
3.485
3.628
2.834
2.752
2.478
3.167
1.702
3.332
2.899
1.853
2.756
3.342
2.582
2.697
3.047
2.988
1.821
2.496
3.289
2.656
2.747
3.314
2.922
3.916
2.558
2.270
2.343
3.796
1.303
3.092
1.909
2.371
2.828
3.624
2.153
3.462
2.891
2.795
2.838
2.944
2.297
2.355
2.422
3.173
4.037
2.705
3.072
2.670
2.582
2.392
2.790
2.636
2.298
2.055
2.362
2.216
2.076
2.576
2.953
2.429
3.551
2.718
2.214
3.079
2.058
2.298
2.378
3.237
2.311
2.829
2.250
3.240
3.414
3.394
2.747
3.092
2.156
2.379
3.509
3.779
2.780
3.581
4.125
2.594
2.482
2.953
3.738
2.645
3.712
2.327
2.548
3.492
2.928
1.951
1.928
1.642
2.893
2.605
2.824
2.658
2.749
2.537
2.296
2.086
2.295
3.601
2.651
2.802
3.407
3.500
2.636
1.821
2.088
2.270
2.642
3.045
2.350
3.269
2.728
3.310
2.763
2.455
2.990
2.934
3.397
2.910
2.549
3.998
3.912
3.826
2.068
2.310
2.604
4.076
2.542
3.290
3.215
2.035
4.051
2.694
2.794
2.848
1.987
3.074
3.190
2.489
2.336
3.154
3.548
1.772
2.439
3.403
2.506
2.154
2.676
2.787
2.050
3.277
3.911
2.895
3.098
3.700
3.113
2.926
2.327
2.723
2.486
2.738
3.657
2.820
2.698
2.106
3.077
2.320
2.411
2.509
2.236
3.374
3.827
2.694
3.130
2.951
2.909
3.379
2.319
2.042
2.136
2.326
3.752
3.508
2.920
2.349
3.843
3.372
3.783
2.929
2.737
3.644
3.218
2.869
2.558
3.484
2.144
2.913
3.453
2.219
2.759
3.746
2.496
2.349
3.976
2.581
2.425
1.991
3.845
3.917
2.891
2.183
2.966
3.258
3.295
2.412
2.915
3.456
3.089
3.249
2.418
2.627
3.017
2.597
2.046
3.326
2.190
2.433
2.067
3.149
3.016
3.811
2.796
2.741
2.632
2.507
2.674
2.760
2.628
2.688
3.292
1.839
2.148
2.022
2.928
3.196
1.832
3.126
2.098
2.293
3.065
3.202
2.436
3.955
2.722
2.678
2.551
2.850
3.125
3.622
2.295
2.313
3.363
3.707
2.801
3.961
3.853
2.034
2.169
3.840
3.782
3.197
3.882
3.507
4.070
2.848
2.088
1.857
3.180
3.016
2.608
2.952
2.335
2.995
2.890
3.136
3.800
3.262
3.336
2.238
3.205
3.516
3.204
3.172
2.814
2.480
