2.887
3.903
2.181
3.006
2.667
2.477
1.768
1.757
2.961
1.969
3.409
3.104
2.983
3.978
1.725
2.590
2.625
3.190
3.190
2.541
2.541
3.327
3.327
3.073
3.073
3.702
2.719
2.558
2.499
2.437
3.276
2.621
3.765
3.203
3.100
3.553
2.431
3.923
2.966
3.861
2.626
3.345
2.433
3.150
3.926
2.808
2.906
2.762
2.962
3.264
2.217
3.923
3.290
2.884
3.243
3.594
2.821
2.732
2.334
2.960
3.883
2.790
3.942
2.875
3.204
3.832
2.777
2.819
2.582
3.207
3.963
2.953
3.350
3.381
2.939
2.942
2.388
3.096
2.494
2.499
3.483
2.234
3.505
3.250
2.784
2.764
3.124
2.800
4.023
3.927
2.412
2.391
3.625
2.818
2.827
2.380
2.854
2.919
3.493
2.596
4.109
3.564
3.088
4.011
2.536
2.255
3.142
3.310
3.206
3.069
3.356
3.211
4.017
2.415
2.546
3.228
2.469
2.890
3.135
4.105
2.938
2.287
2.455
3.360
3.986
3.427
3.057
2.787
2.800
2.953
3.323
3.537
3.679
2.990
3.415
2.541
3.936
2.535
4.068
4.039
2.860
3.268
3.441
3.912
3.915
3.898
2.668
3.821
4.065
2.626
3.383
3.756
3.395
3.137
2.709
3.078
2.805
3.809
3.492
3.189
2.776
2.684
2.998
3.964
2.918
2.797
3.515
3.961
3.112
2.681
2.851
2.171
3.595
2.261
2.496
2.524
2.926
2.980
2.755
2.618
2.497
4.078
3.288
2.484
3.793
2.827
3.452
2.835
2.207
3.240
3.078
2.635
2.890
4.004
2.610
4.007
3.845
3.948
3.409
2.614
3.343
3.697
3.294
3.786
2.860
2.527
2.878
3.550
3.186
3.353
4.065
3.462
3.145
3.942
3.933
3.835
3.521
2.762
3.152
3.192
2.944
4.113
3.528
3.766
3.431
2.575
2.855
2.749
2.414
2.907
2.881
3.832
3.813
3.328
2.737
3.348
2.774
2.963
2.759
3.757
3.007
2.621
2.626
2.349
3.945
2.525
3.809
2.760
3.498
4.082
3.275
3.600
2.700
3.239
2.865
3.609
3.101
3.190
3.715
2.460
2.343
2.956
2.822
3.131
3.201
2.745
3.367
2.607
3.235
2.520
3.237
3.508
2.884
2.000
2.926
2.844
3.416
3.520
2.792
4.071
3.419
3.122
3.383
3.211
4.051
2.103
4.051
3.355
3.094
3.280
3.226
3.774
2.999
2.845
2.810
2.728
4.010
3.425
3.151
3.993
2.690
4.055
3.145
3.027
3.358
2.870
2.879
2.565
3.160
2.871
3.086
2.820
2.898
3.224
3.739
2.762
2.399
3.096
3.543
3.157
3.444
3.213
2.795
3.154
2.787
3.914
3.572
2.520
2.416
2.753
3.049
3.311
3.209
3.157
2.855
3.806
3.338
3.524
2.555
3.090
2.700
3.179
2.752
3.414
3.496
2.873
3.568
