3.475
3.229
3.744
3.612
2.498
3.642
2.548
4.043
3.963
3.686
2.451
3.296
3.522
2.804
3.435
3.632
2.294
2.822
4.038
3.524
2.588
2.370
1.968
3.245
3.322
3.102
2.469
3.202
3.541
2.969
4.065
2.992
3.432
3.634
2.176
3.576
4.055
3.413
3.315
2.582
2.664
2.374
2.653
3.042
3.290
3.005
2.618
3.269
2.893
3.378
2.237
2.201
2.600
2.611
1.703
3.063
3.809
3.392
3.819
3.377
2.360
2.583
3.500
3.093
2.979
2.437
3.265
2.831
2.820
2.694
2.775
3.018
2.889
3.276
3.792
3.399
2.539
3.069
2.906
2.448
2.336
3.450
3.130
3.435
2.994
3.158
2.656
3.726
3.591
3.375
2.379
2.300
2.525
3.746
2.247
3.382
2.099
3.443
2.483
2.424
3.269
2.623
3.294
3.980
3.207
3.363
2.817
2.339
3.759
2.955
2.657
3.847
3.046
2.605
3.917
2.816
2.485
2.712
3.423
2.868
3.306
3.455
3.132
2.584
3.779
2.404
3.709
4.014
2.923
3.342
2.989
2.667
2.675
4.015
3.453
2.697
3.250
2.966
2.326
4.016
3.789
2.770
2.807
4.128
2.592
3.040
2.908
2.835
3.050
4.026
3.182
2.482
2.714
3.001
2.979
3.182
3.046
3.239
3.907
3.355
1.809
3.253
3.087
3.087
3.087
2.473
2.473
3.993
3.993
2.938
2.036
2.588
3.241
2.254
2.420
3.869
3.220
3.000
3.488
3.370
4.015
4.013
3.469
2.959
3.048
2.871
2.950
2.645
2.610
3.131
2.493
2.848
2.370
2.201
3.095
2.169
2.735
2.949
2.522
3.647
4.038
3.345
3.170
2.581
2.753
3.548
2.999
3.819
2.520
3.111
2.535
3.415
3.604
2.356
2.809
2.972
3.262
3.198
3.638
2.022
2.511
2.230
3.176
2.283
3.549
2.823
2.744
2.796
2.799
3.190
2.818
3.021
3.163
3.925
3.455
2.903
3.239
2.634
2.816
3.960
3.120
3.276
3.349
3.942
2.339
2.402
2.363
2.821
3.980
3.024
2.670
3.112
2.773
3.361
2.878
2.656
3.470
3.036
2.535
3.454
3.498
2.748
3.215
2.865
2.840
2.783
4.078
3.589
3.153
2.814
3.270
2.511
2.510
4.067
2.574
2.715
3.026
2.548
3.131
2.580
2.702
2.323
2.577
1.949
2.813
2.939
2.416
3.056
2.818
2.671
2.763
2.903
2.764
2.793
3.605
2.577
2.595
2.455
2.218
2.895
3.561
3.055
4.044
2.632
3.634
3.616
2.567
3.662
2.312
2.503
3.117
2.728
2.485
3.238
2.679
2.378
3.268
2.669
2.834
4.085
2.716
2.745
3.699
2.523
3.049
2.614
2.502
1.666
2.310
2.911
2.533
3.024
3.819
3.214
3.098
3.359
3.080
3.443
1.922
3.937
2.815
2.911
2.688
2.744
2.818
3.303
2.473
3.142
3.295
3.837
3.617
3.675
