2.407
3.944
3.096
2.803
3.431
2.391
2.936
2.999
2.755
2.389
3.649
1.315
2.996
1.973
3.010
4.068
2.897
1.711
2.207
3.810
2.671
2.905
2.584
1.834
3.148
3.801
2.498
3.254
2.571
3.148
1.614
2.911
2.547
3.089
3.205
3.756
2.753
3.020
2.512
2.592
2.432
2.584
2.430
2.425
3.242
2.779
3.768
2.580
2.295
3.977
2.463
2.486
3.595
2.542
2.185
4.075
2.311
3.204
2.571
3.057
3.804
1.858
1.651
2.734
3.015
2.637
3.502
2.459
2.875
2.188
2.698
2.927
1.507
3.459
3.611
3.208
3.064
3.233
2.697
2.437
2.612
1.394
2.939
2.560
2.295
3.578
2.797
3.520
2.510
2.856
2.844
2.478
1.493
2.240
2.841
3.722
2.392
2.945
3.123
3.027
3.106
2.146
3.293
2.740
3.573
3.123
2.601
2.383
2.445
3.313
1.638
1.934
2.534
3.658
2.734
2.757
2.915
2.732
2.423
2.240
2.192
2.704
1.564
2.249
2.494
3.135
3.087
2.157
3.984
3.099
2.731
2.061
2.719
3.501
2.630
3.392
2.794
3.275
3.486
2.381
3.096
2.281
2.782
2.083
2.108
2.687
2.963
3.962
3.112
2.160
3.310
2.927
3.042
2.131
2.136
2.969
2.232
1.916
2.547
3.249
3.982
2.738
2.412
2.958
3.608
2.507
2.128
3.468
4.123
3.607
2.720
2.464
3.340
2.623
3.342
2.237
2.426
3.948
3.643
2.725
2.644
3.543
2.380
2.648
2.830
1.491
2.554
1.226
3.589
2.307
2.969
3.483
2.370
3.130
3.025
3.454
2.394
2.079
3.118
2.891
3.160
2.708
2.532
2.467
2.960
2.508
2.909
2.559
2.822
2.940
2.698
3.503
2.826
2.738
3.241
2.369
3.041
2.837
3.001
2.594
3.104
3.989
2.757
3.443
2.806
2.846
3.071
2.675
2.225
2.104
3.023
2.362
2.898
3.048
3.039
2.831
2.746
1.965
2.856
2.316
3.205
2.327
3.258
4.179
3.371
2.516
2.564
3.255
2.138
2.834
2.679
2.196
2.670
2.316
2.662
2.572
2.562
2.163
3.323
3.098
4.044
2.749
2.462
2.875
2.398
2.915
2.063
2.855
2.692
2.969
2.399
3.724
2.475
2.523
3.198
3.701
3.383
2.441
4.116
3.177
3.980
3.519
2.400
2.547
3.980
2.036
2.669
3.014
2.837
3.157
2.453
3.557
2.798
3.084
2.271
3.160
3.156
2.980
3.177
3.291
2.980
2.819
3.275
2.510
2.695
3.004
2.740
3.470
2.599
2.910
3.431
0.980
2.039
1.766
3.889
3.393
2.903
4.041
3.942
2.962
2.915
4.047
2.309
1.370
2.545
2.646
2.875
2.341
3.121
2.882
2.482
2.813
2.931
3.014
3.107
2.841
2.078
3.272
2.831
2.472
2.822
2.630
3.129
3.220
2.822
2.886
1.994
1.910
2.421
1.400
2.945
3.331
2.534
3.948
3.157
2.824
2.560
2.351
2.991
2.900
2.805
4.132
2.766
2.594
2.862
3.003
2.427
3.547
2.288
2.956
1.986
3.651
2.588
2.287
3.123
2.043
2.207
3.232
3.103
4.063
2.993
2.506
2.052
3.107
2.328
2.746
3.025
2.784
2.724
3.360
2.426
2.946
2.829
2.747
2.293
2.263
2.014
3.161
2.898
3.016
2.481
2.870
2.239
3.176
2.049
2.873
3.801
3.332
3.525
3.411
2.073
2.841
3.197
3.437
4.026
3.471
3.019
2.300
2.581
2.731
1.985
3.020
2.267
3.251
2.774
2.195
2.786
2.124
2.424
2.358
2.841
3.819
3.132
2.671
3.621
2.627
2.878
3.498
3.261
2.244
2.890
3.129
2.137
2.949
2.856
2.694
2.790
2.777
2.386
3.766
4.010
3.577
3.220
2.051
3.908
2.120
3.975
2.624
2.526
2.257
3.542
2.813
3.967
3.480
2.630
3.289
2.796
2.820
2.820
3.054
3.042
2.933
1.721
2.279
2.574
2.954
3.373
2.876
2.552
3.069
3.098
2.763
2.874
2.888
2.901
2.299
2.716
2.704
2.741
2.728
2.753
2.312
2.943
2.193
2.740
3.047
3.147
2.943
2.798
3.013
2.401
2.872
2.468
2.665
3.131
3.572
2.126
2.494
2.087
2.166
2.019
3.505
2.783
2.910
2.692
3.087
3.092
3.598
3.387
2.143
3.293
3.082
2.058
3.333
3.250
2.471
2.599
3.317
2.549
2.833
2.205
2.187
3.042
2.450
2.705
2.288
2.828
2.011
2.063
2.747
2.579
2.155
2.652
3.354
3.024
2.664
2.930
2.743
3.714
3.261
2.554
2.513
2.538
3.150
4.011
2.665
2.304
2.212
4.127
2.821
3.107
2.766
2.794
3.067
3.976
2.794
2.591
1.688
3.462
3.273
3.520
2.992
2.536
2.802
2.905
3.407
2.428
3.466
2.617
3.177
2.392
2.514
2.653
3.040
2.404
3.742
2.306
2.754
4.129
2.698
2.323
2.682
2.922
2.228
3.281
3.287
2.784
2.902
2.829
1.876
3.091
3.013
2.736
3.522
2.980
2.961
2.469
2.551
2.609
2.760
2.794
2.757
3.120
3.145
1.655
2.890
2.385
2.374
3.203
3.416
2.119
3.323
3.236
3.395
2.930
2.708
3.576
3.582
2.720
2.117
2.083
2.825
2.505
2.909
2.310
2.128
2.579
2.400
3.995
3.378
4.091
3.379
1.680
1.622
2.358
3.375
2.577
2.976
3.033
3.107
3.058
3.188
4.011
3.785
3.357
3.567
3.336
2.891
2.267
2.034
3.073
2.551
2.548
3.416
2.610
3.644
3.325
2.090
2.986
2.874
1.847
3.129
1.953
3.191
3.063
3.245
3.260
3.360
2.555
2.373
3.071
3.772
3.376
4.063
3.410
3.971
3.069
3.054
2.922
2.618
2.167
2.793
3.326
3.286
2.544
2.641
4.020
2.542
2.796
1.656
3.254
3.038
3.100
2.202
2.675
2.750
2.834
2.352
2.788
3.025
3.939
2.547
2.446
2.857
2.722
2.489
2.728
3.345
4.095
3.646
3.253
3.199
3.387
3.315
2.970
2.478
3.464
2.512
3.041
3.454
3.095
2.713
2.852
3.633
3.769
2.783
3.186
2.362
3.559
2.965
3.515
3.346
2.335
2.992
3.079
2.697
2.217
3.779
3.981
2.753
2.933
3.138
2.585
2.624
2.120
2.830
2.537
2.959
3.850
1.992
3.656
3.427
2.096
3.076
3.093
3.465
3.407
2.728
3.523
2.566
3.162
2.708
2.642
2.570
2.948
2.026
2.546
2.566
2.621
3.589
2.718
2.716
2.718
3.426
2.015
2.270
2.189
2.579
0.629
2.861
3.246
2.647
2.882
2.129
4.075
2.215
1.972
2.982
3.551
3.368
2.674
2.181
3.157
2.868
2.510
2.790
3.192
2.701
3.092
1.270
3.206
2.811
2.664
3.725
3.318
2.921
2.691
2.557
2.715
2.588
3.365
3.417
4.101
3.702
2.785
1.946
2.594
2.442
3.450
2.451
3.043
2.774
2.484
1.908
2.517
3.801
2.479
3.262
2.141
2.662
2.729
2.472
2.477
2.490
2.365
2.220
2.648
2.257
1.900
2.458
2.763
3.194
2.707
2.470
1.678
2.798
3.328
2.666
2.088
3.499
1.965
3.805
3.029
2.858
2.829
3.333
2.876
3.061
3.112
1.879
3.170
2.270
2.667
3.088
2.744
2.721
2.090
3.514
3.237
2.468
2.807
4.008
2.165
2.867
3.319
2.862
2.994
2.558
2.792
2.046
3.892
2.603
2.825
2.683
2.667
2.960
1.941
2.872
2.767
2.633
3.025
3.060
2.673
2.690
2.533
2.511
3.703
3.672
1.712
2.789
2.467
2.574
3.065
2.386
3.271
2.702
2.624
2.322
3.993
3.732
2.973
2.840
2.152
3.969
2.664
2.722
2.983
2.397
2.690
2.270
2.900
3.640
2.413
3.490
2.917
2.498
4.116
3.100
2.990
2.625
2.639
2.604
3.012
2.720
3.147
1.827
2.885
2.824
3.240
2.508
2.706
3.676
2.796
2.690
2.324
2.544
2.725
2.940
2.867
2.230
3.281
2.473
2.678
2.620
2.300
3.262
2.929
2.065
2.833
2.778
2.442
3.217
1.637
2.615
2.604
2.695
2.959
3.021
3.010
1.821
2.739
2.842
3.056
2.791
3.026
2.127
2.869
2.663
1.982
3.258
2.842
2.138
2.159
2.707
2.814
2.004
2.781
2.706
2.842
2.598
2.829
3.246
3.225
3.781
2.675
1.848
2.549
3.943
2.620
2.111
3.327
2.618
2.725
1.963
3.188
3.849
2.540
4.114
2.700
3.040
3.487
3.000
2.610
3.102
2.430
2.076
2.719
3.092
3.111
3.422
3.239
3.832
3.612
2.565
2.773
2.913
2.808
2.242
2.996
2.677
2.016
2.517
3.032
2.599
2.219
2.178
2.692
2.111
2.930
2.456
2.791
2.848
4.005
2.586
3.208
3.924
2.468
2.792
2.235
2.556
2.597
1.487
2.528
2.061
2.314
3.770
2.631
3.470
2.692
2.768
3.069
3.294
2.869
3.408
2.438
2.320
3.655
3.547
2.710
1.781
2.445
2.781
2.173
3.130
3.550
2.179
2.275
2.120
2.762
3.272
3.373
2.554
2.750
3.174
2.689
3.032
2.974
3.089
3.237
2.427
2.224
1.653
1.667
1.778
1.715
1.812
2.082
3.958
3.108
2.519
1.763
1.674
4.134
1.621
2.901
2.724
3.405
2.807
2.529
2.830
3.047
3.660
3.540
2.729
2.675
3.506
2.907
3.891
3.213
3.174
2.945
2.698
3.902
3.243
3.369
3.968
3.265
2.752
2.471
3.053
3.562
3.201
3.022
2.656
2.136
2.803
3.610
3.264
3.102
2.585
2.722
3.063
3.361
3.354
2.183
3.439
3.600
3.885
2.762
2.092
4.112
3.349
2.566
2.590
3.577
2.435
2.131
2.870
3.559
3.264
3.267
2.280
3.464
3.168
3.675
3.986
2.177
2.001
2.791
2.816
2.355
2.565
2.958
3.026
3.136
2.585
2.308
3.567
2.725
2.183
2.844
2.233
1.717
3.243
3.693
3.087
2.483
4.028
2.874
2.939
2.736
3.423
2.826
2.531
2.933
2.752
2.751
3.465
3.224
2.799
3.181
4.042
2.277
2.704
3.894
2.489
2.180
2.804
1.315
1.606
2.672
2.986
2.166
4.089
2.737
1.957
3.918
2.782
3.436
2.295
3.204
2.429
2.840
3.347
3.098
2.609
2.944
2.398
3.333
3.704
2.447
2.472
3.129
2.427
2.401
1.847
3.887
3.515
2.517
2.468
2.796
2.640
3.316
2.351
3.726
2.072
1.873
3.904
3.026
3.584
3.218
2.051
4.117
2.767
2.908
1.987
2.700
2.932
2.510
3.526
3.380
3.833
3.165
1.973
2.567
3.117
2.905
2.948
3.209
2.307
2.445
3.198
2.273
2.306
3.896
3.009
2.274
2.282
2.526
2.814
2.715
0.571
4.015
2.533
2.882
3.509
3.939
3.247
3.202
2.567
2.405
3.195
2.594
3.845
3.426
2.824
2.992
2.997
2.807
2.570
2.889
2.474
2.892
3.530
2.932
3.149
2.273
2.169
2.694
2.622
3.071
2.685
2.426
2.410
3.260
2.676
2.631
3.387
3.053
2.949
2.179
2.228
2.455
2.900
2.279
2.830
2.595
2.623
2.579
2.192
3.250
2.636
1.994
2.651
3.408
2.433
3.364
2.441
2.311
3.385
3.166
2.449
2.986
2.434
2.499
1.710
3.141
3.113
3.280
3.620
2.240
3.933
2.168
3.763
3.026
3.688
3.140
2.021
2.197
2.955
2.864
2.787
2.394
4.058
2.503
3.764
2.901
3.898
3.383
2.626
3.466
1.984
3.096
3.446
2.615
1.708
2.873
3.025
3.339
2.362
3.439
2.025
1.589
1.906
3.808
2.942
2.637
3.878
2.599
3.014
2.064
2.791
1.740
2.244
2.434
2.857
2.474
1.584
2.295
1.608
2.815
2.667
3.381
2.232
3.130
2.122
3.765
2.929
2.691
3.841
2.801
2.301
2.214
3.001
2.462
3.041
1.864
2.004
2.682
2.700
2.811
3.063
2.821
2.480
2.185
2.323
2.578
2.522
3.544
3.983
2.831
2.662
3.156
1.843
2.223
2.296
3.953
2.917
2.707
1.986
2.033
2.671
2.544
3.248
2.184
2.326
4.068
3.560
3.026
3.933
2.776
3.204
2.521
2.843
3.286
3.355
2.249
2.984
3.130
3.313
3.276
2.536
2.629
3.236
2.830
2.838
4.012
2.837
2.921
2.388
2.486
2.842
3.918
2.173
2.932
2.363
2.134
1.701
2.432
2.376
2.285
2.742
3.317
2.501
2.697
3.875
2.837
2.436
2.609
3.646
2.892
1.680
3.509
3.188
3.050
1.586
3.958
2.822
1.380
3.205
2.857
2.763
2.271
2.762
3.892
2.800
2.143
3.083
2.889
2.474
3.011
2.435
2.957
3.302
4.008
2.555
3.262
2.630
2.766
2.663
3.318
3.817
3.922
2.790
2.565
2.846
3.515
3.962
3.215
3.497
2.610
2.719
2.153
3.813
3.771
2.846
2.759
2.735
1.575
3.968
2.259
3.716
1.602
1.826
3.076
2.042
1.640
2.748
2.495
1.756
3.792
2.321
3.883
3.020
3.394
2.957
3.105
2.713
3.065
2.722
2.685
2.138
3.200
3.608
3.205
2.792
2.841
1.839
3.314
3.230
2.586
3.801
3.141
2.666
2.629
2.551
3.000
2.620
2.939
2.628
3.581
3.214
3.423
2.603
3.855
2.631
3.051
2.839
2.863
2.214
2.348
1.814
2.016
2.318
3.543
2.923
3.396
2.725
3.172
2.521
