2.265
2.852
2.201
3.191
3.536
2.041
3.550
2.629
2.449
3.215
2.261
3.104
2.998
2.177
2.143
3.099
3.382
2.533
2.589
2.461
2.812
2.928
3.545
3.093
2.361
2.155
2.440
3.483
3.982
2.871
3.453
3.614
3.506
2.811
3.589
3.196
2.758
1.933
3.099
2.269
2.024
2.220
2.819
3.744
1.988
2.639
2.309
2.444
2.213
3.093
3.655
2.781
3.291
3.347
3.610
2.787
3.626
3.551
2.075
3.702
2.406
2.278
2.222
3.363
2.431
3.361
2.970
2.276
3.201
2.960
2.146
2.846
3.312
2.053
1.748
2.462
1.961
3.444
2.311
2.261
2.828
2.881
2.734
3.455
2.796
2.173
2.251
3.133
1.951
2.224
2.242
2.090
2.235
3.664
2.853
4.015
3.558
3.636
3.735
3.293
3.408
3.094
2.836
2.026
2.137
2.170
2.952
2.397
2.378
2.686
3.610
1.553
3.105
2.576
2.481
2.295
3.688
2.750
2.237
2.472
2.296
3.109
2.041
2.398
2.695
2.629
2.517
3.023
2.160
2.000
2.703
2.933
2.719
2.819
3.188
2.459
2.326
2.171
3.099
3.613
2.390
2.789
2.026
2.353
2.145
1.924
2.418
3.034
3.536
3.751
3.331
2.663
3.757
3.150
2.311
2.385
2.065
2.531
2.497
2.934
2.901
2.273
2.764
3.599
3.084
2.898
2.451
2.738
1.852
2.722
3.780
2.349
3.222
3.647
2.367
1.811
2.813
2.270
1.915
1.693
2.200
3.248
1.982
1.789
3.777
2.638
3.787
2.186
2.831
2.114
3.100
2.667
2.305
2.351
3.064
1.935
3.311
2.307
2.699
3.742
2.512
3.828
3.698
2.415
3.397
3.256
2.106
2.812
2.228
2.682
2.450
2.348
2.869
2.357
3.124
3.830
2.200
3.990
2.421
