3.423
3.765
3.158
3.202
2.709
3.119
2.910
3.134
1.358
3.459
2.028
2.547
2.709
3.108
3.021
3.449
2.148
2.569
3.003
2.704
2.533
2.544
2.721
3.311
2.696
1.531
2.727
2.808
2.948
2.394
3.152
2.656
2.967
2.953
2.827
2.811
3.174
3.592
2.430
2.805
2.394
2.338
2.973
3.867
2.776
2.617
2.594
2.436
2.896
2.779
2.549
2.302
2.485
3.661
2.597
2.937
2.180
2.921
3.053
2.655
2.491
2.890
3.744
3.454
3.507
3.662
3.341
2.494
3.626
3.633
2.907
3.258
3.308
3.371
3.122
3.749
3.972
2.474
3.279
4.094
2.880
3.659
3.374
2.412
2.752
2.678
2.828
3.237
2.598
3.162
3.026
2.418
2.222
3.148
3.455
3.201
2.793
2.419
2.947
3.533
2.923
2.943
2.583
3.057
2.499
2.575
2.978
3.373
2.880
2.301
2.633
3.210
2.876
3.354
2.474
3.705
3.278
1.547
3.184
3.140
3.017
3.412
2.876
3.128
2.839
3.067
3.513
2.696
2.448
2.496
2.942
3.111
3.655
2.530
2.482
2.784
2.736
2.782
3.137
2.363
2.835
2.838
2.692
3.676
3.718
3.242
3.285
2.801
3.473
2.718
3.950
2.908
2.432
2.829
2.657
3.209
2.955
3.209
3.000
2.249
2.683
3.373
2.149
3.605
2.456
3.241
3.228
3.986
2.622
3.381
2.945
3.090
3.907
2.548
3.438
3.018
3.095
3.028
4.026
3.065
2.991
3.734
2.422
2.563
3.620
3.527
3.074
2.791
3.061
2.857
3.578
3.039
2.562
3.051
3.489
3.811
3.103
2.865
2.773
2.910
2.904
2.868
4.025
3.583
3.473
2.747
3.698
3.338
3.438
2.600
3.901
2.850
2.572
3.524
3.864
2.878
3.106
2.957
3.910
4.110
2.657
2.712
2.928
2.919
3.895
3.039
3.248
2.504
3.138
3.711
2.609
3.077
2.738
3.045
2.633
3.310
3.086
3.035
3.158
3.461
3.337
2.396
2.395
3.171
3.774
3.016
2.015
2.982
2.599
2.734
4.124
3.273
3.752
2.599
3.431
2.603
2.503
2.107
2.961
2.118
3.444
2.437
3.021
3.018
2.428
3.461
3.023
2.849
2.944
2.543
2.631
3.625
3.017
3.908
3.139
3.515
2.918
2.945
3.478
2.495
4.051
3.378
3.118
3.012
3.266
2.635
2.746
2.642
3.197
3.169
3.225
3.408
1.640
3.209
3.682
3.621
2.685
3.393
2.379
2.209
4.077
3.204
2.823
2.483
2.611
2.549
2.346
2.675
2.177
2.660
3.171
3.480
3.293
3.499
3.329
3.081
2.929
2.843
2.782
2.864
2.801
3.447
2.911
2.223
3.287
2.899
4.053
2.706
2.158
3.632
2.266
2.886
4.081
2.747
2.338
3.363
3.380
2.367
1.958
3.220
3.470
2.470
3.014
2.840
3.392
3.461
3.620
3.343
3.702
2.789
4.071
2.858
2.489
2.562
2.954
2.844
3.100
2.821
3.116
3.852
3.140
3.346
2.182
2.610
3.901
3.444
4.051
4.015
2.860
4.035
3.380
3.598
3.439
3.886
2.766
3.511
2.528
3.549
2.494
3.509
3.380
4.092
3.142
4.085
2.661
2.289
2.794
2.486
3.692
3.144
3.785
2.324
3.341
2.935
3.394
3.245
2.987
3.397
2.988
3.288
3.258
2.752
3.791
2.226
3.336
3.089
2.614
3.230
2.295
3.005
2.829
3.152
3.244
3.303
2.035
2.817
3.827
3.995
2.555
2.355
2.665
3.254
3.219
2.182
2.603
3.606
2.569
3.256
3.300
3.174
2.729
3.469
3.261
3.756
2.654
3.278
2.935
3.746
3.542
2.234
3.316
2.691
3.869
2.463
3.331
2.629
3.267
3.972
2.420
2.604
2.905
2.687
2.658
3.329
3.509
3.302
3.502
3.338
2.597
3.317
3.979
2.835
2.920
3.409
3.270
4.021
2.571
2.886
4.014
2.914
3.176
2.360
2.973
3.685
3.244
3.909
2.885
3.085
2.220
3.489
3.289
3.955
2.864
3.661
3.520
3.153
2.897
2.964
3.085
2.827
2.926
3.393
2.833
3.039
2.568
3.515
2.763
2.370
3.481
3.104
2.753
2.665
3.224
3.266
2.932
3.182
3.228
2.077
3.640
3.365
3.819
3.155
3.280
2.968
3.308
2.539
2.718
3.194
2.786
2.299
2.907
2.335
3.002
4.024
3.083
3.116
3.002
2.725
3.633
3.461
3.480
3.995
2.987
3.540
3.243
2.823
2.678
3.028
3.041
2.294
2.736
2.378
2.938
3.006
3.545
2.581
3.247
2.777
3.454
3.633
3.099
3.658
2.691
3.426
2.852
3.018
3.817
2.999
3.215
3.090
2.581
3.472
2.995
3.173
2.306
3.442
2.230
3.575
3.176
2.854
2.887
2.679
3.187
2.322
3.728
2.895
3.003
2.881
2.911
3.698
3.847
3.437
2.988
3.052
3.053
3.481
2.808
2.504
3.356
3.244
2.731
2.504
2.522
3.021
2.627
3.254
3.406
3.847
2.983
2.998
3.016
2.957
2.922
2.776
2.949
3.364
3.068
2.411
2.783
2.253
2.283
2.992
2.972
3.388
3.662
3.931
2.612
2.865
2.582
2.505
2.938
3.735
3.473
3.670
3.823
2.844
2.983
2.704
3.462
3.126
3.992
2.922
3.111
2.566
2.017
2.411
2.154
3.489
2.897
2.443
2.999
2.010
3.243
2.765
3.618
2.648
2.329
2.337
2.951
2.530
3.739
3.316
3.056
2.690
3.141
2.404
2.512
3.931
3.359
3.411
3.069
3.093
3.067
3.134
3.091
3.169
2.351
2.336
2.496
2.586
3.363
3.119
2.785
4.085
3.014
3.455
2.365
2.772
3.487
2.321
3.822
2.939
3.330
2.649
2.996
2.162
3.659
2.808
2.914
2.926
3.204
2.184
2.612
3.275
3.433
3.286
3.186
2.292
2.297
2.414
2.444
3.773
4.083
3.209
3.750
2.876
2.674
2.466
2.538
2.716
2.694
1.972
2.878
3.007
3.655
2.626
2.774
2.305
2.995
4.122
3.331
2.551
3.617
3.250
2.389
3.783
4.088
3.994
2.412
2.657
2.620
2.486
3.051
3.264
2.711
3.396
2.565
2.605
3.801
2.155
3.171
3.748
3.096
2.689
2.876
2.776
2.340
2.864
3.828
3.568
3.381
3.096
2.907
2.447
3.372
2.354
3.138
3.048
3.087
2.759
3.594
3.791
2.868
3.091
2.247
2.974
2.213
2.501
3.392
2.855
2.566
2.453
2.904
2.347
3.879
2.491
2.814
3.066
2.863
2.988
2.779
2.740
2.691
2.890
3.232
2.959
2.076
2.912
2.885
2.895
3.094
3.742
2.721
2.520
3.025
1.919
2.858
3.003
2.479
3.234
2.979
2.865
4.107
2.617
3.917
3.467
2.072
2.709
3.256
3.670
2.740
2.684
3.560
3.142
3.442
2.946
3.463
2.724
2.695
2.643
3.576
2.251
2.072
3.253
3.095
3.525
3.957
3.455
3.669
2.729
2.817
3.189
2.721
3.664
2.643
3.109
2.909
2.719
2.888
2.936
2.463
3.406
3.279
3.375
2.699
3.068
3.292
2.174
2.534
3.088
3.252
2.919
3.386
2.727
3.156
2.515
3.149
2.744
2.577
3.130
3.571
3.634
3.434
3.783
2.317
2.353
2.970
2.674
2.658
3.039
3.137
2.524
3.167
0.864
2.456
2.126
2.855
2.914
3.101
2.884
3.632
3.476
2.625
3.352
3.065
3.162
3.371
2.052
3.012
3.474
2.874
3.597
3.104
3.432
3.745
3.744
2.816
3.440
2.937
3.946
2.950
3.193
3.408
2.807
2.846
2.977
3.447
4.021
4.071
4.040
3.020
2.359
3.522
3.266
3.463
2.646
3.215
2.942
2.324
2.718
2.788
3.293
3.300
3.511
3.415
2.764
2.449
3.770
2.135
2.566
3.664
4.010
3.305
2.817
3.069
3.423
3.296
3.841
2.620
3.481
2.422
3.348
2.141
2.618
2.895
2.521
2.067
2.791
3.125
3.277
2.914
2.201
2.657
2.581
3.643
4.028
3.530
4.013
2.702
3.223
4.128
2.437
3.196
3.002
2.886
3.433
3.779
3.905
3.201
2.824
3.877
3.400
3.745
2.606
3.604
2.904
4.022
2.826
4.025
2.880
2.249
2.774
2.891
3.571
2.561
2.334
1.885
3.337
3.075
2.901
3.217
3.501
3.572
2.865
3.992
2.594
3.912
3.025
3.987
3.199
3.830
3.052
3.087
3.146
3.163
2.547
3.022
2.591
2.890
2.564
2.980
3.474
2.440
2.830
3.282
2.499
2.516
2.888
2.532
2.593
3.474
3.423
2.309
3.387
3.796
2.613
2.856
3.143
2.155
2.288
2.228
2.709
3.810
3.707
2.501
2.872
3.201
3.237
2.735
2.424
3.913
2.997
3.601
2.837
3.296
2.334
2.990
3.827
2.836
3.396
3.315
2.344
1.771
1.896
3.115
2.982
2.527
2.350
1.841
3.155
2.804
2.428
2.347
3.175
3.038
2.281
1.965
2.317
3.300
2.875
2.262
2.734
1.939
2.791
3.024
3.338
2.739
2.440
3.907
3.079
3.272
2.802
3.514
3.408
2.283
3.344
2.368
2.212
3.109
2.875
3.127
3.204
3.091
2.784
3.233
2.769
3.145
2.979
2.512
2.883
2.738
3.922
2.091
4.096
3.018
2.710
2.758
2.804
3.179
3.734
3.687
3.174
3.824
2.792
2.914
2.334
2.423
2.967
3.053
2.958
2.402
2.734
2.169
3.684
3.062
2.609
2.890
2.441
3.173
3.687
2.649
2.938
2.393
2.976
3.209
2.647
1.811
3.485
3.651
2.674
3.108
2.871
3.176
2.305
2.895
3.703
2.942
3.213
2.369
2.172
2.217
2.513
2.401
2.705
2.826
2.261
2.660
3.637
2.791
2.423
2.522
2.401
3.942
3.526
3.179
2.596
3.723
3.155
3.285
3.057
2.052
3.253
2.229
2.866
3.497
3.500
2.088
3.285
2.805
2.257
0.837
3.048
2.264
3.187
2.353
2.678
2.270
3.836
1.256
1.868
2.000
2.863
2.900
3.023
3.911
2.173
3.021
2.624
2.797
3.064
1.731
3.961
2.669
2.316
2.607
3.155
3.649
3.114
1.907
2.980
2.523
2.677
2.823
2.661
2.762
2.615
2.901
3.446
3.727
2.916
2.079
2.614
2.145
2.711
2.404
3.199
2.421
3.095
1.919
2.814
3.441
3.041
0.844
3.050
2.736
3.968
2.699
3.205
2.567
3.257
2.948
2.862
2.909
2.522
2.750
2.422
2.393
3.105
2.363
2.862
3.577
3.730
2.991
2.096
2.460
1.928
3.806
2.740
2.274
3.918
2.782
3.830
2.820
2.473
2.662
2.906
2.929
2.967
2.719
2.219
3.835
3.156
2.558
2.214
2.238
2.720
3.204
2.969
0.894
2.348
3.143
3.231
2.986
2.595
2.170
3.886
2.641
3.334
2.743
3.156
3.357
1.722
2.451
3.572
2.074
2.850
3.199
2.955
3.494
2.896
2.754
3.124
2.178
2.512
4.025
2.583
3.389
3.100
2.486
3.801
2.979
1.944
3.165
2.744
2.681
2.430
3.033
2.666
2.555
2.932
2.633
2.826
2.334
3.109
3.139
2.488
0.957
2.692
3.330
2.390
3.004
3.289
3.445
2.289
0.866
3.186
2.851
2.734
3.647
3.362
2.638
2.615
3.800
2.898
2.724
2.879
2.764
3.298
3.268
2.391
2.891
3.203
3.413
2.588
2.642
2.410
3.061
2.312
3.192
1.770
2.888
3.598
2.412
3.381
2.232
2.829
2.960
3.961
2.516
3.410
2.735
3.000
2.751
3.460
2.323
3.511
2.571
2.490
2.853
2.881
2.281
3.005
2.926
3.922
1.792
3.054
1.863
2.558
2.110
3.148
2.562
2.516
3.783
3.002
2.835
3.182
3.131
3.716
3.567
2.916
2.475
2.728
1.922
2.825
2.831
2.091
3.204
3.059
2.818
3.656
3.482
2.826
2.772
2.260
3.064
2.415
2.191
3.303
1.771
2.406
3.149
3.378
3.009
2.966
2.968
3.330
2.700
1.998
2.712
1.902
2.312
2.380
2.761
2.863
2.732
3.075
2.875
2.634
3.035
2.380
2.971
2.221
2.415
3.809
3.154
3.568
2.636
2.713
2.675
2.550
2.498
3.088
3.210
3.644
3.692
2.477
3.294
2.484
3.230
2.677
3.958
3.086
3.393
2.429
3.279
3.284
3.940
2.971
2.670
2.614
2.322
2.619
2.240
3.384
3.044
3.588
3.921
3.440
2.889
2.776
2.228
3.624
3.206
2.827
2.445
2.284
2.295
2.840
2.619
2.810
2.454
2.777
2.714
2.280
3.475
3.319
3.483
3.677
2.400
2.369
1.938
2.012
1.832
2.349
3.365
3.565
3.895
1.853
2.234
2.556
2.282
2.573
2.676
3.163
2.713
3.116
2.786
2.585
2.457
2.925
2.994
3.939
2.936
2.731
3.634
2.949
3.014
2.632
3.797
2.801
3.327
2.423
2.762
2.589
2.795
3.497
2.598
3.415
3.869
2.412
1.831
3.232
2.726
3.435
2.879
2.610
3.012
2.349
2.189
3.207
3.502
2.891
2.994
3.202
2.571
2.982
3.231
2.481
2.892
2.725
2.363
2.054
2.141
2.132
2.912
2.441
3.605
3.391
2.404
2.391
2.806
2.863
2.548
2.700
3.493
2.821
3.130
1.450
2.093
3.600
3.252
3.364
2.675
3.290
3.365
2.548
2.167
2.280
3.241
2.253
3.138
3.645
2.273
1.882
3.004
3.363
2.614
2.345
2.324
2.564
3.109
2.977
2.613
2.475
2.028
3.225
2.949
2.927
2.996
2.960
2.908
2.458
2.171
2.670
3.838
2.441
2.747
2.628
2.636
2.524
3.167
2.095
3.862
3.155
2.416
2.602
2.618
2.678
3.116
2.779
2.577
2.552
2.633
3.407
3.035
3.262
3.215
3.789
2.593
2.925
2.768
3.310
3.562
3.641
2.930
3.542
2.745
2.815
2.368
2.183
3.135
3.803
2.620
2.589
2.594
2.593
2.649
3.832
3.337
2.574
2.514
3.020
3.126
2.482
4.100
2.834
3.631
3.997
2.582
3.025
3.307
2.845
2.635
2.606
2.761
3.816
1.631
3.243
3.327
3.044
3.594
2.528
3.258
3.141
3.189
3.164
2.814
3.018
3.302
3.665
3.297
2.844
3.088
2.354
4.138
3.774
3.370
2.310
3.666
3.004
2.724
2.799
3.266
3.037
3.929
3.395
2.647
2.744
2.170
2.461
2.643
2.918
3.970
2.907
3.246
1.982
3.362
2.846
3.470
3.007
2.495
3.379
2.848
1.845
2.732
3.720
3.594
3.059
2.926
2.400
3.413
3.149
2.284
3.017
2.855
3.037
2.762
2.330
2.761
2.921
2.332
3.433
3.038
2.945
2.820
1.955
3.054
2.794
2.960
2.563
2.499
3.153
0.853
2.528
2.862
0.828
1.646
2.270
2.301
2.947
0.838
2.417
2.862
2.901
2.429
2.774
2.510
2.578
2.498
3.020
2.995
2.703
3.274
2.804
2.811
1.057
3.021
2.795
3.087
2.860
2.851
2.951
2.975
2.435
2.635
2.642
2.659
2.721
2.279
3.237
2.981
1.867
2.378
3.080
3.437
2.887
3.709
3.165
3.313
2.014
2.420
3.448
2.504
2.527
2.805
3.005
2.786
2.517
2.622
2.241
2.465
2.607
2.606
2.526
2.374
2.354
2.330
3.349
3.205
3.177
2.676
2.789
2.791
2.733
2.585
2.777
2.689
2.575
2.873
2.870
2.896
3.402
3.242
3.279
2.415
3.614
2.436
2.550
2.545
2.688
