3.363
3.261
3.316
3.245
3.464
3.703
3.076
3.093
3.453
3.262
3.239
2.904
2.896
3.699
3.747
3.736
3.699
3.724
3.196
3.171
3.860
2.936
1.642
2.771
1.346
3.744
3.653
3.180
3.438
3.702
3.393
2.662
3.164
2.387
2.863
2.722
2.600
2.557
2.933
2.705
3.045
3.572
3.478
3.592
3.583
3.640
3.883
3.881
3.869
2.734
3.221
3.911
3.541
3.210
2.238
3.840
2.849
3.990
3.990
2.563
3.705
3.057
3.825
3.118
4.106
3.698
3.099
2.836
2.729
1.886
3.171
3.883
3.184
3.281
3.467
3.791
3.870
3.708
3.840
3.809
3.901
2.268
3.705
3.789
3.294
3.820
3.790
3.181
3.695
3.209
2.078
2.787
1.442
3.722
3.742
3.687
3.374
2.483
2.721
2.695
3.401
3.475
3.423
3.415
2.088
3.400
3.340
3.465
2.539
3.442
3.413
3.274
3.547
3.387
3.246
3.328
3.273
3.429
3.370
3.224
3.500
3.258
3.708
3.713
3.747
3.748
3.800
3.798
3.890
3.768
3.726
3.874
3.781
3.827
3.797
3.168
3.785
3.829
3.808
3.770
3.823
3.790
2.914
2.633
3.430
3.943
3.925
3.927
2.541
2.331
2.708
2.324
2.514
2.462
2.836
2.982
3.174
2.453
2.451
2.830
4.003
4.107
1.535
2.882
2.076
1.702
3.397
2.460
2.967
2.703
2.760
3.228
3.982
3.957
3.055
3.623
2.501
3.163
2.648
3.985
2.872
2.574
1.794
1.685
3.275
2.678
3.009
2.184
2.819
3.947
4.117
2.160
2.634
2.510
2.223
2.573
2.313
2.520
2.357
2.662
2.096
2.312
1.874
3.874
2.639
2.475
1.820
2.761
2.333
2.346
2.534
2.382
1.908
3.429
3.763
3.510
3.416
2.919
2.709
2.938
2.998
2.416
2.566
2.744
2.364
2.910
2.918
3.931
2.163
2.449
3.024
3.075
3.926
1.981
2.486
3.071
2.161
2.934
2.403
2.519
2.534
3.108
3.460
2.631
3.830
3.591
2.540
2.609
2.417
2.718
3.201
2.499
1.886
3.298
2.460
2.903
2.784
2.375
2.056
3.417
2.647
2.396
2.415
2.343
2.401
2.344
1.999
1.853
2.227
1.605
2.331
3.059
2.900
2.411
3.504
3.033
3.074
3.219
3.825
3.119
3.475
2.412
2.595
1.513
3.299
2.815
3.135
3.114
3.035
2.458
2.842
3.529
2.649
2.598
2.748
2.914
3.075
2.343
2.814
2.400
2.380
3.136
2.633
2.700
2.044
2.697
2.656
3.277
2.669
2.290
2.670
2.475
3.021
2.900
2.591
2.596
2.809
3.655
1.850
2.238
3.258
3.394
3.942
2.653
2.449
3.272
3.431
4.001
2.516
2.547
2.811
2.925
3.517
2.368
2.691
2.782
2.988
2.782
2.416
2.103
2.146
2.551
2.444
3.061
2.538
3.404
3.996
3.001
2.632
2.909
2.255
2.984
2.557
3.575
2.483
2.998
3.044
2.757
2.783
1.762
2.481
2.863
2.868
2.856
2.640
3.715
2.968
2.949
3.009
2.874
2.205
3.323
3.966
3.797
3.930
3.207
1.799
3.025
2.523
1.673
1.930
2.731
2.567
2.206
2.455
2.968
2.679
2.478
2.540
2.871
3.002
2.414
2.350
2.582
2.756
2.390
2.641
2.694
2.920
2.276
2.496
3.607
3.374
3.066
3.392
3.228
3.298
3.236
3.102
2.203
2.923
3.291
2.644
2.402
2.352
2.455
3.315
3.099
3.730
2.827
2.785
2.652
3.169
2.715
3.302
3.259
2.592
2.919
2.037
3.109
3.224
2.076
2.697
2.966
2.852
2.616
2.798
2.966
2.610
1.999
2.660
2.420
2.083
2.454
3.376
3.297
2.226
3.693
2.890
3.294
2.116
2.283
2.751
2.996
2.957
2.721
3.583
3.976
3.376
2.976
1.618
2.657
3.378
1.739
2.487
2.601
3.273
3.245
3.579
3.394
3.436
3.386
2.489
3.107
2.302
3.381
3.383
3.200
3.068
3.273
3.539
2.480
2.782
3.936
2.103
2.479
2.034
1.952
2.850
2.868
3.830
3.279
3.239
3.263
3.303
2.836
2.405
3.030
2.910
2.331
2.421
2.344
3.212
1.499
2.859
2.623
2.677
3.254
3.232
2.013
3.847
2.441
2.406
2.612
3.808
2.729
2.283
2.463
2.567
2.637
3.239
2.684
2.692
3.387
3.418
3.379
3.389
2.909
2.266
2.594
2.143
3.215
3.676
2.202
2.479
3.682
2.068
2.798
3.029
3.036
3.464
3.215
3.042
3.197
2.863
2.182
3.854
2.683
3.029
3.025
2.114
2.719
4.070
3.152
2.516
3.073
3.120
2.718
3.390
2.688
2.527
2.806
3.409
3.930
3.014
2.544
2.595
2.774
4.014
1.941
1.969
1.954
1.932
3.148
2.891
3.344
2.987
3.577
2.334
2.244
2.862
2.989
2.466
3.884
3.488
2.666
2.473
3.831
2.808
2.853
3.115
3.727
2.786
4.031
3.521
3.949
3.062
3.636
3.440
2.787
2.886
2.403
3.282
1.774
3.945
3.074
2.743
2.537
3.476
2.922
3.691
3.565
2.794
4.137
2.197
3.090
3.475
3.327
3.763
2.332
2.881
3.587
3.282
1.856
2.151
3.004
2.977
2.614
2.348
2.720
2.309
3.275
3.385
3.678
4.137
3.828
2.649
3.027
2.284
3.989
3.993
2.619
2.216
2.485
3.307
2.802
2.110
2.420
3.486
2.513
3.655
3.459
3.819
2.921
3.050
3.159
2.663
2.382
3.146
2.693
2.858
2.401
1.267
3.360
2.717
2.634
3.297
2.300
3.943
2.872
2.406
3.632
2.832
3.109
3.531
3.872
3.308
2.901
2.924
2.761
4.102
2.739
3.160
3.868
2.448
2.892
2.622
3.241
2.319
2.117
3.996
2.782
2.774
2.999
3.005
3.491
2.082
3.053
3.572
3.380
3.460
3.459
3.265
2.732
2.711
2.031
2.764
2.499
2.443
3.530
2.895
3.665
2.282
3.504
2.944
2.462
2.529
3.488
2.693
2.892
1.999
1.597
3.182
2.686
2.703
3.384
3.999
2.622
2.966
1.484
3.404
2.362
2.392
2.912
2.981
2.962
1.479
2.430
3.422
3.238
2.958
3.110
2.364
2.630
2.484
3.311
3.134
2.361
2.535
2.481
2.999
2.145
3.073
3.352
3.947
3.139
3.116
2.468
2.395
3.332
3.048
3.840
2.648
3.458
3.084
1.954
3.974
2.192
2.963
2.805
3.098
3.786
3.331
2.863
3.022
1.958
2.488
2.218
3.792
2.532
2.813
2.436
2.090
3.083
3.009
2.960
2.071
2.314
2.566
3.258
3.146
4.009
2.864
2.155
2.677
2.830
2.569
2.663
2.091
3.073
2.755
2.576
2.632
2.171
2.928
2.570
2.609
2.432
3.232
2.176
1.931
1.759
4.076
3.381
3.193
3.738
2.450
2.988
3.135
3.137
3.388
3.442
3.882
3.079
2.252
3.213
2.975
2.278
2.961
2.106
2.490
2.066
1.897
3.818
3.241
2.773
3.741
2.233
3.152
1.761
3.050
3.080
2.272
3.150
3.971
2.070
2.782
2.450
3.728
3.107
2.532
3.970
3.650
3.254
3.289
1.678
3.180
2.448
3.967
3.440
3.980
3.659
2.846
2.582
3.412
3.305
1.457
3.732
2.199
2.288
3.775
2.634
2.339
3.334
3.211
2.354
3.758
4.076
2.151
2.659
3.963
2.730
2.437
2.489
3.253
2.069
2.710
2.233
3.737
1.931
2.359
2.496
2.376
3.955
3.557
3.234
3.919
4.059
3.165
2.285
2.273
4.048
1.867
3.466
4.047
3.162
3.204
1.571
3.659
2.711
3.176
2.155
3.416
3.106
2.651
2.551
3.842
2.353
3.346
2.473
3.911
2.558
2.060
4.006
2.858
2.341
2.998
3.742
3.729
2.828
4.051
2.674
2.476
3.110
3.474
3.421
3.552
2.404
2.774
3.587
1.362
3.382
2.626
3.355
2.867
2.304
2.361
3.381
1.903
1.787
3.535
2.893
3.442
3.029
2.831
2.367
1.786
2.030
2.453
2.594
3.129
1.976
3.236
3.212
3.927
2.282
3.771
3.401
3.653
3.300
3.132
2.540
2.309
2.365
2.239
3.392
2.785
1.847
3.959
2.117
3.060
2.142
2.446
3.323
2.988
3.699
2.969
3.172
3.724
2.266
3.044
3.572
3.313
3.695
3.370
2.238
3.025
4.029
2.675
3.097
3.731
3.972
2.706
3.943
3.908
3.964
2.371
2.820
1.698
3.734
3.109
2.620
2.956
2.084
3.168
1.435
2.295
2.069
3.579
3.887
2.164
3.536
2.421
2.331
3.197
2.893
2.918
2.304
2.168
2.266
3.021
2.882
3.040
2.000
2.493
2.624
3.075
3.296
1.933
3.812
3.031
1.528
2.896
2.611
2.988
3.561
3.241
3.414
3.927
3.586
2.595
3.318
3.935
3.127
2.213
3.987
3.783
2.660
2.692
2.418
2.828
3.498
2.286
1.840
1.870
3.301
3.143
2.153
2.028
3.030
2.415
3.232
2.344
3.415
1.966
2.853
3.155
2.786
2.709
2.688
2.665
1.919
2.007
3.186
2.917
2.667
2.559
3.590
2.745
2.754
2.914
3.157
3.505
1.959
1.311
2.939
3.796
3.016
2.464
1.781
1.619
1.940
2.773
3.235
2.815
2.913
3.569
3.361
1.843
2.145
2.010
2.452
3.089
2.347
3.216
3.072
2.072
2.707
1.881
2.363
2.387
2.268
2.467
2.001
3.020
2.900
3.482
3.103
1.969
3.055
3.167
2.851
3.109
2.163
3.241
2.285
1.533
3.877
2.688
2.809
2.621
2.428
2.533
2.730
3.363
3.955
