2.397
2.466
2.135
2.043
2.118
1.771
3.179
1.866
2.212
2.344
2.735
2.454
3.833
2.213
2.477
2.999
2.387
2.174
2.085
2.137
1.964
2.302
2.286
2.428
2.017
2.398
2.368
1.962
2.243
2.018
2.153
2.326
1.770
1.617
2.035
2.110
2.235
2.217
1.999
3.845
2.446
1.871
1.891
1.976
2.076
2.027
2.415
1.812
1.833
2.147
4.064
2.075
1.945
2.471
2.356
4.004
1.929
2.518
2.799
3.137
2.933
2.318
2.127
2.498
2.885
3.088
3.214
2.522
2.611
2.487
1.914
1.993
2.072
2.525
2.269
2.104
2.343
2.740
2.596
2.327
2.226
2.084
2.456
1.983
2.430
2.305
2.398
2.380
2.404
2.787
2.822
2.983
2.665
2.584
2.440
2.327
2.644
2.377
2.088
2.116
1.757
2.457
2.430
2.033
2.442
2.711
2.669
2.431
2.961
2.824
2.794
2.722
2.529
2.776
3.028
2.462
3.201
2.823
2.229
2.489
2.389
2.220
2.204
3.178
2.880
3.301
2.378
3.395
3.481
2.556
2.412
3.343
2.342
1.984
3.336
2.666
2.444
2.427
2.255
2.673
2.301
2.026
1.872
2.693
2.167
2.023
2.390
1.957
2.584
2.260
2.111
2.529
1.873
2.544
2.070
2.187
2.430
2.801
3.174
2.693
2.928
2.237
2.897
2.159
2.156
2.466
2.059
2.053
2.417
2.541
2.389
2.412
3.834
1.999
2.526
2.050
3.133
2.616
2.050
2.572
2.275
1.995
3.179
2.440
3.134
2.623
1.974
1.962
2.203
2.231
2.087
2.196
2.683
2.033
2.229
2.432
2.145
2.986
2.367
2.433
2.359
2.507
2.776
2.720
2.288
2.333
2.045
2.376
2.845
3.948
2.922
2.645
2.190
2.044
3.650
1.944
2.983
2.119
3.533
2.147
2.171
1.999
2.664
2.429
2.799
2.548
3.328
2.878
2.613
2.577
2.635
1.883
2.348
2.220
1.861
2.944
2.215
2.357
2.061
2.105
2.189
2.725
2.019
2.029
2.105
1.981
2.608
2.719
2.537
2.745
2.724
2.300
2.399
2.379
2.327
2.274
2.233
2.237
3.153
2.577
2.716
2.433
2.503
3.757
2.836
2.329
2.044
2.398
2.422
3.129
2.434
3.627
2.979
2.328
2.297
2.327
2.500
2.112
2.538
2.442
2.344
2.825
3.963
2.083
2.473
2.367
2.490
3.165
1.837
2.499
2.326
2.244
3.300
2.957
3.106
2.153
2.557
1.881
2.267
2.320
2.573
2.451
2.913
2.847
2.726
2.012
2.112
2.656
2.595
2.774
3.000
2.845
2.177
3.261
3.231
2.235
1.783
2.311
2.996
2.702
2.571
3.032
2.682
2.310
2.693
2.334
2.013
2.495
2.919
2.133
2.225
2.790
3.363
3.232
3.214
2.325
2.373
2.524
2.573
2.389
2.639
2.687
2.750
2.054
2.545
2.283
2.461
4.042
3.024
2.471
2.422
2.304
1.966
2.520
2.339
2.152
2.399
1.605
2.072
3.174
2.438
2.718
2.837
3.086
2.501
2.666
3.226
2.057
1.691
3.356
2.087
2.165
2.381
2.110
2.453
3.217
2.145
2.735
3.805
2.860
2.736
3.398
2.274
1.793
2.462
3.630
2.639
2.532
2.520
2.789
2.231
2.371
2.932
2.775
2.558
2.250
2.222
2.358
3.109
2.177
3.386
3.776
2.822
3.042
3.046
2.542
2.410
2.762
2.380
1.974
2.315
3.254
2.331
3.712
2.939
2.756
2.699
3.133
2.670
2.712
3.771
2.508
2.691
2.188
2.309
2.140
2.397
2.803
3.856
2.589
2.522
1.890
2.152
2.547
3.229
3.021
2.219
3.759
3.987
2.470
3.972
3.017
2.831
2.672
2.121
3.259
3.229
2.519
3.543
3.627
2.293
4.038
2.220
2.288
3.204
2.523
2.269
2.964
2.495
3.739
3.010
4.007
2.740
2.060
2.427
2.780
2.422
3.336
3.491
2.259
2.590
4.023
3.024
2.970
2.426
2.632
2.402
3.428
3.713
3.476
3.595
2.302
2.741
2.475
2.382
3.039
2.911
2.495
2.100
2.040
2.991
2.549
2.946
2.959
2.984
2.878
3.139
2.390
2.019
