3.313
3.664
2.465
2.861
3.211
2.709
2.232
2.631
2.150
3.181
3.381
2.631
3.960
2.787
3.710
3.939
2.658
1.973
2.619
2.915
2.790
3.734
3.141
2.707
3.288
3.196
3.210
3.751
3.256
2.161
2.948
3.602
2.789
2.739
3.832
3.300
1.872
2.379
2.586
3.315
3.045
3.397
2.708
2.846
3.077
2.734
3.087
2.829
3.152
3.016
3.062
3.307
2.287
3.128
2.879
2.660
2.970
2.958
2.546
2.097
3.725
3.260
2.676
3.387
3.013
3.555
3.079
3.415
2.681
3.286
2.581
3.371
3.514
2.062
3.941
2.710
3.114
3.589
3.643
3.397
2.926
2.094
2.198
3.737
2.873
2.989
2.327
4.139
2.272
3.348
2.839
3.920
3.461
3.448
3.508
2.836
2.574
2.849
2.953
3.905
3.591
3.455
2.831
2.871
2.893
3.693
2.424
3.470
3.710
2.337
2.618
3.072
2.112
3.073
2.697
2.808
2.719
2.331
3.188
3.431
2.298
3.322
3.905
2.679
2.516
3.017
2.498
3.088
2.551
2.761
3.327
3.750
3.018
2.513
2.987
2.949
2.972
2.326
2.747
2.337
2.878
2.557
2.905
3.914
3.130
3.011
2.845
2.986
2.473
3.234
3.297
3.345
2.768
2.713
2.424
2.980
2.639
2.254
3.046
2.984
3.021
4.063
2.502
3.251
3.535
2.523
2.372
2.900
4.048
3.727
2.725
3.125
4.068
2.599
2.543
3.152
2.532
2.990
4.023
1.889
3.393
3.853
2.540
2.902
2.435
2.907
2.955
3.170
3.473
3.763
3.298
3.774
3.109
2.430
3.717
2.756
3.101
3.452
3.264
2.675
2.900
4.079
2.477
3.068
2.699
2.306
3.356
3.885
3.322
2.201
3.609
2.953
2.688
3.050
3.768
2.838
2.882
2.489
3.189
3.541
2.979
3.404
3.562
2.993
2.978
2.742
3.880
2.907
2.810
3.103
3.866
2.916
2.972
3.281
3.203
2.817
3.577
2.867
2.779
3.062
3.066
3.700
3.404
2.532
3.412
2.408
2.497
2.969
2.640
2.442
3.156
2.643
3.627
2.983
3.135
3.240
2.645
2.855
3.746
3.104
3.086
2.313
3.745
2.966
3.684
2.539
2.531
3.377
3.249
2.007
3.904
2.835
3.756
2.280
2.700
3.152
4.019
3.156
3.659
3.315
2.776
2.999
3.399
2.969
2.712
2.448
3.609
2.877
4.162
3.345
3.575
2.862
3.659
3.466
1.904
2.410
2.676
2.152
1.886
3.299
3.283
2.999
2.839
2.574
3.111
2.627
3.288
2.587
2.186
2.871
2.459
3.466
3.651
3.311
3.188
2.847
2.902
2.784
3.764
3.356
3.458
3.481
3.012
3.172
2.737
3.635
3.085
3.771
3.762
2.766
3.085
3.044
2.234
3.682
3.348
3.266
3.514
2.565
3.556
2.553
3.749
3.172
3.078
2.943
3.080
2.129
2.719
2.558
3.707
2.948
4.151
3.299
4.022
3.076
2.722
3.683
3.704
3.809
3.440
2.037
3.438
2.681
3.159
3.730
2.822
3.204
2.318
3.327
3.741
2.391
3.159
2.946
3.795
3.885
3.335
3.099
3.863
3.978
3.473
2.904
2.850
2.332
2.623
2.695
2.781
2.794
2.387
2.689
3.442
2.973
2.632
2.899
2.934
2.864
2.841
2.616
2.401
2.335
3.079
2.764
3.030
2.662
3.111
2.704
3.299
3.360
2.754
2.905
2.780
3.219
2.581
2.824
3.023
2.797
2.574
2.550
2.693
2.101
2.424
3.537
2.574
2.617
2.397
3.003
2.877
3.048
2.717
1.831
3.183
3.844
3.572
3.842
2.414
2.723
2.897
2.588
3.194
3.280
2.796
3.840
2.522
3.158
2.689
3.323
2.478
2.753
2.757
3.518
3.760
2.381
2.936
2.988
2.927
3.051
3.079
2.673
2.752
2.412
3.112
3.163
3.355
2.859
2.884
2.650
2.347
1.987
2.885
2.859
2.801
2.598
3.755
2.441
2.649
2.906
2.522
2.539
3.778
2.912
2.403
3.515
3.215
2.905
2.914
2.081
2.581
3.160
4.099
3.113
3.332
3.765
2.787
3.402
3.581
3.757
2.916
4.126
3.761
3.582
3.742
3.063
2.963
3.268
3.240
3.346
2.581
3.851
2.277
2.282
1.896
3.342
2.996
3.351
2.551
2.725
2.314
2.712
2.410
2.296
3.872
2.038
2.544
2.960
2.273
2.716
2.691
2.530
2.242
2.595
3.438
2.297
3.134
2.976
2.605
2.651
2.826
2.139
3.062
3.898
3.561
3.064
2.641
2.548
3.062
1.844
2.484
2.618
3.165
1.959
2.328
2.490
2.922
2.500
2.702
4.091
3.426
3.785
3.091
3.409
2.514
1.962
3.009
3.420
2.976
3.043
2.630
2.979
3.221
2.179
1.959
2.011
2.330
3.547
2.327
2.708
2.848
3.528
3.079
2.979
3.133
2.373
3.111
2.876
2.722
3.271
3.133
2.677
3.277
2.742
2.441
2.841
3.177
3.203
3.470
3.084
1.901
3.506
2.671
2.189
2.954
2.421
3.625
3.155
2.164
2.904
2.005
2.788
2.705
2.271
2.862
3.141
2.278
2.951
2.305
3.423
2.776
2.776
3.211
3.057
0.849
0.808
2.420
2.388
3.211
1.659
2.205
3.938
2.535
2.481
2.965
2.647
2.655
2.702
2.924
2.137
2.095
2.469
3.312
3.239
2.084
2.980
2.839
2.979
3.856
2.721
2.794
3.033
4.032
2.439
2.654
1.987
3.160
2.930
2.023
2.648
2.365
2.844
1.942
2.380
2.897
1.921
2.556
2.570
3.123
2.245
3.396
3.272
2.244
2.570
2.909
2.048
3.428
2.609
2.063
3.756
2.791
2.275
3.065
3.565
3.144
2.702
2.992
3.749
3.176
3.033
3.779
4.038
2.393
3.332
3.482
3.168
2.651
2.682
2.266
2.687
2.988
2.527
3.236
2.951
1.660
2.626
3.369
2.395
2.424
3.236
1.753
3.882
2.590
2.891
4.024
2.365
2.491
3.070
3.977
3.015
3.959
3.030
2.696
2.649
2.669
2.284
3.703
4.101
2.517
2.909
1.886
3.805
4.062
2.814
3.285
2.322
2.849
2.568
3.362
3.974
2.393
2.701
2.680
2.302
2.742
2.842
2.207
2.684
2.973
1.948
1.539
3.457
3.833
3.143
2.000
3.719
2.647
2.468
3.674
3.621
2.531
3.172
2.658
3.339
2.730
2.425
2.001
2.688
2.731
3.117
2.911
3.192
2.085
3.318
2.552
3.080
2.382
2.542
2.493
3.390
2.023
2.997
4.141
2.910
2.384
2.530
2.157
2.537
2.976
2.104
2.136
2.623
3.093
1.923
2.329
2.504
3.156
2.878
2.340
2.787
2.852
3.215
3.705
3.009
3.157
3.428
2.956
3.055
3.072
1.972
3.055
1.718
2.727
2.537
3.130
2.726
2.951
3.524
2.513
2.597
1.726
4.024
2.816
3.883
0.975
3.363
2.946
3.461
2.384
2.454
2.770
2.652
2.454
2.722
3.164
2.424
1.582
2.572
2.643
1.739
3.077
1.948
2.244
3.396
2.532
3.547
2.691
2.856
3.082
3.005
1.926
2.001
3.485
2.165
3.703
2.927
3.036
2.167
2.811
2.658
2.764
2.778
2.124
2.950
2.696
3.045
2.864
2.801
1.849
2.958
3.097
2.745
2.845
3.591
2.842
3.639
3.096
2.360
2.925
2.899
2.381
3.031
3.131
3.813
2.614
3.381
2.893
2.814
2.472
2.622
2.642
3.113
3.255
2.182
3.243
3.280
3.128
2.822
2.920
2.412
2.339
1.867
3.322
3.518
3.237
2.983
2.949
3.041
3.333
2.766
2.680
3.644
3.388
3.726
3.460
2.751
3.143
3.577
3.396
3.190
3.290
2.367
2.835
3.804
2.591
2.166
3.103
3.145
2.842
3.194
3.376
2.973
2.682
2.753
3.340
3.460
2.576
2.592
2.529
2.521
2.828
3.200
3.604
2.861
3.218
2.806
2.511
2.736
2.281
2.962
3.715
2.795
2.199
3.090
3.377
2.904
2.989
3.356
3.583
2.987
2.948
2.651
2.908
3.730
3.837
2.783
2.471
2.147
3.418
2.829
2.663
2.700
3.193
3.618
2.868
2.523
2.682
2.276
2.972
2.797
2.416
2.543
3.445
3.135
2.662
2.786
2.661
2.568
2.248
2.469
2.637
4.037
1.915
3.075
3.062
3.078
2.857
2.920
2.703
3.203
3.253
3.351
2.430
2.683
2.942
3.041
3.086
2.982
3.014
3.060
2.999
3.059
2.966
3.657
2.101
3.586
3.738
2.435
2.285
3.175
3.009
3.276
2.941
3.636
3.022
2.534
2.712
2.121
3.102
2.625
2.838
2.753
2.810
3.129
3.289
2.330
2.377
2.888
2.609
2.301
2.612
3.048
2.939
2.961
2.810
3.442
2.733
3.135
3.578
3.425
2.616
2.339
3.820
3.002
2.676
2.712
3.754
2.453
2.954
2.712
3.605
2.819
2.176
2.958
2.658
2.607
2.382
2.519
3.685
3.732
3.148
3.858
3.667
3.371
3.046
3.856
3.150
3.012
3.424
2.699
2.683
3.684
3.629
2.877
2.703
2.786
3.649
3.392
2.574
2.686
3.279
3.294
3.243
3.307
2.766
3.133
2.990
3.484
2.436
2.785
3.713
2.008
2.522
3.795
2.892
3.111
2.680
2.413
3.689
3.553
3.073
3.358
2.750
2.203
2.366
2.747
3.284
3.491
2.726
2.595
2.935
2.217
3.189
3.076
2.404
2.802
3.019
2.588
2.918
3.065
3.732
2.350
2.194
3.237
2.534
3.166
2.256
2.715
3.054
3.124
2.938
2.593
2.392
2.636
2.666
2.882
2.624
2.374
2.412
2.774
4.014
2.765
2.878
2.514
2.669
2.765
3.872
3.531
2.078
2.932
2.983
2.184
2.318
3.024
3.154
2.835
2.739
3.315
4.007
2.910
2.962
3.060
2.498
3.401
2.334
2.634
2.935
3.823
2.792
2.901
2.872
2.083
2.451
3.029
2.415
2.714
2.841
1.848
3.707
3.168
2.664
2.337
2.942
3.257
3.294
2.773
2.756
3.871
2.905
2.302
2.778
3.980
3.886
2.939
2.751
2.615
1.972
1.849
3.567
3.268
2.643
2.193
2.004
3.601
3.215
4.037
3.110
2.378
4.067
2.003
2.255
2.580
2.681
3.855
2.952
2.764
2.479
2.616
2.501
2.564
2.745
3.164
3.480
2.023
2.799
3.970
3.471
1.937
3.126
2.666
2.527
2.147
2.386
3.989
2.677
2.881
3.135
2.864
2.997
2.433
2.296
3.385
2.949
3.728
3.640
3.655
3.208
2.480
2.497
3.390
2.641
3.339
3.189
2.168
2.777
3.663
4.050
3.741
3.718
3.935
2.414
3.582
3.119
3.252
3.953
2.610
3.849
2.852
2.652
3.282
2.727
2.265
2.169
3.523
2.735
1.774
3.616
3.803
2.139
2.275
1.847
3.103
2.982
2.409
3.842
2.943
2.547
2.446
2.659
3.058
3.303
3.325
2.730
2.770
3.366
2.713
2.602
2.754
2.678
2.655
3.068
3.294
2.426
3.397
3.288
2.443
2.690
2.429
2.107
2.528
3.958
2.767
2.534
3.978
3.838
3.788
2.755
2.321
3.470
2.659
2.678
3.066
2.733
2.490
2.582
2.694
4.088
2.440
2.236
1.862
2.308
3.488
2.357
2.608
3.417
2.188
2.049
3.029
2.496
3.261
2.989
3.965
2.442
3.370
3.356
3.916
3.030
1.708
2.807
3.154
2.501
3.033
1.814
3.612
2.158
3.085
2.795
3.191
2.712
3.470
2.931
2.870
2.723
3.064
3.869
2.458
2.587
3.312
2.593
2.379
2.576
2.478
2.710
1.946
2.718
2.638
2.690
3.102
2.631
2.999
2.982
2.561
3.223
2.683
2.596
3.492
3.113
2.579
2.544
2.509
2.768
2.813
2.541
2.786
2.368
2.654
2.393
2.464
2.692
3.778
3.796
3.833
3.853
3.873
3.860
3.868
3.858
3.866
3.853
3.835
3.829
3.551
3.862
3.842
3.848
2.612
3.166
2.843
2.907
3.217
3.198
2.059
3.042
2.978
2.799
2.301
3.835
3.318
2.515
3.448
2.344
2.401
1.921
2.264
3.101
2.978
2.636
2.936
2.936
2.836
3.505
2.889
2.847
1.847
3.348
3.972
3.826
3.885
4.063
2.352
4.135
2.497
1.329
2.032
2.813
2.622
3.789
2.362
3.691
3.640
3.053
3.267
3.072
2.635
2.730
3.388
2.451
1.797
2.428
3.893
2.354
2.938
2.877
3.288
2.914
3.121
2.443
2.991
2.517
3.176
3.037
2.276
3.338
2.873
2.842
3.873
3.601
3.044
3.082
3.961
2.834
3.509
3.387
3.016
2.860
3.372
2.554
2.540
3.879
2.574
2.570
3.302
3.064
2.372
4.128
2.495
2.471
2.823
3.065
3.813
3.118
3.199
3.668
2.590
2.709
2.203
2.821
2.286
3.302
2.028
3.658
2.205
2.188
2.510
2.482
3.579
2.854
3.067
2.642
2.757
3.410
2.487
2.565
2.544
2.677
2.371
2.743
3.162
2.824
2.347
3.033
2.530
2.154
2.083
3.153
2.519
3.050
3.042
2.743
2.890
2.755
3.086
3.292
2.520
2.772
3.108
2.704
2.392
2.449
2.411
3.668
2.275
2.240
4.138
2.209
2.938
2.588
1.335
2.712
3.936
2.717
3.998
2.540
2.830
2.643
3.266
2.361
3.160
2.724
2.682
4.045
2.612
3.018
2.398
2.717
2.971
3.629
3.137
2.648
3.176
3.614
2.136
2.994
2.949
2.849
3.197
2.640
2.506
2.823
3.130
2.684
2.185
3.467
3.086
2.825
1.993
3.156
2.972
2.143
2.780
2.481
2.356
3.817
3.276
3.390
3.571
3.332
2.327
2.675
3.902
2.808
2.850
2.692
3.071
3.562
3.628
1.471
2.532
3.337
2.753
2.452
3.104
2.212
2.791
2.783
2.635
2.616
2.607
2.615
2.633
2.756
3.032
2.467
2.590
2.743
3.074
3.920
3.727
3.168
2.646
2.355
3.505
1.974
2.621
2.691
3.040
3.581
2.834
2.660
2.339
2.421
1.948
3.842
2.605
3.785
2.363
3.094
3.043
3.005
2.691
2.698
3.096
2.864
2.550
2.633
3.324
3.946
2.253
3.009
2.742
3.169
2.887
2.730
3.373
2.723
2.776
3.292
2.858
3.232
2.353
2.317
2.754
2.909
3.811
2.221
3.604
1.795
1.725
3.294
2.642
3.473
3.734
2.202
2.617
2.308
2.199
2.631
2.995
2.613
3.445
1.782
2.893
2.656
2.693
2.734
2.678
2.632
3.270
3.427
3.589
3.601
2.516
2.336
0.857
2.492
1.825
2.576
2.901
2.754
2.992
2.381
2.341
2.218
2.774
2.883
2.625
2.421
2.667
2.866
2.740
2.602
2.756
2.816
2.612
3.164
2.344
2.920
2.982
3.427
2.172
2.037
3.474
3.033
2.746
3.474
3.461
2.857
3.089
3.756
3.991
3.338
2.670
2.547
1.530
3.845
3.689
2.621
3.050
2.529
3.298
3.957
2.532
2.214
3.905
3.074
2.993
2.911
3.219
1.928
3.022
2.688
2.573
2.253
2.442
2.589
2.744
3.113
1.889
2.629
2.594
3.048
3.212
2.333
3.245
2.719
2.089
2.516
2.334
2.938
2.886
2.894
2.819
2.870
2.984
2.358
2.282
2.765
2.739
2.592
3.109
2.116
2.547
2.306
2.835
3.418
3.475
2.577
3.411
3.389
2.152
