2.606
3.482
2.520
3.494
2.433
4.007
3.776
2.465
2.897
2.078
3.122
3.046
2.723
3.049
2.981
3.013
2.835
0.098
3.301
4.061
3.099
2.737
2.862
2.851
2.730
2.103
3.025
2.537
3.039
3.655
2.731
2.744
2.787
2.138
2.770
2.559
2.923
2.900
2.755
3.099
2.860
2.538
2.549
3.049
2.672
3.180
3.455
3.052
3.042
3.635
2.605
3.532
3.315
3.252
3.188
3.421
3.570
3.747
2.369
3.810
2.763
2.717
3.025
3.845
3.120
2.353
3.080
2.784
3.805
2.637
3.373
2.782
2.717
2.763
2.128
3.511
3.171
3.816
2.999
2.868
3.717
3.626
2.919
3.426
3.430
2.681
2.982
2.610
3.563
2.909
2.468
3.268
3.499
2.436
2.973
3.623
3.267
2.773
3.369
3.144
2.548
2.827
2.624
2.838
3.569
3.299
2.483
3.823
2.455
2.572
2.741
2.984
2.107
3.404
3.045
2.647
2.919
3.077
3.024
3.248
2.513
2.694
2.976
3.540
3.482
3.048
2.801
3.185
3.425
2.713
3.006
3.153
3.062
2.830
2.167
3.469
2.675
3.516
3.330
2.996
2.719
3.092
3.138
2.978
3.867
3.232
3.435
2.474
3.409
3.214
2.833
2.515
3.671
3.223
3.104
2.436
3.600
3.217
3.554
3.189
3.078
2.751
2.544
3.100
2.849
3.529
2.015
2.955
3.531
3.998
2.859
3.186
2.338
3.903
2.868
3.624
3.615
3.731
3.721
3.691
2.766
2.448
3.638
2.977
3.160
1.664
3.780
2.934
2.643
3.424
3.670
2.210
3.048
3.717
2.110
2.685
2.327
3.434
1.718
1.760
2.683
3.725
2.393
3.138
3.117
2.777
2.175
3.765
2.379
2.962
3.382
2.440
2.264
2.378
3.105
2.599
3.736
2.649
3.706
3.036
3.541
2.024
2.942
3.143
3.419
2.934
2.938
2.906
2.911
2.753
2.578
3.144
2.878
2.957
3.152
3.624
3.170
2.352
3.238
2.732
2.373
3.715
2.720
2.638
2.268
3.161
3.089
2.669
2.241
2.253
1.449
2.834
2.896
2.911
2.995
2.576
3.634
3.859
2.758
3.179
3.763
2.710
3.803
2.490
3.627
3.635
3.648
3.639
3.502
3.069
3.281
2.775
3.272
3.647
3.620
2.814
3.557
3.727
2.408
3.262
2.660
3.680
0.655
2.180
3.618
3.021
2.578
2.154
2.492
2.777
3.417
3.790
2.784
3.594
2.801
3.579
3.234
1.683
1.931
3.667
3.096
3.673
3.003
1.809
3.046
2.798
2.286
3.403
3.329
2.629
3.538
2.968
2.484
2.650
2.099
2.457
2.739
2.895
3.162
2.407
2.399
3.214
3.190
2.256
3.123
3.651
3.519
3.409
3.818
3.804
3.143
3.150
3.813
2.873
1.892
2.436
3.823
2.632
3.269
2.799
3.187
2.568
3.889
2.902
2.528
3.333
2.507
3.344
2.785
3.905
2.987
2.983
3.318
2.511
3.596
3.253
3.182
3.166
3.423
2.959
2.510
3.340
3.490
2.440
3.233
3.212
3.510
3.255
3.303
3.812
2.640
3.606
2.509
3.041
2.554
3.877
3.874
2.576
1.923
3.600
3.127
3.983
2.804
2.938
3.457
3.141
3.622
3.053
3.373
2.992
3.131
3.031
2.349
3.364
3.472
1.099
1.079
3.513
3.394
2.467
3.363
2.547
2.326
3.137
2.996
3.084
3.069
3.280
2.529
2.458
2.410
3.097
3.053
2.573
2.967
3.260
3.619
1.176
1.199
1.362
1.215
1.975
1.367
1.363
1.301
2.529
3.167
3.484
2.280
2.728
2.988
2.367
3.716
3.381
2.520
4.036
3.423
2.607
3.255
2.853
3.355
2.350
3.077
3.110
2.979
3.670
2.749
3.810
2.776
3.779
2.856
3.119
2.919
3.062
2.721
3.227
1.637
2.563
2.292
3.422
2.463
3.656
3.981
2.019
3.048
2.612
2.522
2.534
2.948
3.062
2.720
2.315
3.005
2.738
1.742
2.672
3.342
2.402
3.539
3.543
3.568
3.537
3.176
2.288
2.291
3.035
3.163
2.749
2.773
2.478
2.446
2.748
3.773
3.194
2.861
3.262
2.715
3.309
3.290
3.286
3.981
3.655
2.607
3.452
3.681
3.123
2.822
2.766
3.244
2.457
2.492
2.805
2.292
3.072
3.049
3.651
2.547
3.189
2.341
3.038
3.842
2.732
2.633
2.466
3.362
