1.943
3.498
3.080
3.206
3.304
3.445
2.737
3.007
3.204
3.376
2.730
3.455
3.384
3.244
3.605
3.314
3.197
4.072
3.170
2.780
3.326
2.752
3.295
2.966
3.185
3.452
2.640
2.545
3.486
2.592
1.903
2.436
3.083
3.561
3.180
3.615
2.355
2.740
3.756
3.550
3.547
3.148
2.971
2.638
2.885
3.190
3.388
3.880
3.340
3.551
3.533
3.615
2.352
2.987
2.406
3.542
2.658
3.155
3.806
3.061
3.100
3.965
3.048
3.021
2.396
1.894
1.894
1.894
2.508
2.508
3.455
3.103
2.583
2.685
2.919
3.753
3.541
2.753
3.237
2.629
2.760
3.948
3.087
3.358
3.632
3.167
2.061
3.543
2.687
2.889
2.252
2.171
2.989
2.986
3.236
2.587
2.932
3.122
2.731
3.419
3.751
2.407
3.012
3.293
2.631
1.575
2.737
1.941
3.212
4.028
2.796
2.619
2.650
2.474
2.911
2.809
2.336
2.411
2.852
3.434
1.730
2.750
3.079
1.903
2.319
2.107
2.464
2.867
2.873
2.538
2.544
2.109
2.386
2.406
3.148
2.542
2.638
2.379
2.397
3.813
2.747
2.147
3.937
2.670
3.047
2.863
4.049
2.987
3.013
3.244
3.593
2.779
3.425
2.302
3.672
3.620
3.567
2.980
3.959
2.863
1.919
3.847
3.574
3.135
2.884
2.775
3.951
2.241
4.071
2.589
2.922
2.402
3.014
2.892
2.490
2.289
3.835
3.954
2.745
2.275
2.581
2.469
3.022
2.627
2.480
2.772
2.297
3.070
2.952
3.183
2.647
2.587
3.222
3.174
2.677
2.879
2.438
2.931
3.690
2.548
2.581
3.447
2.623
2.093
3.552
2.768
3.568
3.436
3.173
2.874
3.084
2.681
2.196
2.198
2.639
2.601
3.289
2.527
2.960
3.820
3.198
3.064
3.696
4.068
2.920
2.539
2.964
3.695
3.729
2.218
3.765
3.949
3.862
2.760
3.264
3.801
2.825
3.264
2.558
3.882
3.338
3.421
2.969
3.160
3.214
2.067
2.923
2.343
2.627
2.601
3.190
3.576
2.306
3.567
2.938
4.054
2.648
2.963
2.270
2.607
2.802
2.347
3.175
2.551
3.085
2.271
3.033
2.582
2.011
2.988
3.258
2.553
2.763
3.148
3.552
2.295
4.047
3.408
2.647
3.301
3.458
2.073
2.897
3.212
3.079
3.258
2.765
3.028
3.350
2.705
2.972
1.903
2.784
2.790
3.990
2.578
2.043
2.629
3.489
2.530
2.374
2.670
2.838
3.241
2.687
3.208
3.786
2.681
3.592
3.596
3.180
2.504
2.906
3.037
2.115
2.147
3.049
2.281
3.105
3.486
2.746
2.898
2.720
3.007
3.463
3.707
3.066
2.815
2.458
4.053
2.448
2.587
3.415
2.572
2.534
3.812
2.502
2.782
2.389
2.635
2.716
2.954
3.686
2.161
3.816
2.416
3.016
2.083
3.896
2.896
3.016
2.531
2.525
2.234
3.026
2.453
3.088
3.584
1.751
3.629
3.060
2.743
3.343
3.224
3.036
2.954
2.876
2.929
2.514
2.151
2.614
2.541
2.691
3.226
3.804
3.147
2.500
3.187
3.583
2.291
2.738
2.577
3.420
2.416
3.554
3.030
3.146
2.856
2.506
3.195
3.235
2.979
2.304
3.506
2.708
3.259
2.162
2.415
2.994
3.135
3.131
3.268
2.582
2.281
2.337
3.858
3.705
3.221
2.643
3.208
3.546
3.302
3.330
4.001
3.213
3.820
2.275
1.944
2.707
2.670
2.713
2.688
2.750
2.545
2.386
3.007
2.747
2.840
2.958
3.039
2.864
3.384
3.689
2.498
2.899
2.210
2.786
3.996
3.162
3.014
3.544
3.639
2.397
3.545
3.316
3.422
4.083
3.202
2.667
3.754
2.834
2.920
2.685
2.932
2.932
2.966
2.709
2.657
2.637
2.709
2.348
2.619
2.269
2.453
3.415
2.526
2.559
3.366
2.820
3.412
3.772
3.501
3.289
2.604
3.407
2.324
3.194
2.986
2.771
2.497
2.722
3.970
3.515
3.154
2.584
3.210
3.692
3.181
1.736
2.812
3.480
3.777
3.472
3.192
2.776
3.162
2.612
2.974
2.518
2.516
3.643
2.487
2.423
3.446
2.416
3.083
3.423
3.688
2.459
2.247
3.854
2.405
2.531
2.802
3.423
3.104
3.912
2.353
2.442
3.691
3.664
3.726
3.289
2.316
3.216
2.444
3.025
3.827
3.223
2.271
3.101
2.885
2.719
4.139
4.098
1.633
3.484
2.892
2.595
2.072
2.203
2.635
2.640
3.337
2.323
3.504
2.565
2.789
2.147
2.796
3.336
2.056
2.219
2.927
3.657
3.140
2.824
3.491
3.475
3.760
3.572
2.937
2.203
3.129
2.289
2.721
3.274
3.112
3.612
2.905
3.924
2.677
3.280
3.225
2.610
2.978
3.062
2.919
2.450
2.419
2.623
2.651
2.856
2.791
4.072
3.024
3.396
3.501
2.575
2.589
3.259
2.573
2.530
3.355
2.726
3.412
3.087
2.783
2.266
2.327
2.195
2.275
2.652
2.731
2.686
2.985
2.464
2.950
2.973
3.994
3.383
3.823
3.173
2.712
2.497
3.190
2.811
2.774
2.627
2.647
2.485
2.436
2.700
2.713
2.816
3.094
3.023
3.768
2.512
3.195
2.368
3.302
2.358
3.586
2.694
2.743
2.773
2.753
3.303
3.220
3.894
3.274
3.726
2.239
2.740
2.618
3.220
3.709
1.981
3.624
3.594
3.551
3.436
2.269
2.977
2.977
2.895
3.323
2.449
3.034
3.017
3.963
2.710
3.886
3.261
1.937
3.622
4.017
3.735
3.854
2.904
3.287
2.225
2.632
2.097
2.319
3.462
2.422
2.892
3.218
2.616
2.738
2.746
2.735
2.663
2.558
2.400
3.846
2.679
3.160
2.934
2.876
3.187
2.588
2.511
2.595
3.228
1.956
2.658
2.848
3.659
2.207
3.427
2.896
3.353
3.575
2.083
3.315
3.388
2.227
2.323
2.792
2.862
3.754
3.066
3.107
2.655
2.570
3.815
2.387
3.474
3.032
2.614
3.303
3.119
3.809
3.636
2.404
3.243
2.817
3.197
2.467
3.508
3.228
2.648
3.157
2.622
3.022
3.872
3.075
4.122
3.003
2.923
3.043
2.792
3.383
3.272
2.755
2.834
2.707
2.469
3.128
2.630
2.828
3.470
2.773
3.372
2.037
3.821
2.659
2.627
2.993
4.143
3.362
3.974
4.005
3.764
3.295
2.685
2.715
1.900
2.639
3.788
3.347
4.028
2.514
2.764
2.915
3.963
3.925
3.261
2.989
2.308
4.167
2.937
3.837
2.832
2.417
3.046
3.451
2.745
3.017
