2.699
2.819
2.866
2.591
3.014
2.764
3.393
2.146
2.162
2.835
3.154
2.559
3.844
2.248
4.035
3.193
3.196
1.745
2.728
3.663
2.027
3.644
3.100
3.120
2.896
3.163
3.206
3.537
3.224
3.825
2.174
2.720
2.711
4.095
3.264
3.788
2.376
3.209
3.056
2.921
2.294
3.166
3.788
3.301
2.640
3.767
2.820
3.476
2.963
3.415
3.872
2.542
2.644
2.655
2.964
3.353
2.962
3.343
3.191
2.614
3.086
3.394
3.130
3.189
2.966
2.544
2.800
2.500
3.074
2.867
2.797
2.955
2.532
2.666
2.458
3.317
2.932
2.880
2.530
2.552
2.604
3.077
2.925
2.726
3.947
3.308
3.750
2.826
3.822
2.545
3.018
3.973
2.381
3.302
3.344
2.437
2.724
3.987
3.681
2.961
3.900
3.136
3.984
2.998
3.167
3.563
4.051
2.540
3.406
3.961
3.358
2.583
2.671
2.685
2.516
2.655
2.586
2.992
3.235
2.734
3.282
4.077
4.013
2.537
3.608
3.429
2.360
2.767
3.090
2.775
2.143
2.959
2.340
3.253
2.497
3.222
3.509
2.345
2.581
2.959
3.942
2.890
3.105
3.482
2.547
3.156
2.855
3.319
2.754
2.881
2.695
2.901
2.242
2.204
2.607
3.210
3.132
3.126
2.735
2.713
2.800
2.906
3.596
2.518
3.977
3.985
2.898
3.105
2.555
3.299
3.441
2.874
3.027
2.800
3.136
3.282
3.401
2.741
2.979
2.755
2.521
3.766
2.138
1.711
3.997
2.841
1.699
3.058
2.076
3.031
2.578
3.062
2.583
3.456
3.167
3.127
3.152
3.069
3.301
3.751
2.926
2.484
3.420
3.697
3.080
3.131
3.586
2.589
3.792
3.139
2.761
2.441
3.703
3.136
3.429
3.058
3.809
3.324
3.464
3.128
3.670
3.867
4.033
3.480
3.137
3.497
2.797
3.464
2.493
2.515
3.500
3.097
3.011
2.668
3.724
2.661
2.893
3.728
2.803
3.350
3.022
2.728
3.857
3.025
2.949
3.016
2.591
3.292
3.011
2.537
2.868
2.937
2.116
2.817
3.226
2.185
2.627
2.567
3.256
2.945
3.191
2.962
2.323
3.960
3.029
3.766
3.943
2.864
3.872
2.302
3.764
3.677
3.139
2.811
2.603
3.119
2.037
2.266
2.478
3.083
2.587
3.199
3.537
2.899
2.937
3.922
3.058
3.235
2.723
2.728
2.809
2.391
2.994
2.418
2.718
2.234
3.698
2.715
2.768
3.139
2.511
3.241
3.161
3.664
3.294
2.852
3.119
2.488
3.675
3.712
2.590
2.738
4.004
2.590
3.371
2.449
2.540
2.636
3.844
2.921
2.536
4.112
0.103
3.710
2.394
3.052
2.931
2.628
2.461
2.403
3.047
3.209
3.374
3.929
2.814
3.503
2.346
3.091
3.311
3.750
2.859
3.120
3.385
3.717
2.867
3.070
2.074
3.539
3.803
2.408
3.212
4.023
3.149
2.922
2.644
3.681
4.043
3.477
3.179
2.424
2.367
2.177
2.649
2.463
3.535
3.427
2.680
3.814
3.031
3.125
2.704
3.464
2.360
3.008
3.060
3.050
3.741
3.883
3.714
3.618
2.450
3.019
2.384
2.362
1.799
