2.907
2.884
2.627
3.173
3.184
3.722
2.834
3.833
2.709
3.958
2.950
3.678
2.760
3.493
3.580
4.114
2.325
3.733
2.299
2.724
3.981
2.616
2.663
3.166
3.093
3.197
3.137
2.984
4.113
2.955
3.141
3.417
4.032
3.162
3.514
2.875
1.569
3.017
4.113
3.044
3.442
3.082
2.449
1.885
2.849
3.212
3.637
2.660
3.888
2.793
2.592
2.605
2.847
3.640
2.684
3.677
2.863
2.034
2.572
4.116
3.152
3.910
2.818
3.091
2.445
3.428
3.039
2.534
2.298
4.080
2.511
2.958
2.687
3.337
4.160
3.147
2.306
2.248
3.062
2.874
2.447
2.898
3.894
3.036
2.809
3.915
2.800
2.782
2.960
2.787
3.115
2.402
2.820
2.989
2.720
2.670
3.890
2.963
3.088
3.421
3.671
2.681
2.877
2.611
2.938
2.746
3.169
2.507
3.265
2.694
2.878
3.150
3.461
2.772
3.828
2.846
2.947
3.000
2.866
2.629
3.906
3.503
3.177
3.285
3.829
2.096
3.745
3.242
3.191
2.700
3.341
4.069
3.919
2.383
4.038
2.544
3.007
3.310
3.210
2.651
2.833
3.347
3.910
2.920
2.303
3.115
2.490
2.500
2.189
2.858
2.510
2.148
3.596
0.845
3.365
3.532
2.206
3.352
3.784
2.849
2.618
2.988
3.105
3.380
3.115
3.400
3.110
3.390
3.278
3.073
3.565
3.567
3.238
2.242
3.225
2.529
2.670
3.157
3.749
3.905
1.934
2.828
3.028
3.329
2.287
3.268
3.285
2.632
2.971
2.606
2.567
2.486
2.408
2.702
2.472
3.115
2.947
4.007
3.035
4.083
2.603
2.890
3.293
2.787
1.640
2.392
3.286
2.585
2.790
2.542
2.959
2.603
2.612
2.722
3.427
2.736
3.168
2.515
2.817
3.444
2.421
2.038
2.951
3.096
3.667
3.438
2.539
2.525
2.109
2.334
2.628
2.964
4.017
2.634
3.815
3.695
3.463
3.331
2.389
3.023
4.073
3.013
2.922
2.702
3.143
3.696
3.958
3.077
3.121
2.566
2.884
3.643
2.561
3.253
4.022
3.266
2.398
2.963
3.469
3.028
3.840
3.636
3.015
3.154
3.030
3.491
3.466
2.503
3.478
2.208
3.592
2.651
3.581
2.656
2.996
3.654
2.456
3.603
2.551
3.218
2.743
3.804
2.806
2.993
2.179
2.628
3.060
2.882
2.888
2.620
2.870
3.468
3.105
3.276
2.423
2.650
2.937
2.676
3.502
3.439
2.536
3.291
3.203
2.610
2.819
2.407
2.485
2.124
3.065
2.778
2.825
2.884
2.629
2.982
3.173
2.945
2.467
2.580
2.881
2.827
3.173
2.555
2.904
3.571
3.655
3.108
3.266
3.326
2.973
2.976
2.748
3.292
2.708
2.560
4.134
2.961
2.292
2.845
2.972
3.106
2.421
3.158
3.336
2.486
3.052
3.300
3.329
3.681
3.419
2.983
4.067
3.066
2.660
3.381
2.233
3.401
2.929
2.423
2.956
4.141
2.917
3.074
3.664
3.908
3.029
3.704
2.706
2.990
2.751
2.498
3.309
3.811
2.181
2.629
2.726
3.167
3.243
2.341
2.750
2.307
3.700
3.397
3.188
2.846
2.868
2.919
2.419
2.563
3.935
4.102
3.161
3.022
2.931
3.515
2.053
3.212
3.393
2.972
3.327
3.190
3.404
3.083
2.886
3.392
2.584
2.163
3.737
2.793
2.656
2.817
3.741
2.632
3.651
3.137
2.666
2.698
2.782
3.922
3.051
3.573
3.191
2.952
2.326
3.087
2.874
3.077
3.448
3.306
3.036
2.933
2.805
2.356
3.452
3.018
3.038
4.110
2.531
2.444
3.022
2.607
2.503
2.828
4.084
3.296
2.345
2.710
3.854
3.629
2.561
3.866
2.659
2.412
3.216
3.212
2.511
3.744
3.061
3.130
3.270
3.461
3.151
2.335
2.405
3.080
3.213
2.888
2.861
3.277
3.020
3.146
1.707
2.688
2.908
3.103
3.420
3.035
2.850
3.027
3.867
3.188
2.464
2.662
3.408
3.535
2.902
3.202
1.957
2.969
2.395
3.908
2.577
3.353
4.034
2.918
2.191
3.093
2.790
2.535
2.652
2.773
3.695
2.503
2.870
2.339
2.725
2.474
2.507
2.919
2.695
2.914
3.373
4.067
2.776
2.777
2.623
3.119
2.621
3.188
4.024
2.743
3.007
2.877
3.102
3.241
3.666
2.702
2.440
2.797
2.965
3.028
2.953
2.573
1.763
2.685
3.021
2.851
3.241
2.961
2.864
2.212
2.535
2.980
2.367
3.288
3.022
3.866
2.337
3.272
3.678
3.413
3.022
2.865
2.281
3.951
3.600
3.119
2.504
3.533
2.512
2.613
3.347
3.200
3.319
4.063
3.196
2.929
3.179
3.393
3.046
2.056
2.716
3.391
4.027
4.008
2.767
3.116
2.774
2.890
2.788
2.850
2.850
3.176
2.897
3.285
3.412
3.236
3.040
3.355
3.616
1.996
3.234
2.940
2.934
2.280
2.158
3.330
3.824
2.956
3.255
2.697
2.908
2.294
4.096
4.096
3.204
2.763
3.185
2.948
2.710
3.140
2.487
4.113
1.386
2.039
3.667
2.498
2.819
3.059
2.877
3.206
2.425
2.692
3.027
2.568
3.320
2.999
3.049
3.279
2.574
2.835
4.090
2.620
3.541
2.739
2.739
3.006
3.378
3.341
3.956
3.077
2.678
2.489
2.871
3.083
3.953
3.203
3.178
2.539
2.990
3.183
3.315
2.985
2.796
2.524
2.865
3.678
3.071
3.571
2.727
2.717
2.079
2.532
2.699
3.015
2.186
3.005
2.624
2.422
2.858
2.526
2.007
2.043
2.979
3.046
2.893
2.481
2.859
2.962
2.564
3.022
3.061
2.158
3.445
2.506
2.445
2.233
2.431
2.417
2.424
2.909
2.193
2.399
3.088
2.070
2.451
2.390
2.547
2.942
2.203
1.997
2.773
0.852
2.524
2.543
2.602
1.887
2.200
3.336
2.685
2.745
2.318
2.858
2.409
2.946
4.125
2.543
3.093
3.377
2.996
3.146
2.855
3.315
1.879
2.667
2.742
2.850
2.955
3.071
3.416
2.923
3.734
3.079
2.393
2.600
2.400
2.763
1.657
2.963
3.374
2.773
2.269
3.295
3.534
2.922
3.126
2.997
3.640
3.542
2.657
3.264
3.264
2.124
3.348
2.846
3.537
3.260
2.986
2.708
3.227
3.015
3.764
2.545
4.007
2.308
3.274
2.795
3.274
4.001
2.671
3.425
2.726
2.729
2.255
2.235
3.075
2.944
1.968
2.556
4.001
2.622
3.161
2.371
3.699
3.862
2.536
2.334
3.402
3.071
2.840
2.623
3.861
2.742
3.871
3.194
4.084
2.276
2.099
2.929
2.613
2.855
3.732
2.134
2.518
2.860
2.890
2.740
2.819
2.846
3.145
3.523
3.327
2.991
3.103
3.233
2.552
3.580
2.806
1.427
2.582
1.264
3.440
2.729
2.561
1.069
3.406
3.676
3.708
4.124
3.610
3.902
2.826
3.862
2.763
2.691
2.989
2.513
3.083
2.158
2.167
3.223
2.445
3.615
2.901
2.147
2.666
3.088
2.238
3.775
2.831
2.622
2.806
2.757
2.135
1.071
2.947
2.848
2.922
2.737
2.490
3.848
2.979
3.367
2.526
3.524
2.528
2.660
2.511
3.887
2.450
2.264
2.297
3.867
2.137
2.893
2.941
2.976
3.276
3.450
3.275
2.665
2.629
2.749
2.787
3.091
3.043
3.280
2.939
2.329
3.151
2.923
2.900
2.860
1.695
2.936
3.288
2.503
2.388
2.110
2.036
2.381
3.785
2.779
2.838
3.236
3.713
1.996
3.719
3.146
2.656
3.293
3.269
2.775
3.352
3.935
2.822
2.191
3.325
2.678
1.877
3.842
2.416
3.310
2.903
3.759
3.073
2.542
2.761
2.334
3.931
3.247
2.722
3.437
2.478
2.497
3.822
2.156
2.386
2.566
2.400
3.076
2.559
2.420
4.096
2.326
2.685
2.152
1.442
3.382
3.369
2.908
3.337
3.055
3.335
2.424
2.356
0.830
3.086
3.418
3.933
3.891
2.417
2.240
3.227
3.232
2.196
2.590
2.974
2.644
2.655
3.338
3.500
3.153
2.440
2.923
2.897
1.776
2.474
2.485
0.837
2.475
2.641
2.471
2.472
4.071
3.832
3.065
2.338
2.576
2.821
2.625
2.791
2.792
2.926
3.134
3.369
3.055
2.988
2.983
2.990
2.987
3.411
3.221
3.307
3.296
3.092
2.921
2.840
2.830
2.773
2.739
2.493
2.373
3.156
2.529
2.822
2.051
3.221
3.394
3.038
3.761
3.785
2.662
2.039
4.020
2.697
2.891
3.897
2.248
3.032
2.835
2.664
2.771
2.775
2.334
2.802
2.648
2.884
2.920
3.788
2.526
2.812
2.923
3.883
3.429
3.026
3.808
1.713
2.793
2.231
3.194
2.572
2.675
2.372
2.572
2.015
2.757
2.398
3.031
3.377
3.062
2.859
4.099
3.048
3.033
2.127
3.694
3.084
2.849
2.771
3.846
2.818
2.840
2.324
3.010
2.418
2.935
2.716
2.465
2.154
2.332
4.089
4.087
4.084
2.528
3.231
2.769
3.242
3.045
2.799
2.983
2.789
2.752
2.922
2.411
4.025
2.505
3.139
3.397
2.623
2.765
2.028
3.985
2.369
2.659
3.400
2.282
3.081
3.075
3.457
2.714
2.237
3.313
2.885
3.136
3.025
2.707
3.064
3.185
3.586
3.481
3.986
2.515
3.802
2.477
2.802
3.110
2.890
3.047
3.174
1.813
2.977
3.009
3.013
2.958
2.370
1.947
2.902
2.847
2.982
2.901
3.137
2.525
2.249
3.050
3.194
3.388
2.247
3.307
3.061
3.414
2.839
2.961
3.002
2.955
2.481
3.379
3.244
2.743
3.477
2.547
2.543
2.158
2.479
2.845
2.564
2.357
2.842
3.568
3.857
3.900
3.450
3.270
2.901
2.777
3.521
3.525
2.415
3.638
4.074
3.278
3.313
3.344
2.384
2.806
2.805
2.898
3.616
2.951
3.153
3.068
3.377
4.051
2.715
3.327
2.261
2.747
2.969
3.149
2.304
1.927
2.513
2.286
2.277
2.263
3.066
3.352
2.291
2.543
3.987
1.963
2.621
2.632
2.339
2.429
3.492
2.532
3.337
3.297
3.201
3.697
1.742
2.249
3.959
3.335
3.400
2.897
3.619
1.785
2.954
2.984
3.487
3.398
2.652
3.221
2.979
2.879
2.553
2.733
2.854
2.415
2.322
3.678
2.861
2.939
2.982
2.933
3.187
2.348
2.741
2.491
3.318
2.620
2.902
2.708
3.048
2.982
3.138
2.431
3.016
2.336
2.561
2.595
2.385
1.689
3.872
2.828
3.512
2.696
2.243
2.627
2.746
2.845
3.965
3.951
2.671
2.619
3.965
2.444
3.489
3.966
3.030
2.964
2.871
3.066
2.225
2.446
2.980
3.742
2.529
2.714
3.829
3.406
2.994
3.804
2.588
4.009
2.360
2.957
2.408
2.734
2.591
3.661
4.034
3.942
3.987
2.837
2.332
3.046
3.406
3.327
3.301
2.176
2.836
2.302
2.698
2.677
3.582
2.500
2.513
2.439
2.821
2.725
2.424
2.889
3.165
2.822
2.643
2.320
3.827
2.554
3.188
2.982
3.004
3.498
3.735
3.080
3.593
2.094
4.121
3.915
2.710
2.050
3.336
3.455
2.889
3.602
3.611
1.795
3.891
2.481
2.842
2.952
3.489
2.882
2.605
2.998
2.824
3.453
2.536
4.090
2.302
3.217
2.460
3.412
3.541
2.437
2.338
3.308
3.116
3.121
2.955
2.154
3.031
3.053
2.987
2.675
2.956
3.462
3.793
3.873
4.016
2.402
2.347
2.355
3.759
2.931
2.531
2.982
2.870
2.971
2.391
2.852
2.752
2.529
2.110
2.841
2.789
2.273
3.661
2.641
2.734
3.279
3.126
3.081
3.233
3.262
2.534
3.224
2.894
2.815
3.178
2.917
2.617
2.973
3.601
3.320
2.729
3.115
3.342
3.116
2.849
3.459
3.933
2.725
3.583
2.452
2.906
3.140
3.334
2.551
3.485
3.394
3.338
3.231
3.895
2.918
3.189
2.403
3.224
2.909
2.364
2.354
2.837
2.670
2.646
2.626
2.584
2.597
2.316
2.708
2.658
3.593
3.249
2.998
2.810
2.346
2.403
3.060
3.363
3.831
2.602
3.346
3.285
3.061
3.833
2.712
4.053
1.695
3.340
2.540
3.268
2.708
2.415
2.966
2.907
3.537
3.229
2.689
2.236
2.331
2.055
3.163
3.060
2.454
2.837
2.420
2.885
1.798
2.431
2.465
2.156
3.762
3.112
1.926
2.425
2.550
2.559
2.671
2.145
4.052
3.851
2.291
3.084
2.623
2.670
2.790
2.852
2.890
2.484
3.618
3.722
2.534
2.494
3.416
2.674
2.339
3.883
3.836
3.490
3.011
2.882
2.974
2.614
2.660
3.314
2.446
3.958
2.403
3.674
3.971
2.590
3.356
2.453
2.447
2.997
2.334
3.003
3.181
3.212
2.597
2.619
3.014
3.551
2.416
2.207
2.736
2.966
3.388
3.411
3.062
3.367
3.090
3.844
4.091
2.831
3.397
3.496
3.293
3.057
3.029
3.339
2.817
3.183
2.391
2.912
2.512
3.004
2.475
1.755
3.709
2.124
3.297
3.173
3.296
3.377
3.113
2.357
3.788
2.140
2.518
3.507
2.136
3.874
2.537
3.399
2.632
2.499
3.125
2.857
3.075
2.762
3.474
2.500
3.118
2.238
2.395
2.670
3.071
2.816
2.917
2.551
3.503
2.120
2.690
2.362
3.067
3.548
2.690
3.717
2.852
3.009
3.870
2.606
3.826
2.986
2.647
3.048
3.233
2.851
2.816
3.022
2.541
2.610
2.824
2.822
2.825
1.317
2.779
2.792
2.603
2.465
2.977
2.738
3.302
4.015
2.156
2.817
3.729
2.678
2.976
2.941
2.094
2.813
4.057
3.037
2.607
1.946
3.289
3.115
2.862
3.616
3.482
3.364
2.758
2.712
3.336
2.349
2.449
2.307
2.429
2.910
3.555
2.673
3.507
2.658
3.858
3.843
3.955
2.689
3.095
2.349
3.139
2.553
3.050
2.764
3.294
3.274
3.047
2.576
2.581
3.397
3.233
3.278
2.766
2.790
3.040
3.096
3.744
2.211
3.098
2.888
2.297
3.808
1.974
3.207
2.023
4.135
3.958
2.874
2.674
3.723
3.412
2.860
3.817
3.195
3.927
3.294
3.787
2.537
2.725
2.443
3.079
2.677
2.021
2.535
2.614
3.409
3.186
2.322
2.175
3.022
3.119
2.992
2.343
2.662
3.083
3.079
3.766
2.987
2.947
2.792
2.587
2.057
2.364
2.612
2.428
3.529
2.151
2.276
2.782
3.733
3.735
3.030
2.918
2.794
3.492
3.258
2.357
3.206
3.491
2.409
3.578
3.354
2.697
2.367
2.599
2.932
2.858
3.318
3.778
3.580
2.496
1.528
3.071
2.654
3.222
2.339
2.574
3.521
2.105
3.359
3.988
3.902
3.053
2.701
2.640
2.552
3.864
2.736
2.360
2.719
1.703
2.617
2.494
4.135
3.169
3.497
4.082
3.348
3.832
3.269
2.601
2.751
3.130
3.001
3.902
2.821
3.481
3.362
2.357
3.211
2.924
2.669
4.022
2.442
2.357
3.013
2.857
3.594
2.515
1.518
2.189
2.577
2.497
2.545
2.286
3.549
3.190
2.234
3.856
3.131
4.021
3.267
2.463
3.338
2.941
3.096
2.892
3.225
3.035
2.318
3.216
2.369
2.726
3.101
3.173
3.188
3.163
2.504
3.853
3.097
2.844
2.785
2.464
2.801
2.450
2.738
3.261
2.702
2.649
3.229
2.023
3.165
3.133
2.735
3.019
2.987
2.367
2.225
3.238
2.880
2.002
2.816
3.445
3.545
2.417
2.933
2.830
3.104
3.663
3.277
3.349
2.765
2.729
3.335
2.518
2.682
3.211
2.735
2.803
3.469
1.495
2.991
2.174
3.390
2.669
3.836
3.358
2.372
2.912
2.667
2.497
2.805
3.662
2.959
3.172
2.278
3.914
2.460
3.207
3.805
2.628
3.223
3.590
3.332
3.402
3.328
2.683
1.805
2.884
3.420
2.603
2.481
3.515
2.204
2.403
3.269
3.085
3.946
3.311
3.183
3.171
3.178
3.130
3.439
3.163
3.207
3.111
2.707
3.632
2.488
2.939
3.495
2.585
2.770
2.173
2.985
2.993
2.524
2.600
2.801
3.129
3.297
2.223
3.307
3.188
3.067
4.088
2.223
2.504
3.091
2.452
3.336
2.987
2.748
2.996
2.975
3.044
2.064
3.834
3.062
3.314
3.830
3.794
3.524
2.987
2.699
2.992
3.158
2.372
2.687
3.295
2.011
2.592
2.991
2.420
3.012
2.285
3.086
2.608
2.786
3.573
3.488
3.893
3.092
3.263
2.505
2.401
2.373
2.512
3.478
3.288
1.792
3.341
3.365
3.380
2.122
3.579
2.551
2.610
2.593
3.810
3.242
3.564
2.455
2.351
2.660
3.064
2.402
3.117
2.659
3.050
3.514
3.422
3.055
4.023
3.335
2.677
3.129
3.880
3.010
2.174
3.770
3.971
2.374
3.870
2.504
2.843
2.601
3.079
2.783
2.440
3.378
2.599
3.320
2.785
3.261
2.535
3.789
3.382
3.202
3.028
3.228
2.857
3.058
3.233
3.285
3.145
3.416
2.622
2.880
2.828
3.229
2.675
2.857
3.014
2.942
2.995
3.580
2.203
2.512
3.054
3.242
2.836
2.809
3.109
3.975
2.527
3.543
3.786
3.735
3.434
2.841
3.000
3.836
3.959
3.022
2.065
1.901
2.649
3.518
3.549
3.304
3.012
3.074
3.235
3.155
3.767
3.090
2.942
3.285
2.764
2.966
3.009
3.511
2.666
2.022
3.741
3.391
1.848
2.810
3.016
2.249
4.055
2.817
3.268
2.957
2.242
2.762
2.520
2.940
2.770
2.795
2.709
3.966
3.086
2.655
2.311
2.437
2.451
2.989
3.409
3.037
2.977
1.981
3.090
2.556
2.042
3.002
3.804
2.949
3.499
4.058
3.846
3.322
2.461
3.003
2.595
1.371
2.441
2.269
3.093
3.854
3.517
2.437
2.442
3.925
3.980
4.069
3.553
2.641
2.417
3.866
2.984
3.116
2.433
2.674
2.123
3.765
2.585
2.365
3.149
3.290
3.688
2.651
2.514
2.605
2.619
3.012
2.447
2.796
3.884
2.672
2.609
3.607
3.819
2.763
2.781
3.589
3.317
2.809
3.334
2.141
2.964
3.241
3.763
2.095
2.991
3.019
3.189
2.527
2.719
3.979
2.763
2.853
2.513
2.085
2.050
2.549
3.014
2.780
3.027
2.620
2.336
3.005
3.186
2.456
2.943
3.367
2.503
3.291
2.801
3.865
2.166
3.157
3.215
2.150
3.239
3.035
3.378
3.418
2.491
3.602
3.358
3.307
3.333
3.128
3.168
3.151
2.385
3.681
2.634
2.959
3.400
3.253
3.059
3.328
2.833
2.623
3.347
3.386
2.268
2.904
2.562
2.977
1.947
2.745
2.749
2.241
3.199
3.039
2.283
1.972
2.500
4.073
3.157
2.388
3.788
2.400
2.664
3.410
2.964
3.185
2.483
3.242
2.692
2.858
1.956
3.322
3.306
3.199
3.540
2.919
2.958
2.194
2.615
2.711
4.015
2.658
2.520
3.133
2.697
2.246
2.765
2.445
3.801
3.771
2.941
3.265
3.186
3.832
2.823
3.399
2.836
3.964
2.043
2.467
3.612
3.160
1.950
3.772
2.858
3.148
2.208
3.796
3.402
2.842
2.666
3.050
2.599
2.357
3.303
2.600
3.406
3.152
3.297
2.820
3.288
2.382
3.212
3.284
2.630
2.686
2.225
3.486
2.403
3.999
2.641
2.824
2.706
3.090
2.424
3.541
2.899
2.148
1.315
2.982
3.986
2.985
2.498
2.755
3.240
3.130
2.690
2.497
2.442
3.100
2.284
3.320
2.695
3.386
2.670
4.071
2.803
3.788
2.393
3.452
3.396
2.215
2.116
2.953
2.601
3.001
3.673
3.636
2.978
3.255
3.379
2.697
2.784
2.955
3.291
2.963
2.589
4.084
2.130
3.437
2.870
2.972
3.208
3.553
3.132
2.921
2.771
2.789
3.902
2.706
2.910
2.935
2.777
2.869
2.755
2.645
3.351
3.138
1.852
2.861
2.790
2.601
2.647
2.740
2.621
2.677
2.713
3.463
3.394
3.468
2.461
2.943
2.731
3.993
3.035
3.822
3.007
2.533
3.795
2.932
2.897
2.829
2.406
2.838
2.805
3.256
2.071
3.574
2.172
3.062
3.728
2.015
2.304
3.317
2.439
2.732
2.741
3.056
2.739
2.470
3.398
2.713
3.429
3.130
3.760
2.848
3.758
3.080
3.287
3.350
3.878
3.087
2.603
3.356
3.053
2.782
3.096
2.681
2.842
3.493
2.459
2.841
3.185
2.222
4.056
3.014
2.178
3.002
2.504
2.693
3.382
2.287
2.559
2.921
3.234
3.771
3.212
2.853
3.072
2.774
3.036
2.689
2.701
2.949
2.096
3.716
2.891
3.378
3.349
2.950
3.641
2.736
2.704
3.879
3.049
3.129
2.848
3.703
3.532
3.149
3.188
2.969
3.173
4.167
3.088
3.571
2.740
2.605
2.401
3.217
3.145
3.613
3.810
3.145
2.757
3.137
3.088
2.622
2.804
2.618
3.547
2.245
3.257
2.953
2.423
2.924
2.814
3.312
3.765
3.110
2.630
3.858
2.064
3.824
3.110
4.010
2.535
3.237
2.697
3.120
2.755
2.935
3.093
2.819
2.964
3.447
3.990
2.535
2.494
2.479
3.076
3.163
3.111
3.057
3.304
3.284
2.614
3.404
2.876
2.875
3.467
3.073
2.793
3.182
2.631
2.474
2.860
2.641
2.868
4.146
3.233
3.776
2.441
3.572
3.303
3.339
3.073
3.286
2.971
2.831
2.576
2.815
3.063
2.765
3.386
2.937
3.308
2.528
3.079
2.766
2.864
3.549
3.378
2.957
2.668
2.460
3.978
3.162
3.910
2.965
3.014
3.129
2.670
3.359
3.191
2.767
2.865
2.609
2.898
3.623
3.859
3.533
2.530
3.505
2.611
3.326
2.739
2.962
2.355
2.468
2.843
3.857
3.443
2.755
4.062
3.559
4.061
2.486
3.007
2.640
3.018
2.494
3.339
3.459
2.901
3.511
2.668
3.091
3.272
3.106
2.208
2.796
2.893
3.207
3.187
2.689
3.210
3.032
2.539
3.426
2.736
3.613
2.171
2.985
0.128
2.552
3.904
2.041
4.013
3.380
2.871
3.181
3.529
2.496
3.269
3.433
2.717
3.057
3.042
2.526
2.913
3.289
2.661
3.028
4.053
3.807
3.240
2.605
2.099
3.438
4.092
3.397
3.810
2.748
2.456
3.161
4.083
2.661
2.738
3.323
3.039
3.114
3.749
2.948
2.438
2.402
3.070
2.805
3.068
2.439
3.336
3.173
2.515
3.313
3.062
3.073
2.932
3.851
2.891
3.217
3.145
3.735
2.067
3.368
3.154
2.355
2.713
2.785
2.746
2.751
3.906
2.585
3.765
2.985
2.444
3.545
3.017
3.189
2.839
2.973
2.678
2.980
3.013
3.086
3.026
2.791
3.081
3.046
3.656
3.489
3.273
2.516
2.837
3.492
3.055
2.868
2.365
3.154
2.933
3.704
2.609
2.713
3.608
4.098
3.132
2.654
2.586
3.317
3.730
2.449
2.413
3.028
3.073
4.082
3.818
3.271
3.330
3.465
3.904
2.966
3.078
2.114
3.038
3.353
3.368
3.092
3.264
3.101
3.068
3.059
3.059
3.440
2.994
2.813
2.702
2.550
2.652
2.722
2.018
2.152
3.373
2.750
2.646
2.954
3.405
3.222
3.137
2.609
3.133
2.948
3.395
3.782
2.807
3.036
3.209
3.267
2.636
2.368
3.080
2.684
3.374
2.564
3.389
3.163
3.079
3.331
2.557
3.010
1.851
3.587
2.842
3.001
3.128
3.100
3.124
3.040
2.634
3.119
2.023
3.814
3.092
3.162
4.066
2.792
3.819
2.880
3.617
4.001
3.715
2.526
2.832
2.912
3.270
3.077
2.362
3.518
2.879
3.175
2.484
3.644
3.171
3.132
2.947
2.903
2.221
2.608
1.182
0.851
2.945
0.749
2.832
2.923
1.889
2.319
2.810
2.500
2.506
2.339
2.677
2.833
2.428
2.725
4.085
3.571
3.548
3.542
3.342
3.117
3.273
3.093
1.260
2.316
2.180
3.296
2.774
0.851
3.201
3.268
3.222
2.911
2.411
2.256
2.368
2.368
2.392
2.549
2.941
3.167
2.942
3.018
2.994
2.968
2.994
2.995
2.733
2.794
2.889
2.913
2.782
2.863
3.070
2.904
2.986
