2.692
3.284
3.604
2.907
3.723
3.068
4.029
3.472
3.511
2.592
3.791
2.417
3.751
3.761
3.184
2.317
2.950
3.610
2.067
2.815
3.055
2.981
2.928
3.336
2.878
2.709
3.501
2.615
3.196
2.839
2.348
2.731
2.805
3.799
2.748
2.810
3.123
4.063
2.307
3.344
2.895
3.857
3.173
3.386
2.983
3.419
3.474
2.035
2.867
2.751
3.206
3.368
3.050
2.715
2.821
3.169
2.355
2.631
3.198
2.715
2.899
3.864
3.435
3.848
3.705
2.536
2.839
2.147
3.159
3.751
3.492
3.181
2.890
4.064
3.507
3.284
3.362
3.963
3.095
4.002
3.541
3.053
3.707
2.997
3.721
2.805
2.415
2.620
3.511
2.723
3.390
3.681
2.097
2.920
3.630
3.210
3.884
3.020
3.529
3.262
3.373
2.942
3.574
3.333
2.670
2.537
2.813
3.081
2.910
3.180
3.202
2.856
2.502
2.375
2.675
2.292
2.918
2.789
3.104
2.873
2.317
3.752
3.307
3.005
2.234
3.018
2.943
2.519
3.039
3.991
3.524
2.280
2.697
4.143
4.047
3.168
2.989
3.279
3.248
4.064
2.707
2.983
3.493
3.912
2.770
3.561
3.861
3.177
3.153
2.650
3.595
2.882
3.341
2.849
3.658
2.592
2.644
3.829
3.056
3.308
3.329
3.567
2.038
3.599
2.683
3.405
3.842
3.155
2.761
3.845
3.610
2.896
3.391
3.730
2.854
3.004
2.535
3.186
2.854
3.230
3.372
2.242
3.554
3.445
3.117
2.521
2.689
3.046
2.619
3.477
3.539
2.918
2.751
2.831
2.276
3.312
2.887
3.303
2.872
4.005
3.446
2.741
2.370
2.722
4.016
2.977
2.595
3.350
3.593
4.015
3.774
2.652
2.963
3.314
2.817
3.114
2.579
2.440
2.719
2.585
2.812
2.933
1.912
3.968
3.190
2.330
2.692
2.315
3.896
2.435
2.629
2.644
2.416
3.623
2.695
2.844
2.314
3.299
2.759
3.002
2.908
2.924
1.975
2.435
2.732
2.981
2.263
3.196
3.526
2.719
1.740
3.147
2.948
2.486
3.095
3.824
2.961
3.560
2.297
2.572
3.087
3.585
4.110
3.172
2.731
2.831
3.901
2.519
2.600
2.960
2.365
2.404
2.333
2.321
2.418
2.202
2.278
4.074
3.290
2.598
2.365
2.866
3.410
3.938
3.160
3.276
3.329
2.220
2.298
2.688
4.006
3.598
2.473
1.400
3.009
3.280
3.004
2.867
2.859
2.799
2.840
2.610
2.771
2.950
2.788
3.464
2.760
2.718
2.816
2.603
3.072
3.128
3.572
2.634
3.601
4.071
3.812
2.588
3.587
2.544
2.828
3.388
1.981
2.901
3.378
2.165
2.452
3.578
2.845
2.346
0.931
2.500
0.102
0.938
2.921
2.921
2.921
2.921
2.921
2.921
2.921
2.921
2.921
2.921
2.921
2.921
2.921
3.326
2.343
2.343
2.257
3.358
2.891
2.417
2.618
2.411
2.127
3.399
3.119
3.031
3.169
3.418
3.323
2.767
2.088
2.368
2.410
2.873
3.707
3.263
2.932
2.941
3.007
3.991
4.024
2.256
3.261
2.936
3.044
3.287
2.970
2.909
2.916
1.692
2.537
3.226
2.291
2.491
3.361
1.986
2.789
3.162
2.834
2.284
2.181
2.147
3.064
3.088
3.081
3.050
3.563
2.751
2.476
2.711
2.915
2.279
3.137
2.056
2.848
2.981
3.554
3.301
2.887
2.511
2.209
2.498
3.063
3.575
3.689
2.582
3.275
3.678
2.471
3.167
3.085
3.115
3.360
3.016
3.176
3.733
3.210
2.397
3.156
3.098
2.930
2.924
3.088
3.146
3.038
2.833
3.144
3.000
3.226
4.073
2.503
2.920
2.735
2.281
3.011
3.945
2.930
3.738
2.103
3.663
2.536
3.292
2.851
3.160
3.632
3.847
3.332
3.381
3.302
3.597
3.283
3.280
2.953
3.043
2.990
2.959
2.416
3.413
3.834
3.002
2.890
0.888
0.914
3.946
2.103
2.362
4.109
0.493
3.121
2.612
3.104
3.464
3.936
2.971
3.045
2.496
3.366
2.350
2.427
2.379
3.187
3.046
2.847
2.310
3.953
1.802
2.596
4.002
3.163
3.051
3.022
3.961
2.994
3.138
2.438
3.535
3.175
3.214
3.162
2.881
2.931
3.113
3.581
3.634
3.215
3.756
3.578
3.257
2.835
2.397
3.041
3.098
3.487
2.992
3.095
3.868
3.577
3.205
3.120
3.799
2.524
3.218
2.616
3.354
3.613
3.217
2.603
2.652
2.407
2.823
2.790
3.514
3.382
3.854
3.527
3.197
2.604
2.735
2.912
2.757
2.948
3.278
2.609
2.672
2.750
3.711
2.417
2.734
2.418
2.572
2.122
2.941
2.889
2.856
2.335
3.838
3.160
2.657
2.440
2.760
3.014
2.334
2.985
3.170
3.237
2.731
2.930
2.481
3.054
2.408
3.271
2.946
2.760
2.828
3.042
2.950
3.525
3.654
2.560
3.425
2.909
2.805
2.083
4.077
2.268
2.847
3.459
2.804
2.534
1.848
3.357
2.300
2.372
3.533
3.053
3.354
3.421
3.218
2.939
2.657
3.073
2.933
2.184
2.879
3.503
3.692
3.166
3.704
3.311
4.055
2.643
3.012
3.038
2.917
2.522
3.669
3.128
2.855
3.186
2.643
3.345
3.315
2.768
3.905
2.925
2.681
3.417
2.738
1.821
3.244
2.753
2.327
3.028
3.962
3.749
2.654
3.015
3.990
2.940
2.467
2.785
3.822
3.919
2.405
2.983
3.565
2.109
2.821
2.208
3.259
3.575
2.992
2.458
3.796
2.741
3.086
3.158
2.993
2.339
2.059
2.929
2.407
3.129
2.916
2.587
2.355
2.821
3.508
2.806
2.969
3.613
2.935
2.831
2.787
2.334
3.093
2.425
2.284
3.374
3.398
2.460
3.007
3.267
2.502
2.834
2.754
2.267
4.005
2.977
3.395
2.740
2.499
3.180
3.356
2.865
2.909
2.671
3.960
3.505
1.801
2.190
2.120
2.953
3.256
3.965
2.608
2.522
3.793
2.704
3.830
1.926
2.529
2.771
3.058
1.534
3.969
2.972
4.031
0.938
2.249
2.734
2.524
2.474
2.674
3.811
2.944
2.586
2.319
2.983
2.751
2.493
2.927
1.868
2.899
2.509
3.238
3.192
2.612
2.535
2.774
2.328
2.094
2.634
2.950
2.962
2.718
3.899
2.982
3.348
3.808
2.644
2.642
2.989
2.892
4.113
3.017
2.468
3.025
2.357
2.084
2.134
2.567
2.017
2.412
2.916
3.816
2.110
3.028
2.467
3.195
3.995
2.435
2.706
2.365
3.496
3.031
3.165
2.457
3.250
2.411
3.326
3.005
3.305
2.706
2.450
2.691
2.134
2.095
2.461
2.236
3.409
3.428
2.617
2.704
2.805
2.846
2.554
2.312
2.973
2.972
2.636
2.396
1.952
3.253
3.036
2.732
3.205
2.840
3.244
3.027
2.713
2.508
3.076
3.460
3.110
2.341
2.960
3.426
3.368
2.900
3.740
2.106
3.527
2.955
2.901
3.856
3.182
4.113
2.656
2.642
3.583
3.198
3.280
3.029
2.762
3.204
2.584
2.752
2.102
2.702
2.778
2.874
3.440
2.364
2.577
2.575
4.038
2.352
2.078
2.390
2.325
2.402
2.485
2.589
2.483
3.460
2.952
2.434
2.697
2.859
2.043
3.057
2.983
3.980
3.388
2.860
2.291
2.449
2.659
3.864
2.180
3.527
2.673
3.600
2.846
2.506
2.809
2.947
2.040
3.760
2.675
3.992
2.990
3.221
2.788
3.581
2.417
2.940
3.278
2.677
3.340
2.913
2.649
2.825
3.847
3.132
2.796
3.207
4.055
3.085
2.427
3.275
3.214
2.225
3.831
3.532
2.824
3.605
3.461
3.031
2.679
2.689
2.519
2.452
3.117
2.174
3.294
2.834
2.577
3.023
2.821
2.605
2.505
3.977
2.969
3.973
3.053
3.844
3.060
2.526
3.687
2.653
3.133
3.119
2.257
3.618
3.889
2.138
1.946
3.798
2.911
2.486
2.944
2.977
1.984
3.129
2.849
2.382
2.500
4.098
3.792
2.317
3.449
2.745
3.131
2.748
3.879
2.560
2.513
3.396
3.660
2.811
3.224
3.103
3.163
2.818
2.763
2.853
2.994
3.116
2.739
2.976
3.401
2.075
3.113
2.860
2.775
2.624
2.645
2.869
2.821
3.401
1.283
3.848
2.631
3.219
3.236
3.138
2.519
2.999
2.880
2.986
2.994
3.385
3.309
2.555
2.421
3.128
3.684
3.565
3.614
3.726
2.993
2.332
2.516
2.937
3.093
3.293
2.704
3.051
2.154
2.445
3.290
2.937
3.221
4.092
2.972
3.403
3.281
3.471
3.947
2.551
2.959
3.161
2.939
3.094
2.501
3.163
3.044
2.788
4.050
3.739
3.568
3.154
1.681
2.835
2.900
2.222
3.955
3.117
3.415
3.961
2.440
2.947
3.175
3.161
2.544
3.000
2.914
2.895
3.010
3.239
1.995
2.376
3.641
3.468
2.951
2.911
2.973
2.931
2.639
2.871
3.178
3.663
2.510
3.097
3.059
3.088
3.121
3.193
3.095
3.195
2.895
2.981
3.034
3.135
3.056
3.033
3.060
2.882
3.169
3.131
3.334
3.199
3.381
3.428
3.405
3.255
2.919
3.143
3.068
2.759
3.555
2.181
2.922
3.137
2.779
2.611
3.491
2.324
2.436
3.293
4.024
2.923
2.637
3.664
2.033
3.472
2.991
2.279
3.113
2.733
2.767
3.158
3.765
2.690
3.616
3.952
2.730
3.334
3.803
2.466
2.689
2.745
2.846
2.622
3.261
2.785
2.814
2.819
3.351
3.135
2.768
2.939
3.335
2.890
2.839
2.594
2.622
2.755
2.994
2.964
2.930
3.232
2.928
3.586
2.947
2.942
3.767
2.349
3.039
3.802
2.312
3.820
2.689
2.621
2.647
2.633
2.135
2.929
2.907
2.774
2.632
3.741
2.997
3.132
2.570
2.944
3.286
2.997
3.446
2.864
2.887
2.900
3.388
2.317
2.513
2.700
2.851
2.878
3.270
3.653
2.941
3.238
3.492
2.684
2.811
3.607
3.073
2.914
2.465
2.828
3.027
2.587
3.282
2.867
3.008
2.601
2.538
2.393
3.143
2.442
3.659
3.807
2.443
3.645
3.007
3.261
2.764
2.825
2.625
4.097
3.033
3.786
2.659
3.184
3.296
3.051
2.737
3.188
2.199
2.787
3.226
2.922
2.759
4.077
0.985
1.332
3.614
3.680
2.433
2.189
3.018
2.589
3.380
3.245
2.493
2.657
3.544
3.753
3.926
1.896
3.399
2.932
2.657
2.649
3.648
2.653
3.112
2.662
3.377
2.987
2.728
2.550
3.812
3.899
2.814
2.647
3.388
3.128
3.068
1.945
2.301
2.742
2.849
3.076
0.986
2.793
3.276
3.348
2.708
2.585
2.814
3.026
3.038
2.820
3.898
3.714
2.586
2.546
3.256
2.224
2.982
2.508
3.155
3.003
3.069
3.060
3.038
3.673
3.256
2.012
2.582
2.425
3.491
2.880
2.496
2.206
2.450
2.732
2.856
3.081
3.314
2.759
3.385
2.858
2.402
3.448
2.409
3.405
3.469
1.977
1.888
3.301
2.337
2.409
2.283
2.834
2.615
2.976
3.525
2.671
2.629
3.790
2.574
3.097
2.976
3.170
3.527
2.742
3.333
3.519
3.118
3.339
2.788
1.556
4.008
2.797
3.108
2.163
2.469
2.796
2.534
2.008
3.202
2.528
3.295
2.013
3.815
3.918
2.524
3.029
2.575
2.473
2.984
3.808
2.904
3.144
2.961
2.535
2.830
2.338
4.053
2.882
3.427
2.390
2.079
3.741
3.497
2.455
2.457
2.410
3.776
3.102
2.483
3.417
1.954
2.951
3.805
3.281
3.090
3.060
2.359
3.826
3.792
3.874
2.529
3.229
2.595
3.422
1.005
2.708
3.220
2.627
3.100
3.087
4.044
3.479
4.048
3.110
3.785
3.338
3.682
2.901
3.011
2.819
3.451
3.231
2.963
3.958
3.682
3.350
2.211
3.232
2.534
3.128
3.282
2.578
2.702
3.039
3.302
2.286
2.221
3.280
3.017
2.475
3.744
3.715
3.990
3.719
3.689
3.682
2.738
2.540
2.187
2.635
2.957
2.461
2.894
2.770
2.977
2.474
2.643
2.919
2.546
2.315
4.113
2.242
2.286
2.228
2.297
2.350
2.259
2.296
2.261
2.247
2.395
2.877
2.946
2.859
2.353
2.915
2.778
2.570
3.082
2.365
