21.858
31.491
29.578
20.768
21.144
19.760
22.706
49.430
37.091
18.085
20.379
18.717
31.089
29.310
29.286
29.386
26.778
21.869
26.963
23.232
22.850
41.794
30.690
19.596
19.982
23.616
30.063
20.293
21.494
30.005
21.074
26.475
17.156
18.207
22.360
22.420
19.509
18.767
21.482
33.218
27.588
105.354
101.160
21.159
19.564
48.534
21.092
22.998
18.758
31.291
27.045
19.559
25.574
20.608
20.349
57.562
18.791
21.151
19.872
20.328
18.842
16.927
20.499
23.233
30.406
17.929
28.234
24.650
21.504
29.714
19.966
22.726
23.035
18.287
27.851
18.414
33.292
21.699
21.545
19.684
20.543
20.042
31.044
22.349
22.607
35.633
21.037
16.892
32.189
23.970
19.038
20.633
25.617
29.555
18.024
30.679
18.397
20.419
38.737
18.011
21.758
23.162
19.409
35.542
21.920
21.821
46.487
32.072
27.018
18.283
39.202
19.483
20.150
34.943
23.589
19.992
56.878
28.494
31.441
26.074
22.051
19.287
33.851
29.666
36.186
37.132
19.537
30.571
62.941
28.954
41.719
40.353
23.481
35.822
25.657
18.822
18.168
80.446
18.542
25.015
21.235
59.931
21.659
26.939
23.915
23.895
103.118
19.284
23.526
22.156
31.008
19.799
20.933
28.505
26.490
27.946
25.491
18.625
31.278
22.078
46.763
19.436
18.778
30.320
21.616
23.799
19.949
26.817
17.578
20.684
22.274
31.128
18.833
29.399
19.109
23.270
25.053
23.759
23.244
22.538
17.332
21.306
21.475
44.180
20.554
17.540
19.726
24.038
23.146
32.960
22.673
18.253
22.959
24.165
18.505
24.657
23.505
36.985
24.880
24.294
17.458
36.511
30.405
32.959
34.582
23.231
17.224
21.462
17.887
30.106
23.266
24.844
17.597
26.537
26.006
19.729
24.495
16.701
20.374
39.413
19.306
17.719
24.125
28.309
24.092
23.500
35.435
46.099
41.959
33.017
28.933
31.848
31.390
29.748
32.951
21.161
28.397
19.970
22.284
17.652
24.126
45.958
17.258
17.598
24.987
24.947
23.042
18.826
18.845
16.282
21.086
19.702
20.528
18.098
22.668
20.179
21.089
34.322
19.820
34.222
29.762
21.861
22.366
18.221
20.999
20.436
20.957
20.590
20.436
54.938
96.010
19.182
36.454
21.542
21.543
22.329
20.034
31.295
21.928
17.217
42.994
20.013
22.043
24.688
20.788
19.168
27.481
16.352
17.616
20.440
22.641
19.504
25.042
23.354
36.796
44.085
33.425
20.227
24.752
30.090
26.122
22.957
32.727
18.108
19.059
17.799
18.462
17.495
17.566
18.291
26.859
25.740
47.137
58.486
16.389
19.612
26.716
18.543
18.378
20.132
22.127
24.908
17.999
21.355
27.550
20.254
42.755
27.556
25.545
21.742
21.122
21.291
21.764
28.645
17.570
40.593
21.265
17.544
18.867
30.334
25.845
18.032
30.705
26.344
21.925
24.238
26.736
22.944
19.198
18.430
27.345
44.002
23.017
24.149
20.634
21.260
22.226
22.214
30.230
34.630
21.066
24.953
21.276
32.355
21.972
30.755
28.285
26.831
26.821
21.220
19.783
21.021
35.085
28.377
20.999
24.613
23.100
24.312
48.295
19.632
21.508
23.177
26.047
23.378
33.698
17.717
43.676
30.494
39.935
26.660
19.612
18.992
22.106
49.443
49.508
22.773
20.009
52.493
31.538
27.052
38.615
16.970
30.442
25.215
26.149
26.660
26.059
30.024
46.776
19.457
19.702
87.391
39.108
19.059
24.542
36.704
27.155
18.750
19.780
19.753
22.421
18.629
18.681
19.065
18.699
28.053
21.258
24.796
19.805
20.568
22.485
18.909
34.128
21.055
22.035
20.738
23.179
28.844
22.780
18.306
25.351
21.109
22.479
23.445
19.091
22.685
30.549
22.278
18.761
19.277
37.038
42.616
16.967
30.509
31.455
24.248
20.600
19.673
18.159
20.637
21.357
30.697
18.706
17.289
19.388
18.028
17.126
22.983
20.465
46.095
18.695
34.648
17.954
23.206
20.205
29.142
35.212
32.463
18.609
19.064
19.563
18.733
40.010
18.255
17.958
24.373
21.569
23.009
19.303
18.764
18.761
52.741
22.906
25.194
29.572
23.925
20.781
34.705
21.289
56.643
19.718
31.691
18.678
34.927
20.247
24.690
31.295
22.295
21.777
42.021
18.243
19.207
21.803
25.462
17.176
30.867
19.087
22.862
21.392
34.818
25.905
18.613
19.037
17.528
21.902
