23.393
17.821
21.359
22.324
22.382
21.865
24.684
31.485
18.580
23.024
18.659
28.326
28.891
27.570
51.132
21.849
28.890
38.827
19.925
17.317
27.534
33.544
35.214
26.721
36.449
35.248
19.409
19.174
32.937
18.849
36.156
26.315
30.165
38.965
50.581
19.599
21.983
23.332
20.896
22.036
22.054
25.713
22.949
21.480
26.338
40.607
33.049
17.772
61.029
43.117
22.151
35.060
31.970
22.959
24.726
46.185
23.992
17.859
19.798
22.435
21.432
18.558
24.557
19.632
20.120
21.661
18.610
42.022
18.540
28.688
25.698
21.344
18.920
44.429
19.457
31.805
24.218
18.175
32.500
20.085
21.211
30.145
27.163
20.121
18.231
28.005
23.718
32.197
25.926
35.120
29.754
24.287
29.500
20.087
19.570
20.678
29.532
23.718
21.145
20.381
40.784
17.484
28.267
19.269
18.765
30.417
30.285
18.212
17.824
40.154
24.045
28.543
21.369
20.655
21.124
19.255
25.848
21.143
28.565
24.087
42.424
61.606
20.140
21.333
25.788
16.466
58.267
26.930
31.349
19.159
37.804
22.248
42.722
26.871
28.608
35.463
27.662
26.250
31.186
20.583
22.724
18.894
25.021
23.762
20.914
23.684
22.219
22.015
18.262
19.011
19.955
35.234
28.561
24.290
20.923
21.339
20.519
30.066
30.273
20.914
23.067
30.259
17.284
23.885
28.084
26.432
27.567
31.160
30.780
21.339
26.579
22.070
30.636
21.016
28.167
21.196
26.460
26.479
21.020
21.540
18.553
30.207
29.680
22.890
25.987
35.156
28.309
33.670
28.642
20.571
20.400
21.679
37.908
21.511
20.413
31.451
25.128
20.214
35.877
22.338
22.923
19.101
43.918
19.840
17.183
21.405
17.010
35.346
20.506
25.230
32.683
22.812
19.616
19.502
18.430
24.392
24.221
23.850
20.121
19.053
21.440
20.519
31.250
17.763
29.612
20.922
17.909
17.678
34.495
20.027
44.412
32.513
25.898
21.199
25.877
34.995
47.787
60.908
21.506
22.717
19.276
23.603
34.250
23.019
23.482
18.271
20.940
25.953
22.526
21.928
29.755
25.031
21.348
18.225
22.405
21.933
20.119
24.335
27.484
23.981
29.878
40.705
25.774
24.090
22.634
21.788
20.042
30.500
34.596
20.106
22.432
27.020
28.122
22.786
20.039
35.886
25.054
25.877
28.818
22.043
31.080
29.889
29.212
46.664
19.059
23.529
20.381
35.897
21.931
25.356
18.344
39.754
26.560
36.862
34.647
31.453
26.308
19.894
63.043
25.521
27.516
22.760
30.112
22.414
22.308
18.629
19.670
19.059
19.866
24.685
41.588
25.014
28.439
24.462
32.760
22.206
29.312
19.364
18.023
28.059
24.791
28.197
24.555
33.701
46.416
22.544
17.640
27.433
21.100
24.386
21.920
26.333
27.650
49.909
21.870
20.303
27.149
20.482
20.152
28.145
34.096
26.309
20.302
26.521
31.719
24.813
27.850
26.776
26.501
22.633
23.204
23.528
18.520
20.937
19.356
18.167
43.966
23.477
21.218
21.878
28.316
29.663
24.722
36.468
29.790
68.950
21.290
24.624
26.156
27.110
19.102
27.002
21.615
20.649
30.657
21.330
29.084
26.300
27.826
28.085
42.889
27.517
23.568
21.623
22.397
42.106
21.061
20.688
32.997
20.997
40.103
24.072
25.818
22.188
26.514
32.922
21.159
28.682
20.837
22.400
23.629
28.780
35.755
18.989
20.983
26.349
21.401
22.916
18.227
20.071
29.728
26.409
35.096
22.339
24.625
22.298
23.073
33.906
27.454
26.001
17.988
27.704
27.714
27.114
33.338
42.432
21.891
55.478
19.316
22.952
21.173
31.052
30.276
53.839
18.584
18.357
19.553
21.521
41.208
24.683
18.933
43.127
28.565
20.833
26.218
25.396
49.557
34.492
19.689
28.667
20.037
18.772
24.045
21.255
21.111
32.654
19.537
24.041
45.644
18.777
18.851
19.048
20.706
20.440
20.355
24.231
21.493
25.369
24.031
37.726
20.346
18.826
21.100
20.725
40.106
20.082
18.695
27.608
37.536
19.144
23.356
19.116
43.844
26.521
30.184
28.485
16.405
26.905
22.785
30.782
18.011
22.234
22.591
28.834
21.887
46.478
18.723
29.591
25.090
28.716
20.218
20.028
25.331
24.261
20.040
20.822
22.106
22.359
22.407
23.765
20.099
21.182
22.077
25.530
27.876
39.823
28.403
42.002
20.968
20.440
20.249
27.243
25.367
31.370
20.651
38.467
18.961
32.377
21.356
32.990
21.773
18.294
32.336
25.545
19.963
20.332
18.925
34.814
23.214
18.306
30.429
23.222
31.830
22.287
25.015
43.449
23.548
19.613
28.216
28.676
26.369
19.080
25.626
23.489
18.839
20.854
25.140
27.819
33.246
29.044
26.806
25.037
20.555
23.153
33.343
23.124
20.780
29.241
25.926
28.327
20.114
23.325
25.876
30.147
44.155
32.014
22.106
30.937
20.551
25.615
24.571
21.331
42.567
21.733
18.509
31.804
18.153
30.854
33.582
20.041
25.857
23.081
20.863
35.020
18.672
20.696
28.905
26.088
43.169
27.216
25.213
18.807
21.604
26.764
31.496
19.033
18.829
25.259
40.756
31.127
30.135
22.569
26.987
22.730
21.180
21.968
20.459
18.603
28.670
39.749
20.639
18.549
27.909
17.624
18.991
24.372
24.192
22.024
19.905
19.550
19.897
39.721
45.445
27.626
21.651
26.181
49.208
23.094
31.769
31.169
18.193
20.145
25.079
23.173
24.221
30.154
40.638
19.803
30.849
73.072
24.572
24.895
18.181
18.925
20.489
27.645
22.743
18.945
21.856
25.672
26.430
19.917
20.050
26.217
32.515
24.962
19.161
18.885
19.661
19.202
25.786
25.752
22.495
27.879
19.018
18.445
26.849
22.967
19.064
24.521
24.075
31.707
42.581
18.677
24.940
18.767
34.815
35.073
27.885
26.334
19.133
22.741
22.685
19.781
21.220
18.702
19.900
22.552
18.960
16.342
30.489
24.237
29.896
19.922
20.547
26.214
20.609
32.121
41.694
20.041
19.879
28.978
18.785
18.904
19.889
17.842
21.500
30.600
21.230
27.005
35.381
43.283
17.391
36.735
23.308
34.443
23.896
22.020
32.651
23.686
42.936
20.799
20.822
33.484
22.889
30.654
66.554
31.605
39.847
19.840
33.235
45.316
25.808
25.284
26.029
44.294
24.084
22.736
27.681
17.137
17.294
17.596
38.818
28.289
32.049
36.789
21.118
26.131
27.284
31.739
25.040
18.580
21.511
26.633
32.180
31.987
17.453
19.716
32.886
22.945
26.967
33.600
18.125
21.245
33.908
20.848
28.994
22.194
23.641
28.604
29.839
36.609
18.745
21.033
28.201
22.778
33.367
23.725
18.015
17.353
20.699
25.545
28.937
33.972
23.152
19.874
17.386
22.656
28.278
22.714
26.202
16.483
20.683
24.549
46.905
30.617
26.900
23.370
24.353
18.025
30.136
22.132
29.615
44.652
19.364
28.808
21.288
29.119
32.392
20.212
43.481
37.500
18.117
28.997
48.198
23.396
21.080
23.116
41.299
29.133
41.242
23.413
38.409
19.471
19.054
21.510
40.711
18.341
19.074
31.648
28.036
34.636
32.319
19.316
22.558
40.695
35.145
24.722
31.592
21.390
25.611
25.454
30.713
28.347
35.595
29.662
22.900
31.405
22.201
29.258
29.555
37.965
31.340
32.792
31.780
42.078
21.333
21.778
29.081
21.287
29.449
39.181
18.679
29.584
23.489
35.292
18.014
48.060
36.795
43.619
21.229
43.422
23.192
19.964
29.819
32.008
29.091
22.429
35.073
32.550
22.146
18.668
32.704
22.985
28.759
20.849
21.020
31.861
19.726
31.985
38.443
18.301
29.943
18.504
21.198
19.739
21.829
26.098
23.742
43.403
18.098
25.037
29.704
30.668
28.795
19.612
45.402
25.242
32.276
25.727
23.514
42.162
22.211
88.970
24.649
30.576
23.175
32.492
23.455
19.204
27.521
31.072
30.458
30.815
31.422
19.677
18.785
38.245
23.834
28.839
28.773
25.061
18.205
23.966
25.660
27.858
28.632
40.990
20.944
35.461
35.034
43.493
18.199
17.465
29.572
24.428
20.728
34.148
30.623
30.123
26.790
17.750
28.227
33.592
19.698
36.086
24.571
39.014
17.437
32.907
33.924
28.355
19.017
21.581
21.748
25.585
30.055
24.554
24.050
37.150
36.853
19.227
36.542
23.586
32.234
19.067
25.338
34.874
26.032
24.731
23.075
22.403
24.824
21.546
35.906
24.769
24.116
21.384
24.248
23.569
28.397
28.806
27.973
27.581
22.906
27.401
25.525
24.493
25.695
24.341
23.065
17.330
17.640
17.369
41.074
21.514
33.678
41.214
26.978
66.204
28.253
21.727
18.700
21.933
26.178
21.646
25.529
17.451
42.525
54.201
21.245
18.278
18.055
33.914
38.483
19.981
39.041
28.454
34.617
34.012
34.182
18.188
28.425
33.571
22.790
49.180
23.921
25.904
21.881
36.388
20.214
29.445
17.586
34.500
36.170
25.809
18.503
22.961
38.705
22.617
33.434
21.297
26.844
22.588
35.450
28.574
23.434
18.678
23.539
27.350
17.997
17.864
31.657
27.122
20.102
28.803
18.792
17.326
17.613
17.574
22.105
22.082
22.620
28.499
43.457
27.304
31.201
22.657
25.418
18.961
32.876
18.632
21.275
25.220
23.907
17.781
31.307
28.330
21.830
26.946
18.777
22.262
21.608
23.627
46.032
17.503
45.026
29.579
20.343
27.268
20.179
32.532
21.316
40.674
34.007
27.402
35.959
41.763
45.210
29.672
22.222
20.897
29.211
23.855
19.519
37.128
21.598
26.006
43.820
25.661
22.417
20.455
26.572
23.375
22.440
38.065
29.290
31.628
28.513
33.162
30.282
51.801
21.424
31.539
36.157
29.074
33.964
31.371
20.934
54.190
29.839
24.825
49.209
30.974
26.686
30.548
44.758
30.296
19.637
27.188
34.066
33.557
29.265
30.012
19.922
31.239
46.254
29.402
29.055
30.547
48.268
23.516
27.241
18.239
20.479
20.806
25.570
23.087
20.138
32.239
18.406
30.485
18.859
27.346
21.764
35.031
23.433
31.505
29.109
23.800
22.703
21.698
17.964
29.286
32.022
25.374
31.590
24.533
19.460
18.206
27.695
23.254
18.362
18.371
25.025
28.437
19.608
18.869
24.160
26.135
21.630
45.551
31.363
29.073
19.864
18.745
26.254
24.082
29.129
18.739
19.278
29.276
19.997
30.712
32.849
50.885
23.237
18.080
24.573
18.825
20.890
21.811
27.753
34.794
30.140
28.613
27.827
21.900
23.393
32.448
18.705
57.852
25.787
24.978
22.598
25.752
27.540
24.691
20.378
69.952
26.766
28.268
22.153
18.749
30.212
29.306
32.183
25.958
27.874
31.419
33.488
33.129
23.766
16.818
27.400
29.936
41.933
21.517
34.039
25.161
24.570
22.345
25.180
24.780
22.391
19.670
41.470
26.922
33.149
34.467
19.323
26.781
20.617
19.579
17.343
17.543
25.379
41.374
19.383
26.680
29.334
25.715
24.482
19.653
27.126
20.342
20.529
54.151
30.254
29.622
28.940
30.252
26.481
36.863
25.330
22.151
23.275
40.144
23.058
25.375
30.847
26.570
30.349
28.768
23.715
20.809
29.871
49.761
50.094
49.968
28.311
18.737
25.442
27.780
34.025
29.277
51.782
31.181
48.633
20.201
25.806
22.156
22.088
20.052
42.976
44.527
30.651
21.617
26.625
20.078
34.297
24.254
31.301
28.966
50.386
30.931
23.050
18.107
28.894
24.626
19.823
23.852
20.671
20.137
29.697
50.002
18.984
31.346
33.140
31.499
30.389
19.157
26.118
32.064
19.634
24.455
27.462
28.238
32.543
37.855
29.624
17.203
37.158
30.296
35.240
20.132
23.738
26.801
28.514
25.686
31.040
31.430
31.206
31.131
30.505
25.952
25.948
28.456
23.485
37.833
32.433
23.521
21.694
22.874
32.059
26.257
26.892
28.543
20.040
19.006
22.399
33.226
21.904
31.877
33.088
17.892
23.720
35.388
33.989
49.029
21.690
27.226
25.011
26.031
23.545
30.066
26.401
26.480
27.326
47.611
35.021
47.914
27.476
27.042
28.179
27.165
27.054
28.084
22.729
26.927
20.930
29.553
33.560
47.059
32.770
27.910
23.535
24.554
19.078
22.656
18.123
18.037
29.122
18.336
18.089
18.071
18.130
18.090
19.344
19.927
20.020
29.311
21.971
42.592
19.501
27.642
22.226
19.382
26.675
32.890
17.243
20.143
28.371
31.118
27.541
39.172
25.744
17.837
33.927
19.399
31.533
23.483
23.482
19.868
21.674
17.315
23.580
20.606
16.651
16.634
16.440
17.595
19.834
17.952
29.507
25.908
29.447
26.498
50.079
49.814
22.830
29.467
21.490
23.639
18.207
17.304
17.211
24.066
26.345
25.083
44.348
28.072
31.668
17.154
17.710
28.987
30.656
29.788
29.828
40.954
34.964
19.368
18.455
19.478
26.311
26.802
21.059
29.414
24.255
23.661
17.634
24.072
26.066
26.955
46.142
19.671
20.684
30.176
30.804
25.491
28.810
28.215
24.669
35.404
53.138
24.358
19.781
20.753
23.794
20.829
24.615
26.673
25.781
18.782
20.046
26.469
26.290
29.743
47.124
27.568
24.203
26.849
23.116
22.186
24.296
35.907
37.678
24.008
40.433
28.869
27.306
53.594
19.152
38.379
42.730
19.904
27.011
25.316
20.972
27.501
31.885
29.728
32.293
28.323
48.205
48.076
28.892
30.946
17.672
37.098
20.851
28.384
38.096
30.815
39.115
18.908
28.927
32.634
20.739
21.747
18.311
22.491
22.010
26.148
17.852
17.947
20.235
25.950
23.961
25.409
19.345
39.572
26.997
19.391
30.354
25.762
27.069
30.180
42.038
29.841
29.802
24.511
30.402
25.041
28.597
18.574
23.107
23.411
26.713
45.443
31.789
29.543
22.106
40.698
22.597
34.584
25.422
19.334
19.570
28.435
24.970
28.501
19.483
39.552
19.950
36.398
25.311
42.463
19.893
21.103
32.909
29.727
29.835
25.628
35.721
17.707
39.705
27.818
24.127
18.660
33.147
21.602
22.229
18.162
21.885
40.512
21.833
30.459
21.201
30.269
33.756
19.377
23.078
35.510
40.938
30.615
32.138
22.080
28.133
41.395
21.143
40.636
23.747
24.832
24.753
37.737
52.784
23.169
33.839
25.549
21.999
26.824
33.376
42.865
38.453
24.330
19.937
41.367
21.599
35.407
22.710
23.699
21.196
44.850
22.745
18.519
21.526
24.834
33.953
19.918
57.126
42.002
36.015
51.683
18.059
30.820
21.453
39.314
17.206
24.473
21.630
22.831
20.686
19.650
23.831
18.952
31.795
17.081
26.379
35.816
17.698
26.065
29.523
19.369
27.538
24.601
20.329
28.629
35.657
20.849
22.952
20.041
37.195
17.596
17.779
19.439
28.933
17.725
23.532
25.652
21.287
41.401
22.829
20.159
20.549
20.023
43.644
25.294
31.397
17.991
27.923
18.304
41.995
29.953
26.677
20.800
19.755
35.452
25.291
30.130
20.011
42.442
26.181
24.325
23.764
27.544
26.704
21.931
30.323
22.032
39.149
28.296
32.111
23.592
40.677
20.420
29.713
32.165
28.594
19.532
20.047
25.664
27.874
23.256
21.498
41.875
26.162
21.374
36.039
22.078
20.084
28.745
18.936
20.552
18.129
37.919
20.907
20.164
27.620
23.188
31.732
20.293
27.220
24.229
50.652
27.855
22.520
33.874
20.035
42.466
26.164
18.510
24.110
20.061
21.595
26.943
34.621
27.670
19.566
24.273
22.111
24.938
36.650
19.040
45.593
38.042
28.897
19.022
18.983
23.101
34.418
41.503
16.705
23.876
24.553
38.405
32.170
30.980
19.119
32.387
27.909
26.878
31.774
21.255
39.857
21.883
28.920
39.683
19.330
30.912
20.340
26.764
24.262
19.823
21.253
44.547
26.100
28.143
21.548
19.255
22.509
26.866
28.801
18.000
27.928
30.626
24.517
25.685
44.132
28.111
34.371
22.160
18.448
21.853
40.366
19.020
22.741
29.700
19.865
28.424
47.518
39.832
29.723
19.798
39.960
35.508
27.623
19.229
40.174
28.689
30.399
29.048
39.164
94.553
35.128
17.339
16.671
28.469
23.159
47.291
21.001
25.689
22.768
75.149
23.726
39.623
18.589
17.387
26.083
21.882
29.113
17.087
21.101
19.156
26.391
25.892
18.671
26.378
31.498
45.956
31.522
31.310
39.251
28.679
45.371
29.464
41.335
28.254
21.095
18.295
18.766
34.106
30.684
23.087
44.645
19.759
43.773
49.866
37.819
37.395
28.933
22.131
26.671
33.311
39.390
34.488
31.854
18.649
21.840
50.747
32.536
29.096
36.750
25.134
26.506
24.474
32.078
26.655
24.536
23.666
38.104
30.416
34.080
33.907
28.831
28.415
21.201
23.726
19.611
27.420
37.233
30.753
17.923
35.553
20.426
21.329
27.373
28.038
36.784
24.773
46.571
28.460
30.787
35.981
23.208
34.424
27.735
22.500
24.963
26.055
54.226
25.439
26.036
18.681
19.269
39.824
19.636
76.513
19.854
24.019
28.623
22.470
47.500
27.520
22.287
30.683
22.566
26.738
17.969
25.120
21.051
17.773
38.707
28.366
31.466
19.769
30.568
27.619
27.820
18.260
29.852
19.231
28.529
23.568
39.824
27.990
28.234
23.234
17.655
30.066
18.298
23.968
35.378
28.813
26.691
32.028
22.369
26.543
33.152
31.473
27.729
25.928
19.686
42.137
43.927
24.595
20.937
31.826
39.658
27.266
46.976
40.558
20.897
20.055
18.686
22.836
28.705
40.576
19.526
16.878
28.683
22.924
18.921
25.736
33.529
34.842
24.337
29.358
32.772
25.776
55.473
48.062
31.743
19.243
20.750
22.662
28.753
17.358
17.235
18.497
25.574
29.446
23.439
28.412
19.813
20.845
17.849
25.074
43.457
24.576
21.994
17.863
29.267
41.374
33.946
24.142
19.421
22.450
46.812
18.849
28.661
30.054
29.874
22.026
30.770
46.112
29.817
34.110
51.481
18.076
23.133
22.921
24.664
24.009
25.054
43.715
21.741
66.901
17.557
17.422
23.829
23.246
24.697
25.884
30.208
34.634
21.938
22.385
23.734
23.606
21.994
25.045
21.500
29.089
29.551
23.043
28.849
26.895
20.104
25.377
19.619
23.734
32.613
65.121
19.417
22.783
29.321
28.553
29.071
29.792
27.973
21.025
38.974
42.423
34.436
37.158
38.912
17.989
30.870
37.374
28.981
32.242
27.677
27.459
21.802
22.174
25.011
18.909
23.959
18.100
26.044
22.483
17.993
18.034
51.217
28.843
19.989
19.911
26.905
21.850
19.547
22.632
30.303
34.063
33.450
29.900
38.506
28.548
41.999
40.492
19.043
17.087
24.181
18.296
20.706
23.780
26.176
25.728
24.414
25.584
35.973
49.216
32.868
17.099
24.384
26.277
30.861
18.897
30.017
33.085
19.729
25.280
22.652
25.111
32.064
20.718
16.425
19.633
30.727
26.668
40.053
28.602
41.327
23.874
19.030
30.407
34.562
23.661
26.938
35.725
23.386
18.408
31.484
48.750
27.560
27.005
23.743
27.297
19.598
31.070
40.647
34.891
48.053
28.104
32.077
18.166
42.783
24.851
23.393
30.783
24.298
19.640
26.679
20.482
25.399
29.797
29.931
32.699
22.044
17.656
47.459
21.768
33.549
17.481
19.416
23.332
28.237
25.862
31.163
52.907
34.246
34.136
19.226
21.690
20.165
20.719
25.567
20.293
23.584
22.905
22.205
19.290
21.678
22.136
17.310
39.870
40.359
39.687
27.447
19.536
50.023
33.878
39.798
33.374
24.508
18.493
28.976
27.253
22.665
46.732
19.538
21.704
32.422
21.606
40.853
30.601
22.291
18.569
23.984
20.283
28.814
33.622
34.769
27.985
26.201
37.859
16.162
24.734
23.548
24.838
27.412
22.218
24.302
29.943
33.608
21.516
20.190
25.733
23.372
22.062
26.433
30.739
26.677
22.591
32.545
24.052
43.982
26.358
34.537
20.317
24.267
23.309
26.467
22.235
31.407
27.610
30.749
32.909
29.026
31.732
21.654
23.018
21.465
24.017
66.039
17.128
28.337
26.916
17.347
17.373
22.035
19.249
41.243
21.222
20.748
27.780
32.293
22.766
28.889
26.349
20.373
20.754
35.477
23.970
18.351
35.002
20.227
26.815
23.232
24.524
40.455
32.012
22.498
23.975
37.093
19.130
22.041
21.219
37.234
18.106
29.548
19.764
19.726
23.809
24.055
21.468
33.560
19.358
24.288
19.139
21.620
21.748
42.533
26.433
35.207
31.371
24.565
35.246
23.686
18.776
35.773
22.954
38.997
22.978
26.586
20.854
51.652
33.642
24.261
27.389
42.142
36.935
19.497
21.801
26.671
22.035
19.364
22.514
19.523
21.120
25.946
19.691
50.588
22.444
43.101
18.043
19.348
28.708
19.833
17.709
20.925
21.274
29.645
35.066
19.883
21.809
27.774
22.084
39.233
26.697
46.090
21.880
18.370
21.773
20.746
25.986
19.900
18.606
19.675
21.273
28.363
20.294
22.585
19.689
18.877
19.466
24.904
22.161
22.929
19.348
27.523
19.545
48.617
25.126
43.284
32.509
24.686
24.768
19.940
25.943
37.849
19.552
36.402
43.161
25.806
20.151
38.040
23.493
17.589
18.066
38.572
32.514
29.129
20.133
25.726
70.225
23.078
36.361
19.654
35.447
25.625
19.294
29.593
18.046
18.996
32.301
18.840
35.493
18.520
50.537
28.986
29.398
46.423
39.690
28.814
26.778
22.622
35.973
18.509
20.180
28.578
21.964
36.847
27.865
29.004
22.522
47.724
27.784
25.293
23.267
22.069
37.055
28.878
24.790
19.256
17.585
33.840
24.690
17.878
23.187
19.817
19.355
31.325
25.213
31.480
31.551
18.283
22.979
22.073
18.167
31.177
23.099
106.401
19.010
27.837
28.909
24.948
59.851
31.289
29.437
20.757
21.928
25.859
30.918
24.299
23.178
22.082
32.908
29.009
23.391
48.946
25.751
21.959
22.486
34.039
22.631
29.334
24.326
30.052
36.887
18.492
23.302
19.412
31.820
34.000
25.092
31.179
31.710
21.935
23.053
34.960
20.062
22.418
36.226
22.551
22.659
34.617
29.585
20.819
22.606
20.974
25.320
18.259
30.807
19.837
37.557
30.446
33.764
29.653
20.232
33.407
33.317
21.236
21.569
20.030
22.499
22.225
21.076
32.262
21.226
29.641
24.967
29.874
39.452
19.894
34.646
26.585
21.042
19.674
19.154
39.615
20.193
35.314
23.128
22.458
35.703
19.110
21.212
46.303
24.005
19.590
39.231
32.382
20.211
20.192
24.743
25.072
18.478
22.790
19.545
19.005
21.955
19.871
20.757
24.958
24.896
23.173
21.787
19.018
23.852
19.100
35.884
28.434
39.766
31.268
42.549
21.705
42.030
34.317
21.480
21.458
20.770
31.843
24.439
24.277
22.347
32.286
26.564
22.109
24.279
22.147
30.041
24.864
23.197
26.300
18.993
24.763
33.140
45.907
35.966
25.790
22.765
29.280
30.966
24.096
35.727
18.626
19.349
27.810
18.983
26.336
35.498
19.692
23.358
28.130
30.893
30.966
19.443
40.784
30.577
22.187
19.125
24.308
20.827
23.208
27.133
21.370
24.053
19.659
36.614
42.405
26.798
26.879
36.092
19.228
66.111
30.643
22.963
29.598
19.802
26.352
27.047
21.122
19.329
30.276
35.061
39.705
39.929
24.655
41.671
24.130
43.602
24.741
27.914
19.395
28.190
26.341
33.181
32.045
32.263
26.508
24.125
22.856
22.387
20.380
26.125
24.496
17.476
31.748
23.600
24.407
29.040
35.299
47.079
32.710
31.670
21.782
25.063
28.277
25.410
47.198
30.072
23.365
32.191
20.945
28.527
23.278
23.269
26.549
38.727
19.166
24.409
35.236
36.504
21.118
19.385
19.868
38.646
29.031
18.570
28.320
17.711
26.078
22.405
19.234
32.721
22.269
19.995
19.255
24.414
25.770
20.369
20.164
19.628
33.294
37.165
25.972
21.884
20.240
33.061
27.586
18.749
28.784
35.272
27.626
18.820
49.986
20.018
25.949
35.704
36.797
37.055
28.281
23.593
28.519
39.909
24.578
24.532
24.994
18.898
18.923
27.385
24.821
22.078
34.724
56.509
19.197
24.843
30.683
19.095
24.685
22.030
28.471
23.623
25.244
23.023
32.060
21.577
22.564
24.186
19.008
26.269
26.629
25.403
24.195
22.622
23.738
21.930
25.499
21.466
22.346
31.039
21.408
18.381
21.398
18.058
28.507
18.638
28.942
21.518
28.332
30.272
28.172
30.196
33.517
30.104
32.501
20.187
22.396
19.925
50.160
35.515
24.174
17.095
17.339
17.135
24.016
19.229
17.211
21.892
19.633
19.705
19.928
20.146
36.156
27.806
28.821
21.317
19.920
23.265
24.452
18.077
17.818
17.662
18.193
18.013
18.673
25.436
17.950
23.759
