19.188
42.109
25.538
22.389
24.308
23.354
17.043
17.404
19.894
17.316
66.708
25.811
30.665
21.010
20.451
22.373
21.282
16.387
16.384
19.689
19.704
37.189
37.293
22.863
22.854
22.900
17.964
22.637
28.196
21.061
25.794
20.003
22.620
30.182
20.947
41.334
17.932
32.851
19.704
37.835
27.842
31.454
53.065
20.465
28.852
19.981
18.951
21.947
24.743
34.448
25.393
25.248
29.857
29.511
23.119
20.562
18.105
22.363
18.253
29.706
22.456
28.376
25.064
24.530
30.356
30.329
18.037
24.558
31.116
36.283
19.588
20.332
26.521
39.987
17.918
26.880
20.470
49.145
19.173
19.398
17.659
30.557
34.026
24.037
26.347
24.634
31.045
17.370
29.424
29.177
25.748
30.676
44.749
26.300
17.097
25.286
23.660
28.837
33.030
20.186
21.785
19.275
25.140
20.872
17.941
39.899
25.002
19.029
21.850
38.429
32.591
31.434
28.510
21.237
23.200
25.033
18.304
19.438
19.626
19.390
23.604
16.736
38.169
30.159
27.275
18.961
32.481
18.529
18.019
17.676
32.506
26.672
39.346
26.328
20.392
17.358
26.389
30.823
19.700
30.051
28.526
54.832
37.807
25.963
25.957
26.622
16.622
25.431
27.511
48.897
28.433
17.559
40.114
36.241
17.278
19.208
33.253
31.894
25.133
34.243
18.049
17.394
19.024
28.985
18.421
20.223
37.890
33.778
34.683
18.314
19.701
17.500
46.933
17.788
18.135
19.028
18.785
30.615
18.150
19.157
21.815
23.405
18.067
21.741
26.305
22.930
24.426
19.128
16.647
29.063
23.743
20.833
18.387
21.767
19.316
19.260
39.579
44.621
20.787
20.876
44.646
29.130
18.795
40.069
27.502
22.599
29.392
33.635
24.128
24.655
21.147
44.965
25.634
27.070
26.346
25.073
33.096
21.580
20.609
38.106
23.434
19.642
31.786
60.951
18.477
17.708
19.653
37.322
33.997
17.846
21.986
27.900
31.693
30.861
17.561
28.700
18.020
17.812
23.894
23.744
17.300
17.908
28.223
21.560
22.309
22.094
38.634
37.913
24.516
20.798
24.164
34.442
22.519
36.958
37.058
34.534
42.275
17.728
33.712
20.315
19.955
33.386
26.172
40.147
17.271
40.316
18.941
16.861
23.483
16.382
32.597
18.422
16.539
18.234
30.681
18.654
19.981
30.131
21.577
17.697
40.084
29.832
18.074
19.953
27.052
20.909
18.400
23.207
26.514
24.168
26.699
32.347
18.117
33.474
30.638
36.120
20.336
30.043
28.811
25.529
20.817
25.839
18.395
36.541
18.535
16.482
26.881
23.488
20.705
16.484
23.097
17.464
24.592
20.609
22.929
35.736
18.772
25.638
31.052
22.534
25.414
20.949
19.532
20.839
17.230
19.371
28.467
33.698
16.374
18.301
25.522
31.059
28.230
21.474
27.102
39.279
26.352
24.441
18.623
27.835
17.845
24.603
19.593
30.944
33.299
23.032
24.786
