36.013
27.759
17.101
20.575
28.503
18.240
20.994
16.985
19.972
18.344
20.254
18.279
18.613
20.890
20.892
21.909
18.722
20.094
19.053
17.521
17.707
18.538
17.558
20.822
23.967
17.869
17.106
17.418
22.077
19.285
17.198
34.984
20.143
17.789
17.048
17.167
16.969
17.305
17.386
21.291
20.778
19.986
20.761
21.346
21.897
18.416
20.647
17.222
23.925
17.335
18.108
17.839
18.250
18.321
18.134
18.593
17.765
17.718
17.378
21.306
29.116
18.008
18.277
19.142
20.693
19.505
20.558
20.553
26.880
21.372
21.487
17.730
17.982
18.213
19.441
17.820
18.251
24.430
19.867
19.921
19.778
22.338
26.029
20.185
18.288
18.303
18.833
19.886
19.093
27.891
23.089
18.894
17.680
21.033
20.608
17.086
32.210
28.827
27.025
25.428
28.105
18.783
21.330
18.395
20.754
21.650
19.101
20.854
20.093
20.970
23.435
24.102
18.680
21.390
21.003
24.832
26.315
17.214
21.624
23.585
19.074
19.071
18.486
44.801
22.957
23.604
17.977
31.778
18.736
19.433
34.014
23.695
20.019
17.455
22.123
17.562
22.891
22.303
18.075
23.649
22.838
22.972
17.633
18.178
21.235
28.579
17.538
25.092
22.097
18.031
23.995
21.905
24.984
19.108
20.281
16.719
18.370
20.062
20.094
21.651
35.366
20.749
19.030
23.064
19.239
20.028
19.107
17.314
23.360
17.817
20.692
23.792
23.083
16.479
19.510
20.016
21.047
20.734
18.316
18.337
18.357
16.659
21.560
17.470
20.003
17.506
17.793
17.154
17.857
18.581
16.786
16.932
22.819
18.882
17.814
18.972
18.765
27.056
24.092
19.494
18.510
17.877
22.074
17.536
19.537
17.969
17.486
22.581
20.498
22.624
19.744
18.226
19.053
17.373
20.587
17.929
33.822
18.342
22.614
19.886
18.489
23.016
19.785
22.597
19.184
18.142
19.450
24.386
18.052
26.824
18.438
17.199
18.989
19.211
27.523
39.162
18.090
23.905
18.040
20.811
17.610
21.620
22.942
22.977
18.082
16.942
61.243
20.505
20.410
17.204
21.407
17.916
19.306
21.217
24.000
27.015
17.529
17.910
26.794
19.766
19.273
19.830
21.967
27.787
23.808
17.206
23.375
24.264
22.493
21.379
25.862
28.251
20.339
21.762
18.081
18.609
20.853
17.211
18.547
17.738
18.333
18.007
21.692
19.422
26.043
23.241
20.053
20.215
27.062
18.362
17.010
18.324
26.430
20.817
18.514
17.533
19.034
17.868
18.496
17.299
19.388
18.043
20.216
17.353
17.499
17.640
17.132
21.258
19.448
17.522
18.169
22.081
19.089
20.152
24.612
17.389
18.265
18.752
27.020
23.820
21.599
17.085
24.530
23.114
18.807
24.374
17.582
22.517
32.878
31.080
17.669
23.702
21.201
32.743
18.957
18.880
29.789
20.278
19.502
17.595
16.872
18.583
20.230
17.280
18.596
21.477
19.688
19.984
27.717
19.755
17.332
22.186
19.455
21.668
17.321
17.079
18.640
17.668
19.930
20.971
20.528
19.930
19.024
21.353
21.911
27.904
20.708
17.322
19.560
22.695
18.447
18.067
19.619
23.169
25.771
19.671
19.738
17.772
19.251
25.919
18.487
17.961
17.647
16.874
22.663
20.251
18.488
18.568
18.672
27.539
23.712
27.468
26.008
17.464
17.541
16.486
33.709
25.349
20.001
17.869
30.262
23.124
27.739
19.602
22.886
18.805
17.603
18.074
17.643
19.229
23.221
24.707
19.136
25.440
24.815
35.479
21.142
18.160
20.062
20.107
28.936
19.411
20.562
18.283
24.182
17.935
18.859
20.285
19.826
17.560
24.582
17.550
17.369
24.724
20.663
22.678
18.869
27.642
24.175
21.783
31.873
24.902
16.876
21.152
18.776
19.656
19.618
26.961
22.397
21.783
26.278
19.820
24.434
18.023
25.489
17.776
20.871
19.637
21.832
29.908
23.016
18.026
21.587
19.675
18.381
24.287
23.501
22.039
36.657
18.158
23.708
18.259
18.419
30.081
22.204
20.598
17.004
26.656
20.209
49.746
23.574
27.457
17.713
18.714
20.572
18.724
19.227
18.907
17.526
18.118
21.419
18.692
35.465
17.286
27.813
18.007
19.793
18.617
17.286
