24.955
31.617
20.167
23.144
23.755
21.317
29.071
25.748
20.303
29.522
18.396
27.226
27.066
29.016
31.714
30.492
20.482
23.500
41.203
28.163
23.772
21.846
24.023
34.645
26.260
30.694
17.824
102.399
36.028
22.893
22.132
25.231
24.355
25.592
21.659
22.238
23.600
41.911
19.334
22.542
46.052
35.289
18.615
20.014
25.701
32.170
27.553
39.763
29.920
21.349
24.672
29.983
25.240
25.228
20.906
29.471
22.174
30.661
68.295
19.929
20.712
25.064
21.632
64.546
18.837
21.199
22.514
21.951
22.508
22.759
20.325
29.845
24.875
19.480
19.560
22.405
19.974
22.813
28.916
20.726
20.984
31.667
34.840
36.400
29.768
29.601
17.223
28.482
30.465
32.550
18.416
20.693
24.925
27.172
41.633
18.022
26.665
30.911
21.740
47.875
32.021
20.899
21.514
21.906
17.909
24.381
21.580
22.564
33.197
27.582
18.877
24.980
21.578
19.978
21.205
19.689
21.837
18.994
20.827
41.627
17.023
27.611
29.892
22.987
22.811
16.699
17.491
30.887
18.367
20.742
19.567
24.325
24.045
21.716
32.619
26.072
30.132
21.943
30.977
31.519
18.041
50.804
28.574
18.335
28.912
19.622
25.480
19.561
29.043
21.912
23.556
24.002
40.698
21.094
28.037
28.497
30.635
19.567
29.804
20.097
16.276
21.016
26.991
27.843
20.774
20.346
54.348
23.035
29.602
25.919
19.593
17.708
18.486
24.411
20.140
17.801
26.124
21.941
20.435
17.720
22.770
26.695
24.943
21.259
17.825
24.494
17.558
30.856
25.147
43.112
23.661
21.211
26.486
30.474
18.318
20.683
25.232
26.185
26.471
17.701
24.193
33.839
24.049
23.353
27.410
39.815
28.173
26.735
22.333
36.713
18.313
24.829
28.983
22.193
17.267
22.814
21.207
19.593
24.163
33.297
29.325
28.901
22.214
20.005
43.020
22.346
30.645
21.748
24.858
20.024
30.612
27.191
27.886
19.927
24.635
41.946
19.900
25.078
30.221
32.379
24.586
17.670
34.162
18.567
36.502
17.628
40.323
20.513
23.316
18.647
22.338
20.533
21.214
37.588
23.215
36.064
25.452
21.645
25.952
21.789
23.040
21.468
20.692
22.880
32.706
17.677
23.495
25.135
17.965
24.198
22.853
25.750
18.062
23.915
90.682
26.038
34.890
29.654
18.435
43.095
22.456
17.683
21.148
39.341
36.680
20.626
26.136
19.636
23.942
22.805
28.611
48.720
34.973
20.769
33.258
20.353
23.740
20.221
65.036
18.297
28.394
19.272
19.127
20.831
24.004
40.049
34.709
32.771
26.906
22.693
24.945
19.010
23.301
44.100
17.575
19.602
19.797
17.668
20.247
24.037
41.084
20.574
24.693
22.956
22.258
18.711
17.803
36.524
24.476
30.084
26.428
26.353
39.266
39.736
18.307
30.904
23.899
26.445
17.987
24.621
19.852
19.252
38.493
18.596
31.574
20.185
43.245
37.095
32.898
30.707
19.751
22.220
23.488
18.554
23.348
24.511
20.713
34.917
17.593
27.578
24.518
45.496
24.385
29.105
23.863
23.001
27.741
28.702
25.558
34.382
23.954
22.458
23.207
42.722
30.235
29.544
24.436
32.746
30.943
24.748
44.329
51.768
22.487
29.841
34.218
48.161
37.568
49.901
20.560
39.388
52.140
19.396
18.040
25.155
28.004
25.862
17.562
25.500
22.640
23.158
24.831
25.121
37.552
21.959
21.736
36.042
42.634
27.663
36.730
21.008
24.973
18.007
29.534
29.594
21.643
35.274
29.090
21.388
22.597
26.143
25.834
22.759
21.909
28.431
28.383
38.076
20.753
25.974
23.858
22.166
34.147
34.741
48.284
18.752
33.031
31.673
22.753
33.392
35.138
34.176
75.711
32.639
24.162
31.514
18.082
39.079
24.227
22.011
25.792
53.964
20.741
46.781
17.146
18.687
21.924
19.450
20.395
20.367
20.187
20.347
24.255
28.020
18.613
23.054
32.730
24.352
24.765
36.850
19.557
83.466
32.275
50.418
49.113
21.980
20.228
22.741
17.358
45.209
21.227
25.818
27.584
22.080
71.709
38.798
19.902
25.766
21.175
19.726
17.318
26.116
20.312
30.653
19.026
18.680
21.722
20.409
18.557
23.600
19.227
30.636
42.382
26.561
27.062
29.433
22.724
25.002
40.452
21.698
29.517
18.038
21.209
29.317
19.920
19.258
37.109
31.479
27.864
28.320
25.444
20.921
20.889
21.553
39.568
19.116
63.953
27.086
29.969
22.439
19.538
17.985
17.138
40.362
32.819
22.143
20.980
18.214
31.340
36.482
35.405
24.454
41.300
20.477
20.390
25.683
18.039
31.964
23.789
23.760
20.332
24.969
25.292
17.645
18.187
31.161
20.424
37.745
30.813
21.895
21.872
28.592
60.112
19.462
17.703
51.498
20.354
21.608
49.404
50.400
23.813
20.841
32.455
19.209
33.598
44.767
31.426
59.749
27.161
20.558
21.634
22.216
23.816
25.158
18.416
19.134
23.232
20.706
19.030
21.938
37.091
31.290
29.965
25.066
25.772
22.924
22.269
29.693
33.439
18.763
21.347
18.780
20.648
20.637
20.481
20.446
21.480
36.959
26.071
27.981
24.151
23.724
41.071
53.611
22.190
21.758
25.331
18.211
25.488
20.661
20.658
25.620
18.028
18.267
18.432
18.642
26.772
22.190
21.682
50.411
17.014
38.917
33.500
27.657
22.333
38.609
23.182
18.102
21.354
23.466
32.882
34.397
30.693
22.529
30.796
18.183
20.197
30.128
21.345
29.374
20.510
20.812
36.106
18.831
37.774
17.908
24.755
26.034
21.359
29.064
18.548
31.527
35.542
27.085
24.679
20.700
23.067
43.409
60.383
30.279
19.978
18.562
18.918
28.279
32.320
18.851
17.392
22.602
19.066
25.057
29.318
27.267
33.615
27.826
21.384
24.018
22.986
21.787
21.500
21.958
27.865
31.816
30.080
17.925
22.756
34.169
21.146
20.632
22.683
18.132
24.338
17.826
20.408
17.277
60.868
27.481
27.150
27.551
17.703
25.601
38.390
17.911
16.920
17.696
20.351
30.539
32.421
28.474
27.637
21.632
29.602
20.391
35.006
32.670
32.220
34.272
34.984
24.975
18.765
18.207
34.849
42.346
26.074
23.288
20.241
28.856
29.374
30.599
23.920
19.231
19.045
29.787
22.592
27.425
20.496
32.919
26.744
37.591
27.123
23.735
20.994
24.040
16.744
35.710
34.622
31.880
42.060
17.574
18.704
17.277
19.788
20.440
32.284
23.346
26.892
32.305
26.903
19.025
28.777
19.786
19.660
31.884
17.649
41.143
23.594
27.172
30.276
35.025
18.326
17.746
36.784
26.078
19.912
22.518
21.926
21.568
26.322
22.174
19.019
22.238
21.273
29.401
21.739
24.456
