21.488
19.771
21.960
29.539
23.349
19.348
25.520
24.226
41.126
37.641
21.576
18.820
18.926
18.670
40.414
29.310
26.176
20.279
96.743
21.353
25.275
24.865
27.998
22.509
26.938
32.094
30.194
37.704
18.128
20.716
16.936
28.225
48.195
24.701
27.686
48.160
29.267
29.554
25.669
16.803
25.512
25.591
20.189
25.522
34.054
22.900
28.642
29.260
24.531
27.222
27.758
27.037
26.863
25.448
26.747
27.320
19.286
26.396
24.248
20.265
37.271
33.705
34.475
25.909
26.439
30.585
26.407
36.723
32.618
30.957
19.865
29.481
27.896
19.321
32.731
18.660
24.192
20.935
21.583
25.607
27.061
16.941
17.682
37.183
25.546
28.379
19.132
39.166
17.769
32.449
23.390
19.338
27.963
31.597
32.694
17.721
21.328
25.847
26.707
22.103
30.245
36.451
40.695
25.219
28.398
19.819
17.290
24.839
37.112
23.068
18.110
19.237
20.406
27.540
22.407
24.330
19.733
17.968
33.673
48.983
18.308
39.112
23.894
23.203
24.791
28.232
28.229
93.032
21.331
18.456
55.404
37.952
21.979
46.277
20.502
22.234
29.949
32.862
19.215
21.905
20.186
30.379
22.569
34.605
18.638
32.739
22.837
29.435
44.127
31.146
41.628
29.466
34.184
18.171
25.071
27.552
19.687
23.860
21.712
18.947
18.483
22.536
23.667
39.259
30.029
28.850
18.360
25.794
26.550
39.853
26.813
18.445
25.404
26.212
24.269
34.516
20.498
19.817
18.605
18.867
21.311
32.486
21.010
28.649
19.225
26.940
19.832
38.985
27.343
22.079
53.547
28.415
24.923
29.661
20.393
20.455
20.736
31.869
27.806
20.624
19.210
23.587
21.331
20.857
22.725
20.024
23.353
27.804
33.957
17.865
19.968
19.974
21.742
18.491
38.347
49.318
23.350
19.817
35.390
38.356
19.942
27.771
21.150
26.181
19.858
26.409
19.418
25.498
22.191
28.443
23.725
28.117
27.217
27.773
28.830
31.353
19.542
19.726
27.588
24.800
24.460
20.237
21.392
22.346
21.955
19.172
21.917
34.787
19.556
27.716
32.297
23.723
30.094
31.814
29.871
23.223
20.441
18.095
38.137
23.591
22.168
19.280
20.763
26.155
23.264
29.381
34.926
39.105
18.315
25.953
30.672
19.575
37.961
19.364
29.435
19.187
22.546
34.660
21.024
19.982
20.668
27.805
25.160
25.742
26.981
30.440
32.644
32.843
21.173
26.351
24.262
30.236
25.109
36.305
23.204
21.177
28.187
21.327
20.441
26.527
29.623
18.900
18.992
20.833
22.071
20.077
19.244
18.548
18.572
21.444
29.337
28.252
32.398
21.356
17.499
22.909
25.343
19.364
37.856
24.858
19.659
27.896
32.917
18.433
23.202
24.563
20.611
22.409
25.373
20.272
28.080
21.370
21.998
20.904
19.634
27.024
35.135
22.966
20.816
19.548
37.523
25.193
22.959
21.985
19.565
26.515
21.063
31.529
37.762
21.141
19.447
26.459
25.337
27.646
22.290
38.301
38.135
24.495
30.298
21.647
37.208
23.420
24.473
36.842
37.233
25.246
17.996
24.728
38.727
26.950
27.547
23.510
23.671
21.514
30.618
21.820
27.263
32.355
27.903
22.340
30.390
20.977
19.239
28.248
23.650
24.882
33.708
27.380
18.711
36.096
29.063
18.822
20.473
22.340
35.760
19.058
19.380
28.626
27.905
22.656
23.701
18.508
21.668
26.775
30.283
29.315
20.097
20.506
22.265
40.605
32.610
25.163
23.427
20.510
29.540
27.989
23.846
23.174
29.120
17.386
28.589
20.104
21.079
26.982
18.134
18.568
20.120
19.271
19.107
22.179
19.923
24.837
30.471
28.163
27.025
22.753
34.716
29.448
23.008
21.903
35.627
20.899
23.709
23.564
23.861
21.118
23.540
34.957
37.763
32.698
16.773
18.749
26.965
23.025
20.156
25.712
30.716
30.919
26.493
31.657
20.357
18.426
18.377
22.087
28.792
18.154
22.323
26.254
20.655
24.973
31.566
21.625
18.186
22.103
30.519
23.929
27.222
22.586
85.182
22.854
30.122
36.267
35.976
21.325
24.795
28.534
22.707
24.244
32.421
35.492
30.116
40.623
38.753
36.447
17.549
19.744
37.559
48.334
37.008
20.063
25.064
24.147
27.371
22.377
39.148
20.293
21.123
26.635
16.819
21.609
19.961
17.985
19.189
40.418
17.011
30.395
35.499
23.524
22.412
29.526
19.846
27.870
33.840
23.716
20.594
18.479
22.974
26.114
20.652
21.949
19.803
26.040
24.562
35.181
31.573
18.347
33.823
38.766
23.282
24.259
27.348
21.242
17.374
23.021
19.097
28.352
23.638
17.791
17.670
22.579
30.131
20.120
21.685
18.573
30.387
35.209
21.636
19.037
18.722
17.493
33.663
27.442
19.135
30.036
30.532
21.992
22.484
20.497
18.900
30.867
20.258
20.603
28.978
18.769
21.964
21.331
22.340
25.060
21.926
28.789
30.268
31.864
35.633
29.054
19.570
21.850
28.389
25.744
24.423
18.287
21.431
21.758
26.871
22.273
22.692
41.827
31.703
24.241
19.332
20.034
26.740
29.362
32.096
35.657
23.564
22.634
26.540
25.961
22.035
27.351
20.112
20.467
22.417
39.597
19.407
19.422
31.162
27.861
25.602
24.647
20.290
21.712
31.312
17.154
30.239
29.005
20.058
18.788
23.590
18.743
20.148
17.685
22.749
18.231
18.286
27.294
27.135
32.162
18.650
46.328
24.093
26.306
29.561
20.653
18.969
28.141
34.003
20.008
22.057
26.682
47.383
23.734
25.244
23.815
22.099
20.968
18.473
26.162
20.400
21.749
19.850
41.277
20.742
32.411
34.639
20.496
23.422
27.519
21.948
30.946
29.748
28.808
18.171
50.416
25.992
25.011
27.231
88.792
27.148
22.059
27.417
19.328
22.045
22.653
32.916
18.953
18.694
21.119
19.485
19.554
24.554
27.276
18.729
27.209
24.057
24.130
21.435
42.135
24.540
29.714
28.171
32.776
19.487
20.347
17.630
21.379
26.712
18.581
29.655
17.864
19.284
18.332
19.985
111.100
30.110
24.502
21.937
23.522
17.268
25.895
19.632
19.689
23.729
20.807
30.022
26.591
24.888
34.781
33.686
18.529
18.398
23.163
22.545
23.337
21.822
19.933
28.404
28.282
26.886
26.220
28.052
18.246
19.275
28.671
28.046
48.176
22.691
48.270
23.111
20.554
27.633
22.930
25.166
75.354
26.409
39.082
34.926
28.755
17.346
20.186
27.819
23.227
21.974
26.037
30.717
33.263
20.865
23.255
44.101
20.152
34.330
23.015
22.559
24.072
16.817
36.789
23.643
19.828
29.346
16.475
23.791
17.858
32.997
17.257
17.333
34.719
55.330
18.972
21.023
22.825
42.567
27.246
19.630
19.611
26.979
23.608
21.016
28.767
30.037
20.734
28.681
29.308
27.351
16.703
18.668
17.540
17.210
26.312
18.862
17.779
42.583
30.239
30.222
19.735
20.748
21.148
45.717
22.310
28.168
31.575
47.916
24.867
17.410
23.448
18.286
25.223
30.841
33.076
30.044
28.369
20.182
26.425
21.941
20.483
30.164
17.885
17.316
20.208
20.039
33.199
19.770
24.395
26.209
30.342
23.850
24.511
31.856
30.088
17.913
31.262
39.436
17.210
27.308
17.986
23.056
22.600
19.113
42.383
20.043
28.409
31.590
28.758
27.203
33.914
41.281
40.641
21.488
37.301
23.051
34.707
25.297
29.522
53.214
47.943
30.099
18.236
23.262
26.472
20.963
27.172
36.506
31.528
23.161
45.890
24.933
21.360
27.550
33.668
19.465
35.245
19.160
29.003
43.129
23.116
21.617
25.062
26.271
26.950
23.208
21.445
23.819
22.806
29.924
24.159
27.252
40.577
39.255
41.265
39.924
24.298
33.395
38.214
37.242
30.635
18.526
24.924
30.522
38.867
26.559
22.074
20.283
33.945
23.687
54.308
30.781
30.483
32.922
25.686
20.172
19.017
22.094
22.504
22.127
22.260
19.348
17.301
33.575
27.606
16.824
22.184
42.520
19.187
29.568
25.668
21.082
20.583
19.342
20.084
19.528
65.450
19.526
18.767
23.008
26.684
26.682
26.773
19.752
24.299
35.150
28.913
25.996
18.326
28.196
28.103
36.031
25.263
17.883
34.004
27.318
39.531
17.281
29.785
23.372
20.745
23.459
18.454
43.073
29.301
26.773
23.546
31.658
33.033
24.531
26.539
27.736
30.124
24.994
21.123
21.666
22.662
21.106
22.435
24.563
27.577
27.132
40.416
26.351
22.586
26.485
23.579
24.679
24.245
21.649
28.423
27.530
24.463
24.093
29.578
18.034
28.673
28.281
22.740
19.870
22.336
28.984
16.729
38.572
21.493
34.916
21.969
28.148
18.777
21.792
37.375
18.347
17.388
17.645
37.979
25.069
21.052
29.011
20.429
24.696
17.426
37.434
24.349
27.455
25.151
30.288
42.133
25.361
29.798
30.807
30.407
24.405
49.839
28.808
22.800
26.041
21.385
23.324
20.345
22.453
31.572
47.616
50.171
23.996
30.432
18.319
42.540
23.108
50.313
30.466
24.895
33.209
35.102
32.670
23.814
22.026
26.420
30.822
33.601
31.324
17.997
24.241
29.845
24.962
22.814
25.411
24.465
33.892
29.747
27.513
25.782
27.165
31.308
19.029
27.695
19.435
33.846
20.967
28.214
24.266
26.132
23.094
34.368
33.328
23.794
25.735
25.449
27.951
17.159
19.588
19.309
28.925
35.486
17.697
26.894
18.694
25.290
19.589
32.049
28.235
24.764
38.599
30.530
42.817
37.664
18.988
27.845
28.424
29.398
25.364
32.457
22.742
17.336
18.523
38.164
20.030
30.872
24.254
20.254
24.882
24.939
26.870
20.097
29.607
25.862
23.655
26.361
20.964
34.767
19.914
32.201
17.583
21.910
30.064
20.916
17.638
25.090
36.484
28.841
18.889
20.176
21.379
25.214
29.547
30.821
25.774
27.981
42.608
32.721
27.229
24.071
37.466
33.262
39.882
60.415
19.980
21.667
34.538
23.906
30.605
24.071
22.703
22.564
19.539
22.314
32.228
20.238
50.565
30.090
23.490
28.895
21.467
17.602
33.271
20.497
37.470
25.476
23.668
25.808
25.152
24.356
26.717
19.353
27.838
19.841
32.113
22.411
19.213
25.928
44.178
32.838
24.073
16.360
16.447
30.841
35.914
26.690
37.796
35.673
24.643
22.651
19.719
18.091
25.591
25.219
30.798
28.436
28.029
19.344
21.708
22.593
17.874
43.547
20.066
25.253
29.598
29.995
45.419
27.600
31.439
30.969
21.635
19.257
32.481
32.261
29.187
17.412
22.435
36.871
29.349
31.172
33.627
25.142
33.146
49.230
26.713
30.571
31.701
28.831
26.170
30.024
22.003
21.448
31.993
34.149
31.767
76.261
24.718
24.855
19.722
18.129
17.149
22.678
47.378
34.279
28.069
20.097
17.868
31.858
21.255
60.953
19.977
27.532
26.797
30.218
22.508
27.464
20.049
28.748
20.345
24.804
33.550
41.706
22.214
17.803
30.351
18.836
22.253
20.660
31.185
28.776
45.665
38.177
24.233
23.522
29.301
20.578
24.267
26.545
27.488
21.056
25.612
21.194
32.787
39.382
18.978
32.168
37.225
24.009
16.460
36.162
19.896
18.314
34.788
19.652
17.583
23.050
32.957
32.776
25.916
26.827
34.105
20.635
17.937
17.474
28.338
42.714
18.537
25.380
17.662
25.670
23.080
23.871
20.715
23.805
31.483
22.731
37.971
25.106
31.645
25.264
25.076
29.583
21.263
42.070
39.659
45.608
22.627
21.735
18.128
43.332
29.403
22.634
21.844
29.864
28.786
41.318
53.232
28.551
19.895
20.057
18.624
22.697
21.043
26.675
33.247
24.064
37.246
24.467
26.544
20.000
21.482
29.489
19.896
19.433
25.592
20.089
27.937
26.663
26.825
27.637
25.281
22.386
38.857
23.710
25.076
28.803
23.634
22.369
22.452
22.732
44.734
27.533
37.875
29.966
20.194
22.094
34.393
21.674
31.235
22.940
23.145
22.840
22.776
22.508
22.502
22.325
22.494
24.351
23.425
22.921
23.323
24.320
22.649
22.771
22.177
25.809
107.888
26.066
22.237
24.221
18.559
26.139
28.999
19.233
32.867
26.429
22.584
45.894
22.359
31.829
18.709
34.209
27.789
22.658
33.088
35.705
28.788
28.722
51.428
26.403
28.414
19.553
34.769
36.503
23.074
19.022
52.806
21.815
24.429
33.292
20.323
20.861
25.462
20.512
33.833
34.154
26.663
17.612
33.757
25.012
31.208
45.003
25.867
25.978
34.105
19.772
30.307
17.088
27.171
20.735
35.171
20.613
26.557
25.971
22.591
83.718
27.225
25.325
19.233
35.995
20.869
22.537
23.607
19.398
36.086
21.392
37.122
22.483
44.234
21.407
23.921
27.567
23.648
20.495
17.989
28.486
22.397
21.690
21.420
17.635
23.447
38.441
19.666
27.378
21.477
26.058
24.097
40.081
18.699
27.899
28.724
40.250
27.874
18.774
20.704
26.864
25.101
31.614
30.562
26.815
31.587
21.236
18.574
19.720
21.874
20.622
24.162
22.497
30.584
30.624
32.396
35.120
32.356
32.373
22.931
17.635
30.175
55.346
23.811
25.733
20.491
19.872
30.919
18.093
21.571
34.956
32.932
31.930
23.800
27.749
35.653
31.747
37.214
20.584
21.515
48.130
44.705
18.499
24.656
21.563
28.290
26.603
20.925
21.231
24.896
22.713
31.163
20.186
35.939
31.030
34.589
17.567
23.149
20.404
20.123
71.821
23.586
18.869
32.138
29.468
19.512
32.172
22.342
26.432
24.920
23.382
18.082
41.593
26.812
19.144
27.154
19.423
27.289
25.261
27.768
18.391
20.146
19.450
37.345
32.866
21.925
35.829
42.836
35.706
22.491
38.667
27.288
20.300
27.940
29.459
22.149
28.949
26.876
47.368
29.636
25.867
38.535
29.697
20.478
26.709
31.144
31.759
18.607
16.626
27.020
34.079
29.098
26.013
47.231
24.725
30.326
29.249
20.569
27.744
25.059
22.510
23.364
22.645
23.224
23.837
19.464
25.361
18.224
27.204
25.928
33.309
38.471
24.850
30.068
18.420
24.166
28.819
17.211
22.001
36.054
31.767
27.934
20.275
24.095
27.509
26.691
37.919
31.103
22.460
22.730
27.396
43.143
20.719
19.975
27.632
24.328
25.267
17.678
28.364
18.096
26.637
21.748
26.182
25.504
21.447
29.818
39.843
17.461
23.769
18.066
28.609
39.789
29.059
27.567
31.795
22.969
18.116
32.350
28.559
19.125
38.155
21.221
17.187
45.229
18.452
22.716
36.388
23.226
18.061
17.220
17.326
18.691
34.618
19.069
41.407
30.883
21.856
17.839
18.001
17.986
18.129
18.303
19.339
32.043
37.309
27.052
19.426
49.983
24.451
24.917
21.961
19.107
25.792
25.997
20.447
30.036
33.932
32.606
22.610
39.351
31.831
23.371
18.450
18.832
17.907
18.133
19.553
17.833
19.348
22.165
19.346
45.220
25.922
28.253
21.706
18.412
28.325
31.517
17.484
25.132
25.165
23.890
20.538
33.292
20.000
31.473
22.036
32.341
61.549
18.443
24.890
24.899
20.896
39.817
31.553
19.681
19.728
17.201
22.952
29.865
39.592
38.559
28.869
48.892
26.926
32.629
18.277
20.692
26.933
29.945
34.155
43.794
44.288
22.909
19.609
32.519
22.315
17.882
26.909
36.111
19.830
18.528
26.565
25.332
23.829
18.944
18.666
19.079
21.590
18.820
19.406
49.777
21.053
22.006
48.566
16.277
18.691
23.631
21.317
19.321
19.916
23.762
39.311
39.572
25.376
