38.998
37.460
29.808
26.640
21.986
21.405
16.882
20.168
37.222
19.629
21.294
53.943
21.756
23.559
21.419
20.808
52.043
20.889
55.963
21.501
22.547
30.769
20.729
27.437
23.082
19.910
30.171
16.462
23.303
17.336
22.664
20.019
105.483
26.596
29.056
34.549
19.595
18.522
35.616
46.584
28.548
29.456
51.203
26.638
33.692
23.072
38.782
77.711
59.130
46.226
21.578
32.216
19.260
25.681
39.954
24.154
25.868
20.903
22.662
23.233
19.561
22.463
20.246
35.879
23.878
32.331
25.984
23.319
21.070
73.699
23.433
19.353
28.318
23.244
21.559
21.429
17.076
18.362
18.928
43.743
42.652
31.066
30.551
25.920
57.961
23.785
26.143
25.587
20.404
72.935
22.912
32.242
49.423
34.295
30.457
21.698
36.038
34.689
35.796
33.773
30.870
27.101
20.116
37.821
26.525
25.705
31.675
23.801
31.234
19.042
27.206
17.742
17.157
35.546
19.887
31.156
19.899
33.881
34.226
25.038
29.828
31.911
46.039
29.192
24.108
18.698
26.479
18.787
19.627
28.354
24.922
26.869
17.562
33.966
28.905
20.650
37.650
25.470
34.335
19.770
18.286
36.796
32.005
33.168
22.851
21.589
19.590
17.552
25.005
22.279
29.495
38.224
45.042
19.850
21.959
22.510
32.911
34.762
53.607
20.759
31.810
19.069
17.939
30.973
17.174
32.264
29.513
19.188
43.909
18.096
26.742
47.050
23.621
30.008
31.162
25.226
29.054
35.119
45.935
34.309
26.468
43.838
29.394
16.812
20.160
19.967
39.329
36.597
29.056
36.478
43.612
37.418
26.080
22.286
39.817
28.455
48.575
26.797
44.397
18.634
24.629
19.222
34.697
37.306
28.579
19.111
46.375
39.401
16.563
27.107
50.619
22.702
23.208
23.144
24.360
49.607
26.311
29.460
21.378
21.642
35.321
19.111
26.930
29.767
34.009
24.084
33.459
21.432
30.156
27.415
23.226
50.633
24.683
44.914
25.249
33.568
39.845
32.586
35.285
30.018
30.699
29.680
17.593
20.332
16.822
22.695
27.599
32.208
28.182
29.028
25.511
25.699
28.885
29.184
23.935
60.470
21.215
33.795
32.830
33.639
33.954
17.189
22.716
40.665
46.205
28.201
32.675
40.487
22.126
20.925
33.297
35.381
38.017
21.580
24.342
29.420
45.834
26.129
37.968
28.034
26.111
32.202
25.999
20.977
27.748
26.771
43.279
35.682
32.783
21.499
23.950
26.540
20.680
24.740
63.640
21.149
38.666
18.580
29.487
21.638
18.783
23.839
20.899
28.689
24.682
52.032
27.472
21.757
19.666
33.700
24.402
30.306
29.194
40.901
31.618
26.292
50.807
21.949
19.099
20.545
37.540
31.725
38.522
19.326
36.834
29.752
20.217
23.170
22.323
26.820
38.525
26.303
24.914
23.400
17.736
28.188
35.932
17.252
28.981
73.681
31.493
32.599
36.685
37.062
18.151
24.942
32.995
26.138
27.010
37.514
25.754
26.226
18.962
19.807
37.434
22.831
39.206
17.168
31.988
28.153
32.886
41.621
31.494
23.223
19.317
22.955
27.478
20.629
21.783
49.253
34.263
22.749
33.953
28.051
18.677
39.555
33.235
32.435
42.115
30.779
42.127
28.023
28.057
20.307
37.982
18.926
19.527
21.256
24.063
24.283
79.798
33.925
26.994
44.407
30.473
26.056
33.942
22.612
20.359
22.703
37.911
48.799
42.471
23.129
45.812
44.973
48.422
37.017
38.701
68.599
20.606
31.003
20.671
20.660
30.628
23.498
29.131
37.372
23.412
30.494
48.716
36.187
31.787
24.954
37.050
45.778
33.353
41.948
16.607
18.397
20.946
17.313
23.682
31.593
37.190
19.428
31.576
34.461
46.169
40.346
27.458
27.320
22.656
27.050
26.288
17.919
28.096
35.175
40.944
21.665
46.867
29.806
25.986
18.161
31.856
18.134
17.420
32.113
18.941
32.373
22.580
26.923
52.195
24.096
17.772
23.013
35.243
23.535
18.928
25.278
41.461
33.339
19.408
34.572
21.945
19.935
20.273
87.870
20.826
24.066
25.000
29.580
35.873
47.089
54.229
37.103
35.529
22.364
40.058
19.873
31.573
47.502
22.128
23.572
32.484
24.969
32.045
36.663
28.642
29.211
24.964
28.297
24.082
41.066
34.456
28.373
19.568
23.474
44.021
18.977
33.701
20.483
21.486
17.916
21.020
18.661
37.286
31.212
44.784
41.963
27.126
22.242
25.971
27.535
21.812
31.153
21.149
19.677
19.255
27.431
19.694
72.308
19.188
20.677
20.792
19.793
20.182
53.970
28.600
33.447
33.409
38.140
20.135
21.263
32.879
23.981
36.272
40.141
38.271
26.715
27.638
17.545
19.219
20.624
74.993
23.556
28.307
20.334
26.267
27.550
22.493
23.738
35.260
20.492
22.551
36.615
25.737
18.515
20.497
45.395
17.538
27.000
80.038
22.737
69.891
18.650
21.150
18.177
42.392
24.598
17.592
17.815
16.782
18.670
25.052
28.462
23.675
22.376
47.959
30.277
18.551
26.379
29.177
21.443
24.904
28.994
25.616
23.104
23.961
22.964
22.559
21.278
21.444
20.213
22.041
19.114
26.191
20.775
108.549
43.522
20.024
33.317
21.995
21.550
19.829
36.127
44.034
20.080
19.855
22.644
34.622
45.271
42.107
22.034
45.933
17.982
38.669
31.754
21.433
28.804
104.548
21.172
40.448
38.953
57.374
21.783
18.593
30.715
16.796
17.351
22.838
31.810
21.114
38.784
17.470
41.898
17.724
18.672
29.065
30.893
43.559
18.545
36.112
29.339
20.728
18.200
22.581
24.143
19.396
25.086
65.055
39.566
33.338
43.490
25.177
38.401
21.347
25.260
31.206
26.991
24.022
16.715
24.846
20.074
45.091
26.895
41.971
20.496
19.187
17.289
28.581
26.659
17.697
30.405
26.157
29.930
17.364
22.704
38.664
19.967
21.413
29.596
24.369
18.875
18.254
36.123
21.173
17.843
18.918
47.021
43.919
44.600
22.525
22.380
22.142
29.099
27.015
26.509
19.027
22.822
22.805
20.489
28.854
27.216
31.012
19.714
20.672
22.093
22.019
22.968
22.084
33.999
19.226
22.226
21.124
20.696
19.831
19.721
17.060
19.500
19.139
38.355
29.313
22.426
36.362
22.265
27.448
20.104
23.069
25.841
25.981
25.792
18.579
30.470
20.206
18.798
19.336
21.788
19.628
25.791
41.794
40.505
19.033
31.688
20.126
19.385
32.657
19.766
42.361
28.244
29.934
22.918
19.905
20.172
46.326
20.168
19.932
16.514
35.094
21.391
17.355
29.904
19.983
20.423
25.650
22.623
17.696
44.510
21.030
34.077
34.024
20.186
21.235
26.961
21.170
24.169
24.563
32.163
22.078
22.447
22.627
39.036
22.314
34.352
26.245
28.948
18.529
18.212
28.615
36.583
25.104
28.529
32.870
33.804
26.122
21.331
20.833
54.497
29.290
41.331
36.216
33.525
18.271
38.298
31.736
30.316
29.352
35.902
31.502
26.695
23.641
23.784
26.776
23.259
20.298
34.330
30.943
36.435
20.920
43.654
40.537
35.729
40.831
75.968
31.383
26.321
18.075
36.798
29.398
24.591
27.705
54.575
56.570
18.284
26.330
28.257
26.189
20.564
44.368
42.373
40.056
75.662
23.544
23.984
45.533
33.936
20.920
29.027
41.480
35.680
20.274
29.132
30.187
23.383
41.967
30.911
21.817
18.305
18.835
39.462
31.375
35.540
25.531
25.884
29.485
22.577
27.290
33.604
59.120
29.653
17.650
19.378
71.725
25.148
21.303
21.968
24.135
20.157
24.856
27.994
20.447
20.463
38.848
38.641
35.342
53.254
20.548
27.483
21.645
40.033
21.703
48.188
16.948
36.044
35.321
28.532
20.857
29.173
25.799
33.399
30.956
31.343
35.524
27.555
33.249
24.831
18.641
21.165
18.542
18.730
30.279
24.150
35.216
21.518
23.676
42.200
37.165
18.757
37.907
29.105
33.142
38.841
22.288
24.684
35.831
66.309
35.871
59.475
30.810
33.486
18.508
22.614
52.461
32.973
23.535
49.202
26.001
29.009
38.706
19.956
40.332
70.521
26.754
23.906
104.676
39.566
21.440
18.026
29.988
28.649
36.201
41.161
20.608
30.716
59.035
27.144
28.078
18.443
30.186
31.491
33.881
19.762
18.146
21.481
35.798
36.401
26.362
35.039
100.636
18.311
38.958
23.699
26.579
24.234
25.229
39.166
28.635
18.157
32.227
17.980
40.992
30.182
20.807
26.398
19.022
23.417
25.534
53.840
31.787
24.519
24.548
37.020
17.877
21.550
25.297
21.194
22.494
23.703
22.821
24.447
26.073
26.598
29.250
22.207
43.694
19.401
32.808
45.359
39.260
31.145
18.316
23.318
33.134
45.794
33.955
32.549
17.672
19.702
36.453
50.784
70.043
33.631
60.784
53.982
27.275
45.444
28.135
21.873
26.497
19.121
31.766
23.174
20.782
19.656
31.263
43.597
45.507
28.759
19.899
17.266
29.858
17.448
19.630
29.179
23.448
28.691
32.378
38.262
36.435
20.219
28.339
33.640
25.164
41.018
35.264
21.242
29.518
30.533
20.740
29.603
30.557
41.197
32.122
32.179
38.659
28.516
25.982
34.566
71.848
33.021
16.824
30.237
31.035
19.910
17.476
22.333
33.612
36.946
36.702
34.068
21.191
47.019
45.006
34.996
25.926
20.975
29.428
31.439
37.765
22.083
33.671
21.575
27.695
22.517
21.914
29.560
19.701
27.459
35.186
25.128
21.338
20.838
31.649
24.651
16.370
31.442
19.563
27.442
22.834
34.995
31.643
24.339
22.071
28.450
47.959
17.345
32.797
29.763
21.085
21.715
17.825
48.308
28.989
33.486
29.794
29.312
29.567
36.814
33.735
35.697
21.216
18.098
20.825
21.314
