27.703
43.851
21.927
32.794
65.101
22.535
18.092
18.243
48.598
19.861
25.144
19.896
24.326
28.028
26.715
22.340
21.603
26.171
17.881
21.151
23.509
61.176
24.591
19.523
40.221
25.295
19.715
17.247
29.131
23.352
34.078
85.067
21.227
58.909
47.080
52.364
28.961
19.398
29.034
21.558
25.478
34.266
52.774
39.270
32.731
24.056
48.153
42.635
23.522
19.382
26.330
25.241
29.391
22.113
31.303
22.752
20.015
54.042
44.495
24.124
19.788
33.576
20.431
20.400
19.802
30.746
35.572
35.687
26.500
36.985
34.186
39.102
26.429
25.883
31.412
34.206
39.861
32.120
31.507
22.726
33.852
27.872
25.756
36.949
23.505
23.631
27.113
21.686
37.518
32.247
21.948
34.410
22.413
43.723
33.929
18.834
29.052
31.274
16.674
21.829
30.816
21.214
26.218
41.768
34.640
45.143
40.190
33.913
24.119
36.861
33.493
23.819
17.091
35.282
20.982
46.804
29.761
46.430
17.453
16.483
29.758
32.040
32.555
30.403
22.310
31.391
39.573
19.331
28.931
35.863
32.785
27.368
35.754
19.014
39.868
48.355
51.740
21.303
23.909
23.857
21.561
23.522
22.055
17.296
17.433
31.597
28.110
24.872
33.860
30.180
28.920
31.957
33.322
33.362
32.918
32.720
37.509
37.135
43.396
50.997
44.227
43.372
21.233
39.397
20.127
40.235
20.071
33.623
22.429
22.642
17.445
21.611
21.726
17.945
19.149
19.144
26.172
26.433
21.055
22.760
40.490
27.560
23.341
24.492
23.400
23.453
33.932
17.414
46.610
36.823
31.191
23.379
17.579
24.989
24.096
102.514
17.875
17.883
20.833
39.108
26.370
20.770
22.114
36.881
39.839
21.658
20.619
22.618
22.511
39.350
33.749
56.988
20.050
33.380
37.421
24.761
27.241
30.796
38.666
46.116
36.236
22.707
17.720
23.831
16.817
18.677
19.792
32.219
29.024
18.166
24.149
27.231
19.674
29.081
29.031
19.196
17.689
23.033
41.171
24.879
32.988
22.351
22.855
26.585
20.810
30.754
34.687
25.096
17.846
39.561
22.216
21.155
16.540
19.751
21.148
27.005
41.837
29.459
25.679
20.722
29.922
21.635
32.110
64.399
29.028
43.051
23.390
18.301
19.376
21.306
39.121
38.679
53.476
20.154
26.010
19.020
19.052
33.545
40.917
23.775
19.740
25.939
23.884
34.107
19.518
28.674
27.854
19.336
17.672
26.761
18.952
18.505
20.466
21.023
40.751
33.115
46.187
18.204
50.757
47.033
21.457
35.492
48.260
45.958
17.255
23.581
19.543
22.616
25.176
19.132
17.352
31.221
22.540
25.848
17.517
43.301
50.372
25.479
29.242
19.490
27.668
18.566
26.565
22.134
36.642
24.886
23.609
42.199
22.698
30.640
41.172
17.968
21.768
26.809
25.429
29.490
23.566
25.438
40.076
33.071
22.807
22.425
26.236
18.483
38.257
20.138
19.441
29.351
21.307
18.563
35.065
33.190
32.972
38.728
21.709
33.752
25.329
36.964
30.500
22.517
17.032
42.164
18.998
29.120
30.062
31.854
27.759
20.148
26.316
19.348
32.372
19.769
42.389
22.919
20.173
104.450
17.788
36.839
17.625
21.257
36.014
57.869
18.056
37.196
33.809
26.637
29.651
18.614
26.393
38.325
19.939
29.906
30.303
38.181
25.685
32.583
18.047
18.771
43.037
38.298
29.936
25.675
31.728
26.502
23.470
34.152
29.577
24.495
16.764
43.569
27.874
32.081
29.786
30.016
16.760
38.163
28.965
19.301
38.055
41.341
37.441
46.238
33.124
26.356
17.643
21.634
22.460
35.769
19.645
21.551
32.634
43.971
34.278
30.256
38.983
17.610
23.466
43.974
39.465
49.600
16.494
20.762
24.862
37.933
25.053
18.575
20.026
47.776
92.300
27.395
21.489
22.252
21.716
23.618
28.179
27.500
23.145
23.813
16.793
20.424
21.078
25.592
48.844
21.203
33.944
30.538
25.647
96.495
21.068
30.962
53.281
27.389
27.947
31.917
25.263
41.552
22.709
34.556
20.910
36.180
17.088
34.307
26.807
41.794
24.442
28.189
31.272
19.527
32.837
19.909
32.537
35.439
33.836
24.552
27.161
36.701
23.678
88.991
20.759
30.319
38.171
40.642
32.870
22.146
29.028
24.280
26.975
34.312
21.477
34.907
38.230
25.297
28.317
23.249
29.890
25.879
17.886
45.547
41.035
34.920
18.272
21.999
29.818
47.916
37.966
42.642
45.727
25.547
21.304
31.006
36.645
27.490
22.298
22.800
25.899
19.715
23.688
30.498
23.554
20.672
25.608
28.621
30.503
21.917
25.866
60.253
19.777
17.308
22.186
39.477
25.000
28.767
17.474
24.794
32.531
57.306
29.077
24.413
22.868
25.796
26.581
33.455
23.487
27.513
64.542
64.163
20.116
29.148
30.975
28.327
27.284
29.308
46.891
22.522
31.644
30.104
31.135
36.972
31.431
22.509
24.289
35.633
42.415
43.447
28.617
44.555
44.237
22.330
18.772
21.302
20.621
33.146
19.274
23.851
25.505
36.524
73.600
17.716
33.305
20.597
17.542
22.646
26.875
28.245
19.098
24.116
31.488
31.209
30.924
30.455
26.669
35.325
20.630
17.508
31.559
19.369
19.653
29.315
24.347
21.679
26.504
27.215
33.826
29.795
22.837
19.866
28.342
22.024
20.276
39.940
33.204
21.666
20.241
29.137
21.680
28.166
26.214
44.498
23.307
25.455
44.962
24.290
57.153
26.070
27.604
21.722
21.538
20.073
38.830
27.590
35.957
20.411
31.168
44.626
20.476
26.339
53.045
18.386
31.101
20.224
28.207
19.751
19.820
34.856
29.018
28.451
32.263
35.274
21.498
19.322
23.063
37.758
22.438
24.840
23.236
32.910
28.803
50.807
21.116
34.930
31.788
35.079
17.286
18.088
28.043
27.535
33.859
35.669
28.651
21.008
21.172
31.273
28.403
31.155
19.566
22.394
51.636
29.275
29.666
19.127
50.698
44.709
24.918
21.841
37.693
16.501
23.340
20.126
32.305
23.171
70.328
22.980
39.052
40.148
23.719
39.295
38.284
18.806
35.810
20.361
31.237
18.245
17.214
21.905
28.378
39.387
28.612
19.632
32.026
22.021
30.049
36.410
31.381
27.792
27.127
24.169
38.392
24.942
24.397
21.835
28.842
20.803
33.075
22.905
18.968
46.216
19.641
38.161
28.546
27.575
29.168
19.011
34.714
19.233
30.240
31.385
23.077
21.293
18.547
26.303
44.283
27.862
19.071
45.122
21.550
21.982
21.497
27.045
26.096
33.778
20.171
20.966
32.806
22.066
18.473
21.307
25.243
19.002
21.059
19.801
25.212
35.196
21.809
18.239
46.791
26.966
28.938
43.378
25.332
23.349
31.763
19.331
36.399
31.629
23.653
64.131
23.291
39.748
19.737
25.231
28.281
31.408
25.868
27.507
38.128
19.804
18.392
31.019
31.271
23.602
39.753
17.720
17.681
37.554
28.452
32.439
34.663
53.504
36.529
41.713
19.447
19.249
41.235
38.041
37.156
16.878
28.121
39.131
29.346
40.324
42.332
38.873
38.758
25.846
24.931
25.616
30.943
26.883
24.678
25.784
21.618
74.263
19.635
25.433
34.901
35.052
18.804
24.734
24.240
26.701
28.399
18.914
30.110
29.488
37.010
21.839
37.126
50.287
18.237
25.333
27.699
40.730
23.287
18.087
22.353
19.877
38.111
25.658
34.216
18.507
35.766
30.061
24.215
18.891
27.556
18.375
29.187
39.966
19.856
36.418
44.933
36.323
20.288
29.255
20.355
19.689
57.788
32.908
33.808
52.715
31.043
34.682
27.591
37.732
21.513
18.916
28.081
56.851
32.533
19.084
18.964
36.484
35.650
33.401
22.656
18.440
37.766
32.747
31.626
27.521
40.569
19.956
33.289
52.057
20.297
18.494
47.183
23.690
20.521
76.931
27.185
75.900
23.247
25.606
25.058
24.130
64.498
39.549
38.119
24.925
22.937
25.498
38.035
37.620
40.464
25.246
22.939
40.849
40.615
23.908
38.446
25.960
28.212
29.282
37.033
43.559
21.481
24.561
32.902
42.055
24.135
21.293
42.848
21.199
22.457
66.236
20.421
24.136
18.384
24.110
40.999
25.032
32.040
21.443
20.872
25.487
27.615
23.004
28.842
21.050
39.852
25.371
36.209
29.431
39.531
18.819
32.616
32.424
28.951
25.859
31.632
39.413
19.065
17.359
29.190
25.048
28.303
21.694
40.797
19.548
28.862
34.165
26.120
21.962
36.631
33.142
25.683
23.433
46.523
28.657
23.391
23.082
54.387
36.144
18.309
20.467
37.285
38.031
21.092
22.028
23.385
