29.881
39.487
17.120
27.640
33.283
20.384
34.713
40.148
27.088
24.592
27.359
33.300
29.323
18.353
23.783
27.822
20.370
26.956
22.774
25.035
40.681
20.827
19.144
36.479
30.914
20.090
22.722
34.247
20.417
49.106
30.989
18.641
19.294
31.670
20.598
31.836
30.466
45.049
45.224
18.701
18.708
18.786
18.685
24.929
19.608
25.989
29.003
23.698
26.223
22.383
52.705
33.379
31.081
20.713
18.328
19.397
27.933
41.759
32.323
25.730
32.037
40.221
35.926
28.396
41.858
24.213
41.527
27.988
29.869
18.629
18.788
22.072
25.918
20.544
20.578
33.563
38.051
45.235
28.293
22.399
20.695
24.022
32.650
21.694
19.769
34.060
45.183
40.420
24.380
34.098
24.120
21.180
26.785
19.188
31.973
19.702
20.792
23.862
25.233
51.415
24.516
17.407
30.617
28.181
42.716
28.947
44.797
16.751
50.377
41.859
29.884
16.483
21.262
29.188
26.056
23.282
23.559
23.917
37.416
17.332
17.378
29.463
41.604
26.638
35.407
47.846
19.650
22.159
47.575
52.510
45.532
26.440
28.327
30.119
21.990
24.562
35.023
20.535
19.598
17.243
45.809
33.382
23.237
25.059
26.423
32.598
30.199
33.381
32.244
18.750
19.398
38.414
33.787
33.410
18.859
35.459
17.371
30.023
24.279
22.979
21.194
28.390
27.797
18.057
35.994
22.691
25.842
29.035
22.567
36.460
38.648
36.798
41.086
25.555
41.939
27.683
20.057
27.436
46.506
20.156
21.078
41.172
25.161
28.975
38.697
19.663
39.953
30.839
26.390
28.141
105.763
44.544
25.218
30.239
23.518
18.697
38.048
28.907
26.548
28.878
20.146
19.503
19.151
19.037
18.671
22.424
28.303
44.501
22.508
24.141
20.510
18.564
25.869
22.800
34.103
17.941
22.035
25.499
22.714
65.351
26.454
23.364
22.066
24.148
28.757
33.411
38.349
18.777
21.361
33.831
25.552
16.932
106.540
19.242
21.334
30.090
17.315
35.400
47.888
28.188
20.194
32.453
24.682
18.357
27.929
22.506
47.780
23.135
21.752
23.672
74.990
17.437
21.432
30.684
51.052
18.776
33.091
23.270
28.904
26.313
31.434
24.480
35.512
35.824
17.193
17.470
21.120
23.965
20.561
27.330
16.866
25.447
18.776
18.265
32.842
19.359
19.025
40.717
23.248
29.310
21.910
32.372
20.534
18.238
31.649
17.506
20.531
19.843
37.401
36.084
33.761
23.772
20.842
41.023
27.655
34.199
21.242
26.450
30.007
26.527
45.305
39.403
21.318
22.772
26.956
37.873
17.151
55.413
18.736
26.055
90.310
96.107
18.588
29.974
31.189
35.875
30.184
20.170
31.178
24.282
18.463
22.531
21.502
25.029
33.914
30.002
41.692
19.586
28.910
34.398
17.789
29.700
35.952
21.378
31.835
27.499
26.404
22.697
22.646
18.710
36.529
19.295
25.278
32.723
21.855
38.985
25.059
22.384
34.234
20.902
33.527
37.654
21.154
27.644
19.432
21.424
18.279
24.191
21.499
28.076
23.240
25.440
23.275
25.263
33.331
44.111
19.648
34.806
18.570
32.520
34.862
23.409
29.550
17.644
22.517
17.508
22.535
28.285
21.795
21.150
48.311
17.977
23.993
24.508
19.604
20.888
27.772
26.641
35.622
23.640
38.508
25.210
19.325
17.302
17.928
40.049
36.448
33.775
24.318
19.960
22.387
23.264
24.574
20.650
33.377
18.732
24.575
29.184
42.450
29.778
43.442
18.494
19.611
34.000
45.272
22.129
26.010
26.854
26.314
21.599
19.541
23.730
17.597
37.844
18.277
30.021
31.031
32.985
36.662
27.975
22.627
32.274
20.347
33.569
26.978
22.049
51.009
32.834
25.877
28.905
24.179
30.686
20.241
20.847
28.055
21.726
18.927
18.692
30.216
21.202
24.684
41.159
33.897
17.991
24.083
18.190
40.656
17.589
26.967
18.498
42.179
52.770
21.677
41.334
17.402
30.885
25.654
20.124
20.115
27.084
28.636
28.238
18.107
19.798
42.642
42.612
24.430
26.322
18.484
18.052
28.937
19.476
18.671
18.607
20.328
22.004
28.605
27.118
28.447
29.004
29.541
55.713
20.116
18.210
20.795
42.067
35.038
21.520
22.860
32.775
20.154
19.093
25.878
34.084
28.929
28.375
18.891
18.102
19.187
41.871
17.867
31.716
31.545
29.692
22.403
26.993
17.209
29.164
33.476
20.136
37.607
29.278
17.568
32.758
30.712
43.332
17.155
50.099
17.156
28.070
29.323
20.016
31.042
17.374
18.584
26.496
45.713
17.566
17.930
43.216
39.057
29.774
20.419
51.436
19.641
40.835
36.377
28.781
48.932
35.057
20.787
20.778
22.314
34.453
21.740
35.111
22.890
18.254
22.873
24.787
46.618
49.779
59.006
26.320
26.469
22.760
27.669
31.161
32.383
23.801
68.650
27.774
22.758
21.565
44.229
26.539
32.932
27.598
20.875
27.539
22.045
18.587
24.471
73.740
21.119
28.626
29.738
28.864
22.587
64.189
18.401
26.074
30.989
27.093
36.326
22.660
18.276
31.300
22.158
27.520
33.969
33.503
43.575
25.932
22.727
22.852
18.890
25.917
27.150
29.488
19.152
24.374
23.916
33.683
17.675
52.221
29.606
25.051
24.089
24.506
24.788
21.248
31.877
21.302
29.221
43.653
35.968
64.437
34.751
20.107
20.994
20.135
26.405
20.479
17.375
23.705
34.957
40.752
27.186
97.049
22.869
36.692
19.938
19.627
36.894
43.256
19.579
33.752
43.742
20.722
37.231
38.307
25.671
27.291
30.066
28.333
41.418
63.256
17.961
36.289
38.102
18.285
23.375
32.531
23.259
52.470
23.985
35.807
29.719
20.879
29.050
21.091
35.837
43.865
23.518
34.086
23.157
24.360
41.248
17.973
26.650
25.845
32.749
29.057
28.737
35.320
18.833
36.875
20.105
20.966
28.694
51.247
33.625
30.206
18.546
43.707
20.661
33.638
29.137
16.182
23.034
27.441
50.445
16.743
42.602
42.477
32.696
19.300
20.995
34.546
24.792
19.154
19.635
36.619
45.472
21.973
21.958
39.632
27.926
34.619
57.098
27.937
26.829
37.615
75.834
20.222
35.923
39.341
32.528
28.818
44.462
31.701
18.177
35.985
25.222
39.226
39.301
56.870
25.983
26.555
27.573
43.306
22.326
28.523
25.867
36.784
20.242
22.611
24.001
23.910
24.439
32.072
34.034
22.260
20.656
29.440
24.011
22.828
36.456
23.478
71.148
29.176
22.501
38.435
19.644
56.682
29.765
29.947
43.676
38.178
38.096
21.318
39.921
51.650
25.780
35.295
31.452
40.977
20.525
43.628
33.796
28.756
35.546
24.263
32.397
19.897
25.531
21.168
30.114
17.274
25.752
22.949
31.002
21.991
27.014
19.493
25.178
27.800
19.452
19.606
22.202
20.993
26.698
28.070
41.086
28.099
41.908
21.039
19.970
35.909
24.253
23.965
24.738
19.700
28.394
47.376
22.580
42.941
37.471
20.942
53.135
24.339
21.749
56.665
25.965
34.651
74.367
27.282
51.701
19.470
21.410
25.549
22.277
24.537
26.163
41.301
22.660
31.741
33.604
24.268
32.841
38.407
37.799
19.276
18.901
46.333
16.387
25.524
28.024
18.003
19.807
19.163
41.861
18.171
22.359
18.189
42.892
27.905
25.879
23.192
17.790
31.493
30.560
67.267
31.076
33.620
18.296
19.510
20.183
21.458
26.963
33.648
29.609
38.399
47.506
18.815
20.685
43.400
35.357
18.856
37.695
23.814
35.799
21.662
40.525
39.331
19.584
24.588
40.129
34.732
54.149
28.158
33.383
18.646
25.853
21.267
32.802
23.473
19.208
27.528
29.441
22.165
43.005
40.081
32.653
19.711
49.040
18.107
17.459
20.464
19.268
20.438
20.454
22.726
35.751
18.891
37.726
18.120
32.194
18.633
31.929
20.052
25.942
21.089
34.228
26.947
19.709
20.730
32.057
20.795
30.517
45.617
18.807
29.689
34.422
18.618
21.154
33.012
27.618
28.862
25.416
18.676
20.070
44.985
19.483
24.911
21.587
19.877
33.044
30.183
17.274
18.155
21.285
22.039
23.827
27.501
53.810
20.917
23.193
33.131
35.473
34.323
21.448
21.599
17.226
32.818
38.474
33.777
40.339
30.429
18.255
32.793
38.129
25.657
18.731
19.220
40.361
28.969
18.871
29.857
19.893
30.456
28.908
47.906
36.472
17.100
34.452
21.070
28.532
21.347
25.826
20.235
26.177
30.598
55.537
17.820
31.940
26.832
32.629
20.063
32.126
25.496
28.265
35.215
32.333
17.292
26.821
27.816
26.985
17.474
22.321
18.919
30.786
17.799
26.439
41.225
38.483
17.282
42.386
24.077
29.905
32.956
22.070
18.460
20.450
22.788
24.187
31.910
35.037
22.382
21.867
22.236
35.988
28.844
23.469
45.194
26.475
21.299
94.101
22.222
17.335
33.770
40.018
45.024
18.707
26.255
59.770
18.770
40.756
23.205
55.783
22.208
23.193
18.771
34.780
33.933
32.643
28.158
50.466
24.935
30.266
18.257
18.146
19.487
19.072
21.749
21.067
31.368
39.396
31.827
31.859
41.543
33.725
34.199
28.979
21.246
21.537
33.897
19.712
22.035
37.661
19.642
22.419
49.978
30.265
24.001
18.083
23.679
40.783
21.172
42.404
19.879
25.314
25.125
23.611
24.961
29.444
19.211
68.853
16.978
34.651
30.880
28.098
26.735
28.684
33.382
27.833
26.655
37.094
24.945
29.644
40.483
20.619
27.597
53.242
24.464
50.516
30.711
34.783
55.781
21.821
29.010
29.251
23.907
29.999
44.478
27.184
47.114
42.866
44.870
43.750
19.790
35.014
38.120
36.496
29.485
34.078
31.530
23.919
18.457
33.542
28.504
26.027
23.282
21.128
20.522
40.540
41.858
37.138
23.960
34.603
37.581
39.450
32.019
19.081
34.558
80.926
27.797
17.751
22.916
19.417
40.502
20.907
21.033
50.456
42.101
19.135
19.477
32.722
29.698
34.343
22.116
45.984
37.063
36.931
24.335
23.758
17.921
51.516
44.891
24.060
38.853
34.372
18.829
21.213
24.290
22.501
22.605
19.079
23.050
31.649
35.864
17.003
38.178
73.416
24.899
31.690
23.157
18.156
22.142
24.967
32.571
49.708
17.370
17.870
21.771
27.457
35.279
24.901
23.847
34.587
20.713
18.142
26.332
23.281
41.557
24.600
26.818
21.895
30.612
27.120
19.398
21.339
28.199
21.501
19.806
36.932
18.273
33.099
21.566
31.946
20.176
18.342
31.708
24.892
27.977
21.416
19.913
30.178
40.151
17.381
23.695
55.314
17.283
16.965
16.799
26.448
33.813
28.433
33.696
20.698
28.173
31.160
19.983
58.391
17.659
21.969
19.517
36.727
36.196
30.299
18.703
18.633
25.354
22.508
17.499
30.508
20.049
20.175
23.909
21.855
36.522
52.577
19.098
23.728
22.043
18.149
19.270
23.225
19.050
21.141
25.927
21.713
30.168
41.893
24.426
32.713
26.561
18.814
20.172
19.318
20.160
18.806
22.323
20.103
38.313
66.203
49.010
25.037
21.994
20.203
35.673
38.844
45.076
37.406
32.530
32.512
31.154
27.451
29.037
22.229
38.658
33.246
30.353
20.230
30.268
19.484
20.313
22.488
44.885
19.986
22.677
23.217
28.582
45.729
21.129
22.175
33.432
18.719
17.779
26.682
26.120
30.631
25.567
18.578
21.913
22.196
59.129
19.813
18.970
33.278
20.423
18.639
21.193
24.820
22.395
30.068
21.203
32.895
33.229
26.340
25.624
38.220
19.151
20.122
17.964
36.454
32.480
29.251
24.952
29.467
36.942
20.422
18.722
35.747
43.635
28.559
17.293
23.694
24.104
51.033
24.930
21.757
19.480
23.951
34.021
29.692
24.028
35.755
20.210
42.349
17.848
35.171
28.662
34.385
24.243
45.350
22.712
36.334
21.517
31.439
20.911
30.725
24.130
30.356
19.337
22.803
40.194
29.234
34.561
18.791
17.870
23.476
22.830
38.303
36.395
22.914
34.085
18.414
30.830
19.070
26.790
19.572
50.660
34.635
32.893
35.305
29.602
43.339
39.390
24.654
19.213
26.797
41.346
18.698
23.622
25.406
17.301
20.060
20.674
20.419
22.927
20.503
35.742
28.595
24.800
22.672
74.962
50.033
26.822
28.714
20.318
25.668
16.499
16.459
23.209
30.195
20.119
20.750
23.305
19.963
26.928
22.955
29.586
25.250
22.478
29.521
24.489
22.509
26.966
20.421
27.696
20.680
18.928
38.549
33.328
26.192
31.260
22.131
31.699
32.312
20.013
18.240
29.570
16.727
19.082
23.616
26.584
40.451
29.770
40.864
49.221
43.293
26.455
28.010
29.693
20.217
17.715
19.077
22.926
23.509
18.180
36.600
46.201
26.096
37.544
19.756
31.970
31.892
23.465
20.065
17.785
28.689
19.716
37.201
20.275
34.532
20.361
35.762
43.419
22.273
19.841
32.334
41.436
35.393
21.339
25.695
32.318
18.110
76.271
44.020
27.644
19.315
41.661
25.358
25.446
58.109
22.488
29.966
18.592
23.178
25.447
37.212
20.819
18.609
25.490
35.768
31.127
59.425
21.160
29.872
42.194
36.424
31.306
25.582
34.266
19.831
21.055
17.069
19.211
18.053
25.889
16.717
17.153
31.776
46.503
37.969
21.429
21.915
24.138
29.498
19.902
29.732
41.906
29.800
35.289
33.185
22.092
30.934
21.902
20.744
27.432
35.860
28.158
32.941
20.266
18.436
29.244
33.590
25.623
28.016
28.164
32.303
21.117
31.789
21.341
27.345
26.654
24.260
22.945
39.981
25.819
34.288
36.639
32.048
26.362
25.722
38.654
35.100
32.828
20.943
33.205
17.317
26.008
21.241
37.125
21.620
20.584
25.856
27.342
