56.326
40.176
23.446
19.779
22.676
17.769
24.857
17.756
17.808
18.450
25.008
17.594
20.756
21.888
22.200
23.517
38.625
17.330
29.246
48.001
33.236
22.792
22.976
31.656
20.329
25.016
30.549
19.402
27.213
22.504
16.957
17.949
22.333
21.491
16.983
24.270
27.296
23.125
23.344
18.524
22.606
19.127
37.492
42.012
26.866
18.156
26.603
22.870
35.969
36.222
24.859
23.362
37.249
17.813
19.885
27.877
27.860
34.749
19.698
17.934
19.120
38.512
25.152
18.766
18.755
20.631
28.632
19.398
34.165
35.471
23.532
19.176
27.539
26.899
30.324
27.850
17.504
19.514
19.001
18.895
38.026
57.670
19.736
24.366
28.885
31.662
19.937
29.758
25.745
20.617
25.679
22.311
21.347
23.250
37.646
16.553
23.081
19.477
37.427
41.739
31.036
22.554
21.867
21.292
30.275
22.786
23.383
31.062
26.889
27.092
17.835
37.578
28.501
36.199
22.890
55.356
21.658
21.662
20.961
18.031
20.722
21.076
20.266
20.684
32.681
17.322
19.669
20.764
22.756
29.541
16.507
19.212
20.217
26.063
17.167
21.732
19.684
17.875
37.981
20.679
24.005
28.535
19.433
23.538
18.293
30.192
23.701
22.189
61.671
18.425
16.736
26.022
51.332
29.965
32.385
34.438
19.756
19.815
18.162
19.802
27.250
32.734
24.214
24.907
21.585
22.130
18.880
18.572
21.916
21.392
41.753
22.086
26.245
23.611
24.486
40.325
27.487
22.158
19.537
26.310
20.249
31.277
17.412
20.317
28.992
16.271
17.380
51.021
17.315
48.527
17.827
25.405
17.558
32.625
26.616
29.209
26.903
40.098
78.089
26.489
19.909
17.680
21.031
25.368
21.836
38.283
23.032
29.920
41.116
28.742
24.451
18.379
26.849
29.995
28.209
27.306
30.218
38.099
34.790
21.125
39.584
35.886
20.498
38.624
18.689
43.165
38.108
23.511
35.541
18.125
19.465
40.889
24.803
17.981
19.178
21.711
17.999
26.600
34.820
27.746
44.421
29.093
19.882
41.116
30.524
19.834
24.801
67.125
17.337
30.412
21.510
20.321
21.915
32.801
18.478
17.760
18.093
37.247
33.793
30.667
23.290
25.692
23.051
20.403
46.677
31.811
33.531
17.979
27.566
23.933
25.687
32.059
18.684
19.928
28.596
31.561
19.382
38.755
23.725
25.443
19.760
32.994
49.702
20.953
33.926
25.842
34.129
39.615
55.745
18.540
20.053
35.496
22.097
17.011
35.985
17.888
34.110
30.112
26.714
45.274
41.098
22.227
30.332
32.861
39.692
19.698
22.436
51.932
27.494
31.551
21.523
24.767
23.609
38.379
26.500
25.417
28.795
19.111
21.756
27.089
22.059
17.848
21.838
29.431
23.400
18.338
19.593
18.108
16.344
22.476
28.802
34.573
25.277
26.149
19.736
90.500
16.586
42.930
29.175
51.821
30.315
29.709
29.453
30.297
18.495
39.793
17.797
39.390
35.867
19.758
28.465
19.458
23.082
36.055
25.487
59.438
24.990
61.869
16.603
21.377
32.080
18.261
19.954
16.471
34.203
40.910
18.743
22.174
17.174
31.547
21.928
30.333
17.019
43.076
19.403
28.402
25.476
22.889
25.542
36.521
24.227
22.449
22.349
25.505
16.973
