29.123
30.108
22.643
18.992
22.646
17.878
20.092
23.033
26.144
29.666
17.389
22.494
45.306
30.367
18.756
23.398
22.675
24.242
26.470
32.949
23.074
26.859
21.292
18.258
26.133
21.836
19.069
28.426
21.641
17.118
27.129
27.401
35.642
23.990
23.314
52.971
62.309
32.807
40.876
40.946
30.841
33.274
21.582
26.488
24.922
25.039
41.528
44.891
17.492
37.946
21.385
20.960
22.347
24.521
31.862
19.167
18.775
24.913
32.513
20.723
36.134
22.796
23.280
30.126
21.599
20.284
30.714
31.747
21.644
26.064
22.420
17.378
20.281
29.426
21.624
18.015
32.043
21.330
23.535
21.205
17.408
19.743
32.483
20.662
24.499
24.254
32.598
29.138
23.683
22.220
20.280
37.760
41.805
20.717
27.781
21.801
60.575
21.442
20.709
28.723
20.160
27.778
23.250
33.154
24.517
27.596
27.817
42.434
19.842
20.681
25.500
21.881
29.579
26.931
34.540
23.719
22.109
32.086
20.555
19.414
20.527
17.370
31.355
18.369
17.885
33.367
40.535
18.841
24.848
24.164
25.084
34.423
31.373
39.900
21.790
20.156
26.848
40.714
29.702
19.612
25.730
26.560
29.242
21.750
26.675
27.826
28.253
18.234
29.172
20.079
26.447
23.181
17.522
24.619
40.736
18.771
27.405
22.491
27.653
25.187
27.333
38.733
52.853
25.018
18.822
18.939
29.273
21.160
19.613
20.162
18.143
27.470
24.774
21.181
35.754
21.241
20.692
25.571
23.416
46.730
26.043
26.342
25.636
25.875
25.172
26.839
24.831
23.400
23.241
22.438
25.069
27.246
17.907
26.076
26.992
34.077
28.784
31.957
41.940
24.956
25.905
21.789
26.430
24.550
27.074
18.748
23.520
22.511
24.014
34.200
38.483
21.674
25.469
23.103
21.755
18.014
18.404
19.007
17.292
17.758
21.192
25.059
17.460
20.187
53.001
18.997
23.798
26.627
97.672
18.922
19.026
22.072
18.737
22.262
93.267
24.672
45.056
22.316
18.391
20.774
28.455
28.617
17.519
19.452
21.497
23.505
27.540
27.140
20.165
20.803
49.211
27.578
23.246
20.074
25.707
18.701
21.892
23.198
28.127
35.841
31.325
20.314
38.193
33.746
22.770
62.636
20.946
20.263
29.942
22.543
21.870
26.405
18.288
61.994
40.992
26.974
18.224
26.558
28.200
22.360
29.303
20.921
18.507
24.094
20.956
31.606
20.941
25.308
39.325
39.683
22.261
26.279
29.705
18.320
27.434
27.287
20.191
25.874
27.068
27.499
19.401
17.803
40.486
19.160
20.474
26.654
17.366
22.723
29.437
27.231
26.120
30.702
31.881
18.767
25.183
19.805
24.029
27.167
24.199
22.751
27.054
24.026
25.304
21.077
19.392
23.373
17.555
81.274
81.568
24.853
31.049
55.443
30.659
22.104
23.026
31.753
24.334
21.366
24.481
27.496
19.331
18.413
24.467
20.362
31.792
18.021
30.483
27.504
21.782
28.081
18.125
19.364
19.509
29.112
17.665
23.975
57.092
19.945
35.405
43.433
21.995
21.055
18.441
18.457
97.654
18.316
29.503
20.710
32.899
23.411
28.905
35.787
20.567
17.900
18.467
36.304
29.290
29.217
30.569
17.422
17.408
17.415
17.429
17.492
19.459
17.977
23.357
23.594
38.644
17.224
47.611
49.373
37.372
60.815
19.098
19.806
26.302
25.685
30.846
35.435
17.568
27.065
21.530
24.620
25.533
24.411
24.625
45.167
28.531
24.966
35.200
21.287
35.371
29.421
19.252
61.731
24.434
41.047
36.967
40.543
32.362
25.477
21.385
24.141
36.386
27.263
19.080
31.386
25.714
27.880
17.765
45.492
28.022
16.940
34.277
21.059
36.327
35.751
24.968
27.395
17.709
42.014
31.484
20.983
24.971
18.192
20.457
28.736
17.815
18.608
21.387
27.228
96.468
41.151
24.650
20.976
18.465
25.884
41.171
25.629
22.494
50.325
23.372
31.655
35.674
32.471
28.796
29.294
35.506
22.826
29.541
19.032
59.668
18.134
74.325
42.861
34.653
19.755
23.824
20.237
32.850
22.127
34.491
21.940
19.280
41.192
26.104
20.546
37.820
68.209
22.824
29.162
16.739
16.807
16.885
20.092
29.520
18.176
19.412
23.932
17.275
17.264
23.777
23.219
18.508
21.529
31.834
17.498
28.750
21.461
28.728
28.857
18.466
22.966
18.354
24.494
45.392
33.716
36.149
26.775
32.460
30.756
29.969
55.942
81.126
20.955
20.908
32.698
35.164
28.576
36.259
27.074
29.834
21.703
24.489
21.842
58.493
25.802
34.708
21.527
24.182
22.606
25.655
27.446
24.791
20.197
20.057
19.700
22.490
44.747
18.482
19.259
79.811
20.285
21.653
36.784
31.445
25.092
41.115
26.080
21.526
19.628
20.376
39.622
24.715
44.985
22.281
28.553
27.853
18.751
28.226
51.501
20.836
31.981
31.400
31.614
44.502
19.984
22.339
16.747
43.470
17.774
17.378
28.620
18.429
29.772
22.884
24.897
36.056
37.143
32.261
18.362
17.371
18.553
27.675
22.737
32.083
24.075
21.783
20.519
27.053
29.239
21.515
17.953
27.561
32.736
22.113
20.877
23.435
81.726
43.267
36.106
35.641
43.900
26.959
23.489
23.869
48.081
28.116
22.010
25.215
44.301
27.283
19.801
30.538
31.999
31.902
30.207
29.105
29.016
32.119
20.736
22.902
55.873
49.597
27.007
19.337
23.173
30.854
29.903
30.083
29.738
18.008
18.672
26.969
43.325
42.599
27.154
19.915
18.512
28.746
18.934
26.051
23.407
18.709
26.476
31.775
25.511
34.054
24.321
33.000
46.225
43.651
18.142
17.244
16.491
25.395
29.631
18.288
29.259
27.873
28.130
23.250
20.107
19.611
29.213
78.836
33.497
35.308
20.992
27.957
21.753
21.324
25.360
34.000
20.131
33.233
22.009
22.198
26.722
19.204
30.742
29.484
17.464
27.876
21.663
17.135
18.932
19.677
21.246
25.847
46.993
19.696
40.685
20.571
19.886
29.560
25.238
27.901
18.614
32.789
16.642
17.158
41.343
17.753
20.331
35.188
41.113
26.502
23.793
16.742
95.127
25.532
20.559
28.996
30.802
21.565
22.767
17.447
17.433
40.196
20.720
32.427
21.062
33.153
19.582
21.660
27.403
20.326
27.125
20.030
49.714
32.081
41.764
29.343
28.852
33.302
29.551
22.059
19.948
20.411
23.826
19.805
19.263
38.888
28.997
18.694
33.262
39.642
33.442
18.899
26.835
67.340
34.034
20.556
27.377
26.518
51.437
23.893
33.468
21.604
21.633
22.883
21.435
24.222
29.102
18.500
49.991
23.372
23.405
18.588
22.380
21.728
36.839
39.361
23.598
20.751
23.202
57.143
38.579
39.303
38.865
16.142
23.102
23.581
18.284
16.768
16.685
16.637
23.808
22.115
26.371
26.466
32.361
25.595
18.224
22.141
28.531
61.694
17.519
19.765
26.689
21.556
21.688
30.674
18.222
37.524
24.447
24.111
22.073
20.699
24.636
35.090
17.677
35.555
19.804
21.573
44.285
28.288
18.001
34.509
24.925
21.977
34.962
29.674
29.623
25.538
29.381
19.851
32.655
20.866
20.355
29.379
30.135
20.926
31.323
29.599
34.439
18.056
24.233
22.158
19.581
25.158
27.568
25.678
24.543
26.545
25.806
22.288
34.457
23.455
17.299
38.595
18.621
41.982
19.866
23.752
24.777
21.328
19.782
35.675
20.043
25.124
34.762
23.325
37.828
17.443
26.291
18.383
23.209
32.993
53.247
24.079
41.284
28.780
29.630
19.544
31.912
70.909
21.384
22.910
29.090
25.020
26.343
17.209
27.547
24.811
19.748
42.182
17.345
32.590
32.509
33.650
26.030
25.468
24.020
32.501
30.058
27.405
23.587
19.947
21.120
70.842
21.926
28.100
28.785
23.235
41.904
21.654
34.331
36.146
23.280
23.633
20.703
22.810
24.169
51.424
19.901
28.456
21.362
32.229
22.586
35.564
21.203
23.560
24.935
25.098
20.065
25.233
25.543
29.396
27.180
26.924
25.271
21.872
25.148
20.289
25.902
19.382
31.781
25.358
29.072
26.326
27.141
28.254
30.119
23.631
38.162
24.189
24.047
17.737
17.105
26.577
32.062
20.967
24.288
27.254
20.880
29.966
16.850
92.895
29.377
35.135
21.850
28.650
26.249
22.063
23.757
26.896
35.628
40.430
32.732
27.765
26.474
29.746
36.662
20.422
22.465
35.717
25.607
21.676
35.927
21.591
18.609
25.251
83.506
37.652
20.456
23.900
22.495
25.978
31.500
21.545
25.397
17.943
20.782
19.615
24.551
18.998
20.620
21.387
42.240
30.014
26.000
18.504
