31.118
35.193
32.532
36.748
36.042
44.143
32.286
35.509
24.989
31.054
39.575
40.176
32.105
38.975
28.712
21.460
21.094
34.871
26.318
26.111
22.162
44.042
22.770
26.311
17.615
24.052
18.432
26.867
47.786
27.524
34.690
20.803
35.678
27.800
29.233
20.945
35.629
20.631
19.265
24.257
18.617
27.863
21.838
27.221
28.912
20.701
20.743
24.637
22.039
31.525
25.438
25.681
26.284
39.515
20.867
28.502
18.949
28.310
30.017
25.462
28.299
24.584
22.529
21.857
22.862
18.831
20.791
20.969
19.304
35.686
23.295
36.989
19.631
18.704
18.561
19.252
22.303
33.418
22.724
23.466
30.422
25.973
45.956
24.198
29.243
17.263
24.442
34.129
19.006
53.654
23.820
30.296
24.858
22.642
30.616
33.932
26.985
21.306
27.505
20.678
25.883
29.292
19.589
18.310
19.891
35.815
33.167
51.795
31.271
18.721
24.928
19.230
20.763
38.986
39.480
24.260
27.799
27.910
30.023
28.703
24.461
50.710
26.874
22.131
28.997
42.796
18.974
20.918
24.786
25.002
36.723
27.378
57.336
18.520
20.891
25.225
22.754
31.403
31.856
17.455
22.314
21.037
22.801
23.132
29.767
30.047
27.593
25.376
22.336
23.807
28.790
21.332
16.908
20.063
20.712
37.716
24.138
36.270
26.025
19.684
43.085
33.063
19.045
25.706
27.790
29.741
36.650
60.803
25.521
21.479
19.523
34.422
42.024
18.747
28.441
22.969
20.340
29.693
22.360
37.074
23.730
33.013
53.653
19.852
28.484
39.461
30.538
36.308
28.352
22.149
50.620
30.083
26.101
19.119
41.580
24.688
30.663
27.031
30.333
37.426
18.540
18.657
31.719
19.778
20.699
30.888
34.605
23.762
25.159
21.117
20.034
23.015
20.163
36.057
24.026
25.400
23.790
38.184
22.673
23.292
17.302
20.136
25.918
18.718
31.591
27.489
25.419
18.964
27.961
32.525
21.914
19.394
20.808
26.026
20.265
26.633
28.625
36.155
22.294
25.301
31.977
29.350
21.532
29.614
22.553
49.264
23.643
29.331
20.121
25.731
25.366
43.460
51.732
28.948
29.136
18.191
32.071
22.121
21.887
20.931
41.613
22.999
28.012
22.967
26.949
26.964
18.476
22.296
20.742
25.458
23.400
20.224
26.203
21.738
25.289
27.453
34.477
57.721
29.967
22.457
31.713
23.281
20.276
21.293
19.101
25.063
36.144
22.752
25.376
24.606
23.590
38.670
22.142
37.130
88.470
35.491
18.307
98.633
20.775
31.247
23.838
30.403
18.548
27.510
27.130
29.628
28.723
31.375
16.621
23.844
26.496
21.590
30.565
23.266
31.001
29.704
20.819
25.885
21.427
24.972
21.367
36.798
24.678
25.587
43.968
21.670
19.315
30.859
31.780
25.155
20.728
23.675
23.672
29.163
28.888
35.519
23.121
18.332
36.293
17.059
80.663
30.491
26.337
47.517
19.243
31.712
42.235
19.185
34.682
18.549
26.434
22.603
24.524
31.435
56.142
26.694
28.886
27.161
32.667
61.049
28.376
54.219
17.659
22.565
26.794
21.085
26.717
32.279
27.870
20.834
39.621
20.509
39.020
23.352
18.619
49.820
26.702
96.309
20.544
21.601
22.355
18.675
31.925
20.002
33.758
22.490
33.050
39.361
38.212
21.122
60.273
17.431
54.914
21.273
25.258
32.247
21.451
42.026
28.234
46.493
31.565
27.877
57.676
26.992
20.976
23.735
20.142
20.542
24.849
24.312
21.867
49.665
19.525
28.586
21.327
19.181
23.841
23.488
20.951
30.865
21.188
25.168
30.600
18.205
19.608
24.107
32.986
21.008
29.110
26.357
29.990
21.379
26.363
28.662
24.434
32.612
26.587
32.193
25.448
20.898
22.078
17.506
41.734
27.305
40.209
23.527
21.289
23.745
23.859
22.634
22.105
23.220
18.904
23.480
21.514
18.765
43.962
32.983
20.729
20.346
25.313
24.574
23.232
20.566
21.969
54.145
17.826
19.468
25.043
37.386
27.165
17.661
24.375
24.784
19.939
31.341
30.030
27.841
33.361
25.218
24.282
26.425
20.526
73.399
18.649
27.821
18.833
22.803
18.916
29.533
36.951
25.043
21.533
27.395
24.313
31.049
24.623
30.641
37.703
46.203
21.501
19.676
25.473
41.655
20.299
27.750
33.435
39.607
18.507
28.644
36.660
26.258
20.025
36.760
20.951
38.105
31.417
25.453
33.611
17.138
21.201
19.569
24.729
23.914
22.312
19.990
18.485
20.245
28.577
20.551
30.896
37.929
20.496
24.640
35.727
27.396
21.343
24.510
27.240
24.359
26.929
24.326
29.231
30.836
27.144
29.170
19.707
20.071
21.861
23.275
25.554
43.122
27.421
23.859
19.957
23.587
22.818
20.858
22.987
28.420
19.168
30.564
22.756
38.895
19.503
24.478
29.978
26.242
56.794
24.001
22.965
34.085
36.366
20.447
27.621
32.126
27.085
24.622
24.678
35.768
23.198
22.678
33.875
27.357
28.022
28.306
26.807
24.949
27.561
21.944
33.097
19.599
45.742
20.052
22.137
28.194
26.771
28.887
26.011
22.831
24.659
22.830
20.621
21.065
40.676
38.358
22.649
24.452
19.697
34.094
22.440
27.822
38.324
22.994
23.561
20.906
19.267
28.058
21.744
25.116
25.144
23.978
35.037
25.484
26.088
29.176
32.904
18.904
22.260
21.487
18.929
19.795
30.009
21.346
17.713
22.612
34.093
48.818
33.808
18.299
18.200
18.093
22.673
28.878
26.595
19.733
21.395
21.282
26.303
25.388
31.376
25.827
22.213
27.627
34.414
28.850
28.172
20.005
21.550
21.968
22.704
22.361
22.196
22.115
22.475
20.405
27.887
27.642
20.801
18.683
40.920
25.747
17.802
22.899
19.146
20.980
21.268
18.481
22.301
26.641
19.650
22.291
20.331
27.807
22.519
21.838
20.350
31.351
22.867
22.275
30.384
19.785
24.342
27.120
28.494
58.322
32.759
31.288
17.588
31.441
32.558
20.666
19.389
28.754
20.450
25.198
17.751
28.334
24.819
16.856
16.819
19.114
26.445
18.881
60.284
24.610
19.838
27.556
30.982
21.950
37.213
34.472
28.825
26.682
17.143
27.731
24.819
27.055
23.413
47.565
18.999
25.685
20.059
23.630
21.289
30.450
22.233
20.127
34.060
26.328
40.943
23.007
30.690
36.500
20.458
25.417
49.411
26.457
21.370
20.984
22.826
30.219
22.889
27.714
39.574
17.182
29.530
18.937
24.161
25.748
30.336
26.901
25.110
25.940
34.670
18.996
17.016
31.081
44.906
21.431
33.891
19.495
26.108
27.872
25.790
22.851
23.255
23.259
22.575
19.534
23.258
23.737
33.172
30.308
30.708
25.484
22.512
21.270
24.067
22.579
18.271
25.684
22.769
24.825
33.241
105.541
25.178
31.880
23.116
34.831
20.377
18.927
23.275
27.877
25.535
21.348
26.636
19.931
31.450
19.315
27.332
19.478
27.349
20.517
32.980
39.261
30.294
17.527
17.374
17.407
30.342
18.297
18.838
23.897
17.493
27.267
32.019
22.619
43.627
18.556
20.144
25.543
22.510
42.030
31.740
29.180
19.701
49.501
57.254
45.560
20.221
31.440
27.400
19.588
19.245
19.098
31.127
17.723
33.194
26.879
39.225
25.629
21.129
41.450
30.389
19.517
56.265
19.658
18.274
27.260
38.370
20.645
28.690
41.799
22.543
21.116
21.996
27.733
20.812
25.474
22.412
19.664
23.313
23.832
26.960
17.728
21.179
25.914
19.346
20.822
27.937
21.349
23.837
29.244
29.961
20.111
32.944
23.800
19.895
27.272
32.975
19.350
45.848
20.341
23.011
19.991
32.655
22.454
22.876
32.483
29.948
18.730
33.381
38.672
23.464
26.115
21.893
34.113
20.815
31.312
22.812
18.261
20.539
30.268
23.825
20.841
24.004
28.413
17.554
20.037
23.077
28.418
25.496
25.430
19.043
22.370
20.236
18.161
33.706
37.162
27.704
24.471
48.611
35.103
47.895
18.142
35.067
26.683
19.377
19.577
24.158
20.658
26.698
17.433
18.423
18.792
17.951
19.944
33.500
19.098
19.814
18.512
18.304
21.672
25.277
18.809
27.300
32.525
25.347
21.048
32.335
22.120
25.850
21.200
18.805
32.194
21.498
25.390
45.495
27.569
22.847
20.463
24.656
18.600
33.069
29.764
18.335
20.540
26.827
29.070
18.098
27.863
19.792
19.539
22.540
24.250
18.670
29.291
23.663
24.882
19.216
26.261
20.436
25.158
26.697
27.909
22.668
19.310
54.527
38.819
30.814
31.422
26.049
35.803
22.033
19.487
44.440
19.639
27.445
19.451
28.422
21.172
28.233
20.177
33.032
21.997
22.275
20.231
21.943
20.861
24.788
48.648
31.506
19.382
24.264
21.335
22.797
28.578
23.255
22.541
20.115
19.848
25.302
32.616
34.064
19.083
30.433
31.418
20.028
28.759
20.906
33.367
28.273
33.492
42.480
18.400
24.443
31.215
25.381
22.742
23.979
24.032
20.779
31.516
26.154
38.264
25.642
21.604
31.516
105.927
20.971
23.924
19.685
41.582
22.869
25.972
33.933
33.751
26.606
38.706
19.561
22.204
17.506
19.499
40.121
31.369
18.791
50.048
24.430
26.324
42.444
35.547
28.693
28.545
22.359
30.005
25.232
27.088
48.435
26.952
28.008
23.239
83.901
19.406
42.527
19.209
30.911
23.745
38.148
34.128
35.183
19.667
17.913
19.706
33.356
23.615
33.865
36.080
19.100
24.693
20.807
19.069
35.142
23.418
22.005
23.647
23.379
29.745
26.551
26.776
17.434
34.184
18.292
34.474
20.205
21.002
24.598
41.954
30.164
21.914
25.679
31.934
20.758
25.487
36.099
23.664
23.533
20.072
29.117
18.825
41.641
28.697
31.085
28.743
24.324
41.006
20.278
37.740
25.101
35.358
27.153
38.233
31.762
35.550
20.996
30.030
21.499
27.490
29.818
26.246
19.705
20.125
21.187
44.208
28.396
34.279
18.796
34.310
27.587
38.274
16.419
31.480
28.313
27.757
25.803
30.163
25.064
46.832
19.553
23.839
24.409
33.992
21.528
33.176
29.019
26.310
21.061
30.362
20.237
26.351
16.675
26.485
25.333
20.962
18.078
25.117
62.527
22.120
23.232
29.271
17.443
22.462
26.400
27.568
28.195
42.901
25.139
27.292
28.058
20.371
22.340
17.877
33.332
20.454
26.395
22.542
20.800
38.353
28.002
28.043
37.746
28.757
16.389
21.096
20.090
41.242
19.191
26.546
50.024
40.429
74.678
39.008
24.225
27.632
25.278
19.875
21.476
25.312
22.447
33.898
33.182
27.828
48.335
30.851
17.299
29.403
50.362
48.390
23.954
28.236
20.065
35.421
26.102
18.720
32.669
28.895
28.275
26.587
27.466
30.257
33.777
26.466
23.656
22.958
29.777
37.524
25.361
25.761
27.055
20.170
25.262
42.912
39.782
17.255
17.870
17.478
20.872
24.567
24.658
30.166
20.116
34.756
19.409
34.913
16.608
36.623
21.998
27.651
29.945
30.219
26.208
17.242
27.076
17.451
21.410
42.721
29.787
29.595
32.886
22.417
16.372
26.201
27.669
21.647
23.856
29.894
25.898
32.533
44.043
28.598
21.987
23.806
37.801
48.591
37.012
32.481
32.131
34.030
20.089
24.089
20.928
18.767
32.406
39.881
36.031
22.518
26.873
18.251
40.223
50.311
23.928
38.650
27.853
19.865
24.237
34.496
24.967
25.333
23.198
31.926
18.826
19.541
43.216
30.767
24.347
32.026
43.987
41.033
31.739
20.833
17.771
32.765
23.429
21.377
18.523
29.195
19.561
22.663
24.255
22.962
27.178
35.815
33.785
37.438
19.024
54.368
24.394
29.377
32.340
33.191
37.125
26.050
21.782
36.174
25.799
36.120
31.227
17.446
29.620
43.186
23.195
30.759
28.781
26.995
31.463
22.821
18.598
23.539
19.274
30.695
31.957
26.278
21.183
19.432
18.665
30.372
30.086
26.090
27.941
24.158
28.199
17.642
28.963
27.857
27.593
16.630
35.318
34.209
32.735
75.700
65.966
18.065
28.471
22.123
27.357
17.603
21.366
37.335
22.908
21.435
29.758
43.178
29.761
25.613
24.324
36.241
39.377
39.332
28.258
45.519
25.188
29.388
29.326
23.780
30.172
42.429
22.406
19.369
20.731
30.999
26.770
18.682
22.040
25.152
38.540
40.103
19.765
18.607
23.141
36.431
28.539
21.385
20.279
23.082
24.305
21.981
33.628
17.895
28.891
16.715
29.362
37.379
24.778
17.684
34.179
30.894
19.748
20.541
22.333
25.217
24.608
26.394
19.578
28.172
28.611
25.954
22.208
32.487
20.753
19.230
21.735
22.770
40.818
26.488
18.939
32.099
27.794
26.169
26.295
38.299
33.838
21.509
23.205
36.056
33.011
39.716
28.763
41.688
23.010
30.703
28.953
16.966
25.820
24.436
30.213
19.005
25.134
24.923
21.496
19.014
21.466
18.707
25.935
20.814
30.443
39.558
34.834
20.831
32.195
23.052
26.680
27.991
24.987
25.613
23.859
43.852
34.523
23.197
26.480
32.251
39.570
34.180
31.260
29.181
23.281
28.983
27.940
26.582
22.557
17.409
23.586
33.142
19.796
31.413
19.057
20.141
20.453
29.184
23.720
18.781
32.309
39.806
20.243
24.911
19.949
23.562
37.157
30.090
20.417
26.636
33.660
27.911
18.257
32.099
30.171
42.071
21.998
30.143
28.360
21.236
23.183
19.273
19.862
36.013
24.264
28.171
21.281
44.096
18.276
24.664
31.703
61.523
29.141
34.373
35.637
21.095
17.974
29.407
18.096
24.928
33.195
47.649
22.241
29.503
22.833
31.562
18.683
28.049
28.158
19.539
21.804
18.579
19.914
18.665
26.635
33.642
21.556
51.711
23.104
48.640
22.765
23.013
19.516
27.873
37.926
20.120
24.086
21.846
22.339
22.674
45.442
27.637
33.644
22.130
29.473
22.025
22.102
34.370
33.124
20.595
20.787
22.078
22.085
29.071
30.461
25.507
28.368
28.837
37.467
19.776
18.535
33.009
26.313
26.740
22.020
20.617
17.316
23.128
25.889
19.773
38.223
24.766
31.751
21.971
21.815
21.885
21.785
26.999
43.779
21.595
25.082
30.869
32.174
31.300
20.790
18.982
20.323
17.504
26.674
35.223
27.036
35.618
22.089
21.802
20.385
31.138
17.122
38.256
32.397
23.455
31.353
34.428
32.759
33.288
22.403
21.691
22.969
22.077
33.580
32.636
41.910
20.174
19.088
20.239
19.672
60.436
34.474
26.425
32.963
19.072
19.853
22.272
19.178
19.831
28.450
25.680
30.385
23.444
20.971
19.183
21.869
21.541
31.471
36.067
28.357
26.669
19.638
28.578
33.090
25.042
36.443
32.469
30.190
26.002
21.697
34.993
24.218
31.468
31.189
31.108
33.323
20.887
17.279
26.864
36.156
24.484
22.963
39.384
21.818
32.267
22.675
36.666
53.608
55.118
22.572
19.018
28.251
23.468
23.622
20.043
18.368
29.573
24.072
25.753
25.370
23.547
17.144
19.973
22.416
32.870
24.166
23.364
27.901
27.518
20.937
18.113
24.766
24.653
26.119
27.558
22.999
17.889
42.078
17.855
23.488
23.862
23.148
23.292
19.024
25.475
26.161
34.135
26.756
20.384
23.795
24.482
19.454
19.340
26.235
34.886
28.417
26.754
21.268
29.755
24.996
21.911
20.146
22.812
28.737
17.013
17.644
39.665
35.673
35.167
30.242
23.269
21.462
19.843
19.684
19.718
19.459
20.956
21.181
20.834
18.216
18.366
18.009
20.621
19.335
19.207
17.529
18.259
17.157
17.302
17.884
18.149
18.460
18.209
17.649
17.736
17.711
37.188
45.666
40.131
26.467
43.538
20.244
26.399
23.504
17.351
