32.435
46.577
20.448
26.190
30.756
30.613
32.088
25.906
23.743
23.752
33.734
25.728
43.864
30.823
20.128
17.211
22.542
22.111
19.645
20.982
21.432
28.374
21.867
25.615
23.795
20.768
20.983
27.524
26.801
20.838
24.028
23.776
23.105
55.039
19.454
31.693
23.801
22.164
27.545
34.643
22.275
38.115
19.856
28.828
19.808
35.677
57.055
25.907
23.013
21.804
26.738
32.825
23.413
18.355
24.204
23.492
18.226
21.999
47.427
18.781
23.654
24.632
31.352
35.467
30.206
25.546
19.020
19.045
24.753
30.650
20.063
28.096
19.202
23.639
21.352
17.085
19.256
26.091
19.227
18.933
22.433
18.930
28.896
26.165
32.106
18.166
24.388
29.945
36.716
25.210
19.468
23.767
20.915
27.616
64.116
35.299
34.404
19.487
21.266
23.811
19.677
21.794
26.219
20.879
22.170
30.320
22.027
19.528
18.887
26.881
22.516
25.095
17.437
17.091
17.612
20.858
25.668
19.342
33.969
23.387
25.602
23.273
23.099
32.159
19.276
24.316
20.354
20.042
21.022
38.295
17.155
17.914
26.159
20.752
30.064
20.730
21.560
45.620
24.369
32.765
36.200
30.001
34.991
30.294
30.321
53.876
28.653
24.746
20.187
32.511
32.957
23.586
28.674
23.789
26.314
19.976
23.206
31.241
21.436
20.283
20.846
20.175
22.281
21.017
19.025
27.532
45.468
24.406
33.659
28.326
74.292
18.627
20.561
35.197
28.630
34.214
20.083
29.002
32.496
24.971
28.130
18.484
32.177
19.050
26.283
29.787
20.730
21.351
37.813
30.204
30.682
21.489
22.500
39.163
17.744
25.409
34.885
27.391
24.742
36.426
47.546
26.150
29.291
23.687
26.079
35.984
17.432
20.970
37.906
25.221
31.098
34.259
34.367
25.027
19.060
38.933
21.468
25.030
35.410
18.695
32.014
26.884
24.358
22.383
33.401
16.945
28.330
24.912
31.925
23.689
17.424
17.277
26.200
20.338
17.885
22.309
27.253
24.278
18.247
25.266
18.906
24.587
17.998
26.315
20.099
19.579
24.902
24.959
40.185
19.627
26.429
19.792
23.596
19.371
30.281
30.519
29.291
27.659
18.609
22.746
29.883
20.806
21.382
19.981
23.366
25.032
27.499
30.377
22.635
20.045
33.342
28.779
17.150
17.403
21.903
17.367
17.560
19.948
36.096
17.455
25.780
23.779
30.156
24.834
19.216
35.628
27.683
17.740
18.089
19.155
47.620
19.037
30.640
20.071
21.085
31.688
25.511
19.057
19.022
19.580
18.676
25.799
19.855
31.624
26.162
28.586
32.973
29.257
25.369
33.025
30.594
23.410
30.961
17.441
29.832
22.517
39.756
41.431
33.097
20.299
23.677
33.736
33.726
23.847
20.525
18.454
18.324
27.118
18.994
35.035
25.842
49.786
21.974
25.194
21.862
21.896
21.753
21.772
21.810
21.759
21.951
21.856
21.778
21.888
22.037
21.767
22.075
41.711
18.681
18.691
18.841
43.721
21.815
18.946
22.702
32.356
22.894
44.673
42.310
44.129
40.415
48.204
43.938
20.073
27.017
29.693
32.642
41.198
39.976
20.308
23.624
21.144
19.687
25.842
27.461
28.772
42.117
20.608
22.846
28.733
21.557
20.000
19.989
17.184
19.786
31.632
20.929
22.615
39.830
30.115
26.092
30.183
27.384
22.432
19.992
25.288
25.816
25.822
27.934
29.623
25.210
21.827
21.163
20.330
25.052
33.929
21.529
26.061
40.051
23.502
47.596
35.410
22.142
29.163
17.299
28.930
18.857
49.993
47.637
17.403
26.853
21.250
19.549
29.626
38.454
32.057
23.874
26.221
30.928
24.943
17.305
26.008
30.086
20.666
21.260
18.800
21.365
26.542
30.404
20.008
31.931
30.327
104.248
19.690
34.493
25.265
20.849
17.419
47.594
26.513
29.730
24.027
23.508
35.142
21.459
31.266
29.160
31.238
56.497
49.009
49.328
43.153
42.266
45.656
30.704
30.159
23.903
21.666
24.495
40.712
19.326
33.017
29.414
42.433
29.631
26.048
25.372
26.276
28.713
50.111
26.425
22.110
21.256
22.096
18.804
19.436
30.745
25.210
21.765
19.016
33.131
18.728
19.166
18.553
32.570
22.789
18.792
18.387
29.496
16.676
29.519
26.726
36.921
22.824
20.891
41.659
25.225
25.231
21.318
24.328
22.787
26.693
20.017
38.229
31.773
42.008
25.363
25.164
26.674
24.102
25.391
19.458
29.124
28.904
20.407
20.987
20.303
21.238
31.262
45.285
29.338
46.763
54.612
27.225
29.316
34.199
34.473
25.574
42.757
44.441
17.203
25.920
18.215
25.858
24.947
28.404
19.925
21.067
26.832
25.073
17.838
28.496
18.940
20.283
26.274
40.077
21.105
21.962
17.980
19.762
18.090
38.692
27.802
29.419
19.819
19.938
35.328
24.980
26.637
34.201
25.074
32.546
26.399
23.561
20.442
21.279
27.642
19.890
45.743
25.427
37.384
17.665
24.082
21.033
21.004
28.430
25.924
24.101
29.384
20.176
35.700
35.660
35.165
44.914
23.464
28.500
21.977
21.949
31.592
19.777
20.076
20.396
17.626
24.957
29.607
24.391
32.173
20.058
20.808
33.632
36.092
25.374
19.795
24.810
29.302
24.043
17.389
18.733
19.743
39.553
20.612
33.302
23.412
20.204
31.229
18.743
16.527
21.057
54.588
22.853
23.922
16.460
33.586
31.057
20.602
24.398
22.311
23.215
28.763
26.242
23.701
21.188
24.859
35.949
18.239
31.219
27.014
36.368
25.033
27.993
27.489
23.872
34.716
20.387
19.394
29.334
18.002
23.397
35.712
20.088
19.987
20.131
19.247
18.591
28.570
32.871
22.564
29.358
20.680
21.629
38.882
20.293
24.917
23.552
22.109
35.512
25.082
27.445
32.374
26.091
21.722
20.223
40.395
27.908
70.202
36.485
22.165
20.736
34.679
23.896
16.992
22.791
26.050
35.157
17.225
22.292
25.066
19.307
38.147
21.742
18.344
20.205
48.059
24.775
19.947
33.906
26.650
44.722
24.923
28.761
18.045
22.243
28.733
26.765
17.397
19.378
33.005
27.419
25.712
27.777
21.646
29.550
43.990
22.700
19.040
19.747
32.587
26.341
18.116
19.922
23.208
19.502
25.110
31.250
21.134
37.296
26.832
18.855
31.678
19.397
23.297
30.330
33.540
26.950
31.781
26.787
22.266
22.396
19.984
18.059
31.526
27.484
19.741
39.167
31.040
32.261
32.226
28.797
34.807
23.260
29.429
20.729
27.050
21.761
24.932
22.527
24.813
21.724
19.607
25.953
20.250
38.199
21.278
24.155
36.216
40.514
17.371
21.204
27.019
42.969
28.312
28.272
25.263
22.355
22.967
24.297
27.605
21.395
46.201
27.072
16.924
24.497
29.490
17.969
31.817
19.822
46.292
24.116
37.296
38.521
16.607
16.149
19.362
17.566
39.364
41.135
38.249
25.534
33.128
31.947
22.046
29.849
19.893
25.169
40.296
30.576
18.993
27.043
37.740
23.228
23.287
21.666
40.538
23.549
27.598
17.284
30.087
27.934
22.761
30.210
20.758
19.562
46.428
19.562
31.965
20.035
37.286
34.529
20.619
27.252
19.662
19.459
25.558
23.068
30.137
29.729
29.559
34.820
37.526
22.393
19.244
20.146
16.193
17.763
21.982
22.102
24.588
23.617
29.090
29.130
23.942
27.713
23.018
19.243
26.951
19.823
17.154
17.282
49.710
32.470
18.478
36.205
32.814
26.183
29.036
27.886
18.460
28.784
94.756
34.510
23.724
31.001
29.225
23.826
31.028
72.687
19.659
26.081
17.670
34.384
32.242
27.553
31.415
27.227
31.102
31.416
32.541
18.363
28.064
21.610
19.067
19.634
46.117
27.027
87.149
22.061
32.758
18.915
27.897
34.342
24.380
30.674
29.884
28.644
17.333
19.531
27.125
26.564
25.201
44.701
26.164
32.212
33.554
32.827
18.864
18.969
24.809
19.948
30.624
18.490
18.984
20.503
29.374
34.607
31.270
20.886
22.325
25.260
26.735
30.387
22.658
27.319
24.373
24.761
46.334
20.100
29.898
24.298
21.085
22.052
21.732
20.150
20.837
35.036
23.558
21.534
22.329
20.484
45.403
22.485
30.563
31.889
30.235
27.139
17.843
25.037
34.366
25.930
23.402
25.085
31.325
26.026
42.821
24.422
24.102
22.324
37.419
23.468
24.668
17.838
17.718
17.762
19.091
19.565
24.401
27.969
41.499
35.848
29.887
27.782
57.364
30.735
19.061
32.159
33.237
31.703
24.402
28.686
29.005
36.197
23.235
19.401
22.050
22.953
21.765
40.100
29.554
18.427
34.700
18.624
23.154
29.428
39.125
24.465
23.365
50.379
19.151
17.149
21.493
19.475
18.435
113.123
31.911
27.418
18.777
24.551
18.945
24.882
33.211
23.886
20.493
25.665
23.050
21.197
33.381
28.202
21.010
27.514
32.160
21.495
17.323
33.346
30.847
49.258
31.532
45.614
20.616
30.109
18.436
34.439
20.459
41.036
44.780
28.754
24.499
23.803
17.845
26.533
34.047
37.933
24.309
17.911
22.600
47.437
22.181
34.537
48.393
25.902
34.085
34.665
22.544
33.728
18.456
21.032
22.302
20.699
40.685
19.458
21.589
23.317
22.568
23.505
26.203
22.311
22.716
23.471
21.743
21.821
25.023
22.617
22.213
23.545
22.291
23.278
23.298
22.696
18.203
39.601
29.024
26.903
29.059
32.228
29.516
33.332
24.794
17.629
23.363
21.508
31.718
23.266
19.510
22.066
21.363
23.649
31.355
35.725
20.737
24.736
25.819
30.161
16.497
23.316
20.318
20.670
24.224
21.935
21.862
30.777
20.652
17.254
32.846
26.087
24.203
23.481
30.374
18.815
18.351
44.769
17.512
19.090
30.990
20.481
43.973
37.679
22.679
24.828
26.349
26.715
42.977
33.896
27.192
75.837
28.962
18.027
23.650
20.563
18.187
32.480
31.234
18.826
21.717
22.065
31.230
38.744
31.419
35.562
24.644
28.460
19.402
17.610
17.539
17.372
26.827
24.274
24.029
25.258
32.438
32.903
44.564
20.524
40.473
27.638
23.495
20.186
25.636
24.880
33.420
32.334
18.979
18.831
20.886
31.076
23.172
25.194
18.156
41.456
30.562
24.919
27.340
18.893
23.403
35.581
39.963
25.645
24.066
32.106
19.426
37.267
32.441
31.177
36.180
24.269
45.629
20.374
33.278
19.428
37.108
32.440
18.018
72.253
25.372
19.382
22.890
23.622
23.295
21.485
27.609
26.990
23.371
28.774
28.086
18.989
19.028
31.459
43.553
23.328
27.760
29.584
23.882
20.375
29.416
28.933
18.123
21.284
23.134
17.696
21.323
37.453
36.744
34.872
20.855
31.929
81.056
29.092
23.310
18.023
27.732
33.218
38.606
18.347
22.839
33.481
26.459
29.002
41.413
26.655
22.953
28.708
26.186
22.293
20.042
26.586
30.443
31.076
22.108
32.613
35.138
22.691
24.254
29.727
28.826
28.800
29.062
47.852
23.552
34.174
23.315
20.948
38.021
66.697
32.453
30.885
41.725
32.290
25.795
34.505
21.491
19.084
39.301
19.027
44.109
30.893
40.691
35.644
61.335
32.340
21.916
21.931
19.633
20.038
25.790
31.003
21.713
45.335
25.266
31.734
51.615
42.350
20.306
29.887
33.196
38.226
20.581
28.484
22.074
18.987
31.648
31.825
19.015
17.397
19.026
32.597
23.077
27.977
26.686
20.118
45.103
20.290
17.542
34.359
20.241
22.945
58.986
22.264
47.644
26.697
18.034
18.996
30.844
27.877
28.412
20.381
20.332
28.341
18.392
20.686
19.357
25.210
29.498
19.710
50.207
34.144
24.177
32.026
18.609
43.512
24.043
26.310
20.719
30.846
21.092
23.141
21.947
23.127
20.677
18.704
26.626
27.395
30.191
19.409
20.034
18.910
28.414
17.233
19.169
32.607
29.292
22.878
26.666
46.727
29.980
24.476
23.411
42.439
22.581
22.776
17.314
23.918
24.290
29.027
33.748
32.252
19.487
32.395
28.885
35.163
33.510
30.991
40.545
49.018
18.987
24.509
23.626
26.917
32.464
39.615
24.772
18.248
26.753
43.198
43.700
34.336
21.700
17.461
95.067
28.681
22.010
24.701
20.808
37.437
26.433
19.468
22.049
23.053
33.490
19.753
26.648
24.562
19.024
25.702
23.356
22.079
21.458
24.280
25.453
23.923
31.128
21.464
26.427
23.531
24.444
31.349
22.812
22.903
33.143
19.313
48.335
23.258
19.678
23.477
19.889
19.332
19.635
18.785
18.612
18.987
18.306
19.213
19.484
19.229
19.261
18.231
17.802
18.020
20.620
28.043
28.254
35.097
23.856
30.063
