26.370
22.567
19.681
21.370
18.984
18.881
21.558
21.180
17.820
18.907
27.945
19.183
20.324
18.078
19.827
17.338
20.764
20.437
17.601
21.185
24.596
19.826
18.700
27.340
19.539
18.089
19.355
22.047
17.800
27.740
20.994
19.111
27.018
18.992
18.705
17.913
23.324
17.688
21.921
18.424
19.401
23.726
16.964
23.291
21.088
18.270
23.590
17.256
17.523
29.403
20.679
18.201
23.142
21.404
19.455
23.773
23.333
20.973
18.815
21.746
17.097
20.692
19.924
26.788
20.259
18.990
21.639
24.584
20.380
22.645
21.143
17.385
20.614
18.313
17.780
18.401
19.251
21.922
17.378
16.575
19.339
19.730
18.300
19.531
17.134
19.837
19.683
18.717
18.327
20.144
18.649
23.470
19.718
20.066
22.611
21.283
18.829
20.398
22.708
22.979
22.626
17.110
20.851
17.157
19.529
17.401
17.835
19.345
18.704
21.276
24.760
19.781
20.418
18.397
21.434
21.284
23.214
21.420
18.709
18.561
21.654
17.390
17.516
22.243
21.732
24.883
18.558
21.165
16.415
17.438
30.683
18.106
20.572
18.157
22.382
22.881
17.973
17.504
18.204
17.129
17.101
19.698
16.930
18.552
17.851
19.965
18.666
19.973
32.032
17.755
24.632
20.627
22.233
17.388
16.982
19.506
19.031
17.263
21.923
18.285
17.259
20.560
17.260
26.609
24.916
29.307
19.809
18.368
17.855
19.925
21.951
26.503
27.331
21.858
17.819
16.719
27.289
20.352
19.412
22.272
17.296
21.063
17.661
17.729
18.230
17.678
19.934
17.688
20.421
17.038
19.019
17.872
16.231
20.744
22.609
20.569
18.529
20.859
20.170
16.791
21.329
19.062
18.838
17.837
26.376
20.009
18.764
18.611
18.633
17.769
18.614
18.474
18.438
16.296
18.789
17.698
17.611
22.416
18.111
