21.793
21.749
59.024
59.590
21.187
71.396
39.469
39.750
21.092
21.717
21.691
37.526
32.085
72.294
61.093
56.798
56.843
72.514
24.916
66.572
42.445
27.422
47.390
26.123
24.918
25.659
41.707
25.107
27.834
37.002
22.212
19.843
58.551
23.538
32.829
45.237
18.330
18.448
21.496
86.031
20.744
26.673
26.025
26.542
25.815
73.961
73.533
73.676
52.445
23.369
25.027
28.890
28.268
22.294
21.300
23.527
21.126
26.043
26.618
24.009
71.726
35.713
64.860
104.755
24.601
70.823
41.807
21.627
21.260
18.952
23.549
95.584
24.963
90.308
58.481
81.724
99.065
73.944
63.017
88.509
98.960
20.577
71.918
64.333
33.845
63.729
96.814
24.211
74.054
31.013
21.921
19.956
26.095
73.172
60.208
71.879
26.563
18.313
21.075
18.337
21.009
21.038
20.280
21.061
21.111
20.861
21.024
21.293
24.843
20.689
21.017
21.299
20.924
20.901
33.785
21.489
21.694
20.997
21.042
27.379
21.004
21.786
72.651
72.850
57.245
55.588
81.229
61.036
95.613
68.556
67.435
95.657
98.214
83.575
95.712
25.215
85.323
63.337
63.149
64.229
64.244
84.412
25.668
25.182
40.071
26.043
24.234
25.692
22.965
18.668
33.175
21.822
29.759
18.069
27.476
19.502
21.649
20.027
23.430
30.390
24.448
24.567
36.318
29.890
27.605
20.927
47.364
21.222
23.956
25.905
16.791
32.924
19.828
24.894
35.071
41.309
17.312
32.136
16.971
28.525
24.894
17.354
18.613
17.718
32.055
26.304
19.377
30.044
21.039
30.969
31.168
41.463
42.278
18.790
20.501
36.989
19.885
48.029
27.394
20.776
20.224
34.407
35.853
39.994
20.458
31.265
23.970
21.555
22.478
22.819
21.686
21.954
17.349
32.075
29.981
30.065
37.016
32.992
34.131
36.381
40.638
22.790
22.613
23.273
20.711
32.920
38.666
27.240
19.100
30.924
38.047
30.543
26.049
21.191
22.287
24.048
17.661
37.608
20.852
20.352
20.287
35.963
48.471
20.470
21.977
29.817
23.811
20.363
20.079
20.016
33.704
21.021
17.166
21.916
38.308
33.488
18.980
20.229
17.931
47.905
36.777
22.601
23.011
22.653
22.785
22.756
17.435
33.298
23.405
17.044
20.031
31.835
38.690
29.728
29.516
39.167
34.321
35.295
38.698
50.242
29.223
20.363
21.017
16.715
34.630
44.098
36.240
33.878
30.109
22.757
34.162
35.654
44.722
28.708
22.855
24.629
40.532
22.635
23.366
22.703
22.378
30.208
41.064
26.461
22.261
30.039
17.217
51.770
43.163
24.351
18.844
20.786
38.804
29.144
30.967
27.251
18.302
30.991
18.148
50.719
45.351
42.385
31.653
22.382
21.080
19.398
31.848
24.818
18.663
18.593
29.778
37.939
32.405
22.253
22.533
39.424
45.249
27.011
22.770
16.743
16.848
25.145
40.761
25.057
21.716
27.629
30.162
30.721
25.241
20.118
26.246
19.333
19.769
42.380
28.148
29.155
22.917
20.371
20.196
36.266
47.029
20.133
19.935
28.992
21.824
70.843
31.811
26.764
32.410
32.044
23.269
45.787
28.515
29.945
28.360
30.425
20.025
26.386
28.895
37.511
16.675
30.098
52.262
21.995
20.077
46.523
23.932
19.517
51.321
33.222
28.527
22.739
22.977
24.942
25.964
24.987
28.758
21.118
25.146
28.279
23.448
25.409
21.028
35.540
20.940
35.152
29.648
26.508
40.541
21.077
33.044
35.957
43.889
19.079
24.615
41.508
53.101
55.264
71.335
53.116
28.689
22.240
47.759
21.949
34.395
21.791
16.721
38.610
24.436
22.683
36.999
17.844
36.940
24.379
70.893
17.255
49.859
36.839
21.210
19.017
23.698
75.695
24.215
22.800
31.639
27.379
26.832
33.257
28.480
31.441
34.185
18.063
32.508
45.504
36.455
17.875
29.718
40.900
20.639
35.591
31.668
29.142
32.069
34.662
31.384
26.543
48.136
35.245
48.145
20.808
20.982
21.049
18.307
31.674
55.262
21.090
30.217
44.799
32.378
28.254
22.433
20.275
29.270
25.945
18.940
20.231
29.237
20.476
34.053
33.476
72.484
43.602
41.863
38.198
38.268
19.458
22.157
24.199
33.080
44.922
24.236
17.844
21.365
31.881
33.449
17.631
17.743
66.335
39.119
31.089
32.974
22.588
22.677
45.926
73.187
39.735
25.399
20.944
30.003
29.936
22.879
25.771
21.574
21.095
21.050
21.022
20.809
25.032
18.168
45.327
20.373
38.963
25.729
17.678
19.826
29.220
18.877
22.972
38.382
104.694
40.462
26.021
36.600
29.281
32.408
21.766
72.222
18.121
20.796
34.760
33.855
19.836
19.526
28.274
21.483
38.632
37.540
45.925
53.792
37.502
38.877
28.753
21.083
31.157
37.030
28.667
35.101
23.519
21.654
21.264
20.644
21.359
21.304
44.033
20.869
32.945
39.175
28.400
24.115
25.601
32.204
29.073
27.139
34.300
49.768
37.698
26.063
27.353
30.770
24.327
17.524
59.343
46.320
24.447
29.787
25.407
24.396
104.545
21.049
37.675
44.237
16.882
43.572
20.199
22.286
32.331
17.175
45.820
34.405
36.236
44.928
33.680
30.582
21.716
22.310
20.242
26.411
30.564
38.155
27.721
46.595
32.166
25.851
24.091
23.214
18.623
38.538
27.939
21.023
23.428
21.611
22.278
31.023
22.547
22.716
35.693
32.190
47.831
25.265
25.619
52.050
36.910
25.002
20.891
28.551
30.685
44.509
38.375
23.209
17.530
53.510
30.670
26.519
18.082
49.180
19.233
23.390
21.651
21.065
27.315
18.732
18.440
24.158
32.730
19.505
75.943
30.737
18.672
21.269
29.626
18.164
37.038
26.860
28.340
21.056
25.925
29.478
25.784
25.703
26.029
19.469
35.434
29.360
20.968
19.033
29.171
23.075
33.943
21.582
21.659
31.363
23.662
21.409
27.991
34.648
28.465
17.770
34.462
40.141
33.223
27.909
26.445
22.630
21.896
18.451
18.557
33.428
23.150
24.771
22.425
27.598
25.206
41.636
30.674
22.846
26.317
25.217
36.053
44.966
36.353
17.253
19.861
31.235
18.139
17.168
31.414
26.556
32.119
24.626
20.170
36.818
30.045
23.219
34.411
25.728
20.806
21.440
42.244
44.903
35.778
22.231
24.524
18.476
42.059
31.802
21.685
25.195
28.924
26.159
20.223
30.778
16.452
35.676
29.602
26.118
20.929
18.570
19.974
22.335
50.706
38.931
37.656
52.092
18.988
30.566
17.476
29.188
25.813
28.996
19.935
33.591
23.293
34.451
32.480
22.809
17.467
38.051
18.176
25.536
23.402
30.860
24.945
24.343
38.777
36.008
39.767
19.952
43.013
20.344
35.427
34.104
34.940
22.723
18.929
32.878
24.769
19.465
25.348
19.190
33.709
23.410
23.494
35.529
19.687
18.752
31.573
31.841
30.262
32.527
17.819
22.897
17.672
20.204
30.632
35.409
24.714
21.388
34.904
37.189
37.743
58.666
37.777
28.264
35.607
18.954
40.037
17.517
28.858
33.036
24.373
20.200
21.636
22.264
59.497
31.023
20.457
33.333
23.646
30.851
20.550
43.939
66.445
19.213
37.559
29.183
17.313
22.534
30.937
55.531
24.043
24.628
33.005
23.254
33.053
19.850
22.614
21.298
41.747
31.711
65.137
75.378
71.785
20.479
18.106
29.249
24.838
19.726
22.550
29.440
19.837
31.338
24.029
28.713
21.704
51.005
18.499
46.160
25.572
65.968
25.628
27.095
19.921
33.416
29.973
36.375
34.484
36.481
29.599
32.197
27.055
31.753
19.597
29.386
34.225
40.440
38.050
23.878
28.015
35.653
17.203
20.307
25.064
24.887
38.011
24.253
27.723
26.622
25.438
43.314
17.580
30.703
26.090
36.374
30.817
20.268
23.007
38.601
41.771
22.686
24.020
45.323
20.102
19.106
37.892
30.388
21.642
37.642
26.400
27.766
37.216
28.874
35.521
18.184
22.544
25.984
25.242
25.991
50.674
25.413
45.629
20.123
68.253
18.653
23.820
31.932
26.772
24.853
32.749
17.564
34.987
45.313
23.505
48.115
21.346
33.757
17.305
43.221
18.954
20.512
29.003
45.885
23.321
19.178
30.924
18.704
26.411
38.858
29.362
37.927
31.690
54.852
21.398
26.234
20.544
20.514
28.178
19.610
27.855
26.688
24.125
21.761
19.570
40.392
34.034
24.996
62.299
27.350
23.830
24.937
18.395
25.902
35.728
28.266
33.966
20.634
19.809
22.178
18.687
26.715
20.694
28.902
29.644
26.583
25.779
30.462
33.488
20.895
36.572
17.695
24.378
29.849
19.809
36.105
21.635
36.954
23.961
17.823
17.460
36.563
26.858
21.444
21.483
18.343
38.138
36.173
35.932
22.583
24.846
41.325
19.609
28.965
36.253
40.831
17.562
29.755
41.358
40.787
34.727
33.525
59.573
19.074
32.814
34.680
26.050
27.307
30.149
36.260
34.290
27.504
25.354
43.091
36.376
24.611
20.974
18.215
22.911
33.579
21.423
21.064
20.880
20.547
31.018
22.944
16.833
27.581
34.180
34.525
39.805
21.382
45.110
22.879
51.221
22.565
33.717
21.356
19.129
24.946
32.167
23.497
21.619
27.253
24.334
29.711
21.109
39.727
40.717
23.955
53.882
31.561
29.976
35.760
30.850
29.896
42.805
24.871
29.399
21.569
35.444
25.121
18.227
22.377
21.733
18.066
37.214
21.350
22.852
36.485
32.595
16.398
19.009
17.485
20.670
35.664
19.692
26.725
37.278
29.290
20.231
21.522
35.680
25.963
38.347
35.239
37.088
20.569
48.364
31.497
19.550
21.295
36.864
27.830
23.894
21.770
33.773
26.485
17.780
19.583
23.478
19.775
18.950
21.260
19.824
23.173
20.088
26.428
32.626
