33.933
30.795
38.448
34.483
50.650
18.133
16.902
19.652
33.895
18.264
21.726
32.855
19.196
24.935
35.240
23.015
38.594
28.454
20.590
28.175
18.441
21.199
18.157
22.350
19.075
24.665
23.420
17.385
25.565
33.742
17.569
23.180
27.020
31.344
16.411
29.334
25.491
41.634
28.587
20.702
18.895
19.824
30.026
27.607
18.441
23.127
19.041
20.082
32.456
18.759
17.940
25.741
16.882
21.117
17.349
26.427
26.089
19.727
21.052
40.625
17.406
18.849
38.597
19.328
19.043
36.852
19.697
20.559
20.047
20.737
19.330
37.977
18.008
36.350
35.604
17.194
18.543
19.382
18.295
18.124
17.926
25.195
23.929
21.782
28.190
28.295
22.300
34.434
24.591
18.116
17.899
19.554
22.173
23.134
17.461
32.980
18.203
32.059
35.357
33.403
34.206
18.417
25.642
19.450
23.942
32.437
21.383
21.154
32.073
32.541
18.094
46.760
18.357
32.655
29.549
17.240
22.185
28.000
62.111
16.868
20.777
50.623
26.614
27.494
18.817
18.004
59.253
24.439
41.805
19.137
18.327
20.059
30.120
39.728
66.582
25.709
30.146
24.449
18.418
29.134
21.641
24.194
19.918
19.800
18.526
18.329
18.838
18.696
22.610
28.564
19.454
26.806
19.987
31.288
28.035
24.427
38.248
34.087
39.882
37.185
17.132
16.298
22.878
22.882
22.863
19.219
19.270
33.526
33.848
22.358
17.296
20.279
28.667
25.308
23.007
19.396
28.292
21.265
19.122
41.777
33.718
25.062
51.945
19.994
26.728
28.459
56.115
19.522
17.358
19.968
19.819
22.411
20.103
38.044
42.122
17.197
16.678
19.327
17.154
34.036
29.058
25.931
20.741
18.372
19.665
20.321
25.244
25.475
17.637
18.944
17.448
24.540
42.822
17.016
21.779
31.612
21.898
19.610
37.943
17.549
23.273
18.070
28.069
19.225
21.684
31.887
21.123
24.424
22.190
21.150
18.595
19.642
74.276
23.911
22.414
23.657
18.541
21.392
50.102
26.450
24.560
20.209
40.831
23.309
17.768
17.818
17.738
25.581
40.110
27.379
18.952
20.445
17.267
37.201
64.544
22.226
29.945
27.294
18.079
21.706
23.360
18.190
24.041
19.791
30.911
37.198
23.003
20.179
29.552
22.050
24.645
19.812
18.070
19.622
27.034
19.660
28.065
17.633
31.346
27.278
33.729
18.163
28.456
18.171
52.781
34.794
17.816
18.386
21.584
19.774
24.319
19.782
18.122
17.147
29.299
17.574
18.658
19.690
16.846
18.738
32.539
18.779
19.313
36.315
42.325
17.587
23.997
28.285
28.418
19.788
24.919
19.369
24.709
19.999
20.449
17.798
19.718
16.892
19.352
24.230
18.828
18.922
43.585
18.613
30.657
20.098
21.579
20.418
22.025
22.909
21.508
25.535
32.113
24.554
18.651
21.651
34.203
42.549
17.874
37.953
17.063
23.182
32.658
26.450
19.467
34.101
18.094
21.416
29.360
42.702
69.291
26.889
